0.263
0.270
0.271
0.271
0.273
0.263
0.263
0.272
0.272
0.273
0.264
0.264
0.263
0.276
0.252
0.252
0.178
0.178
0.208
0.273
0.280
0.280
0.269
0.274
0.274
0.292
0.292
0.300
0.251
0.288
0.288
0.278
0.278
0.182
0.188
0.188
0.233
0.272
0.270
0.270
0.278
0.278
0.300
0.300
0.293
0.274
0.291
0.263
0.263
0.241
0.241
0.263
0.253
0.239
0.239
0.254
0.272
0.254
0.254
0.250
0.269
0.247
0.247
0.276
0.251
0.266
0.266
0.259
0.259
0.255
0.266
0.263
0.263
0.266
0.266
0.280
0.280
0.282
0.291
0.291
0.297
0.297
0.275
0.284
0.284
0.290
0.290
0.301
0.301
0.275
0.275
0.267
0.267
0.255
0.255
0.267
0.229
0.277
0.277
0.259
0.259
0.263
0.247
0.263
0.263
0.243
0.243
0.250
0.279
0.228
0.236
0.251
0.254
0.257
0.300
0.271
0.278
0.278
0.279
0.283
0.284
0.230
0.260
0.260
0.258
0.245
0.253
0.253
0.241
0.252
0.281
0.281
0.277
0.216
0.216
0.216
0.210
0.266
0.270
0.270
0.282
0.282
0.266
0.288
0.265
0.265
0.265
0.282
0.299
0.299
0.300
0.300
0.252
0.252
0.235
0.282
0.270
0.270
0.242
0.242
0.287
0.278
0.272
0.272
0.270
0.270
0.279
0.263
0.263
0.275
0.286
0.293
0.274
0.274
0.283
0.281
0.310
0.310
0.310
0.285
0.285
0.299
0.300
0.300
0.259
0.249
0.249
0.255
0.256
0.262
0.234
0.211
0.211
0.197
0.246
0.239
0.239
0.250
0.233
0.233
0.233
0.224
0.229
0.244
0.241
0.269
0.269
0.256
0.278
0.269
0.253
0.253
0.249
0.244
0.244
0.251
0.251
0.277
0.249
0.249
0.263
0.258
0.269
0.266
0.266
0.246
0.263
0.246
0.246
0.267
0.258
0.258
0.210
0.242
0.224
0.220
0.249
0.324
0.334
0.335
0.365
0.365
0.363
0.376
0.301
0.281
0.281
0.273
0.300
0.300
0.347
0.329
0.300
0.300
0.299
0.287
0.295
0.295
0.244
0.286
0.286
0.287
0.308
0.310
0.310
0.310
0.309
0.315
0.315
0.295
0.299
0.293
0.285
0.298
0.298
0.281
0.286
0.288
0.288
0.286
0.297
0.266
0.266
0.263
0.291
0.289
0.289
0.299
0.291
0.287
0.287
0.267
0.267
0.310
0.288
0.293
0.293
0.284
0.282
0.271
0.271
0.286
0.286
0.278
0.191
0.191
0.187
0.238
0.243
0.276
0.276
0.276
0.279
0.279
0.301
0.298
0.264
0.280
0.280
0.277
0.284
0.284
0.280
0.280
0.301
0.301
0.311
0.311
0.334
0.346
0.340
0.340
0.320
0.346
0.335
0.335
0.335
0.342
0.317
0.317
0.323
0.344
0.321
0.321
0.335
0.342
0.343
0.343
0.343
0.289
0.300
0.300
0.331
0.326
0.320
0.328
0.328
0.315
0.326
0.334
0.313
0.313
0.329
0.329
0.329
0.296
0.331
0.310
0.329
0.329
0.318
0.342
0.295
0.295
0.328
0.295
0.307
0.307
0.310
0.310
0.312
0.309
0.321
0.263
0.263
0.271
0.255
0.247
0.277
0.277
0.299
0.276
0.285
0.293
0.293
0.308
0.318
0.324
0.324
0.298
0.316
0.306
0.306
0.306
0.310
0.315
0.315
0.320
0.311
0.273
0.273
0.247
0.287
0.263
0.263
0.261
0.261
0.297
0.251
0.255
0.255
0.272
0.268
0.264
0.264
0.259
0.259
0.293
0.278
0.278
0.284
0.296
0.328
0.226
0.226
0.247
0.289
0.289
0.324
0.324
0.343
0.340
0.324
0.324
0.344
0.341
0.333
0.333
0.328
0.290
0.217
0.272
0.316
0.316
0.299
0.299
0.323
0.323
0.301
0.298
0.298
0.211
0.305
0.294
0.309
0.309
0.234
0.229
0.310
0.251
0.286
0.286
0.303
0.284
0.289
0.289
0.280
0.276
0.315
0.315
0.259
0.303
0.281
0.289
0.298
0.298
0.243
0.309
0.309
0.275
0.289
0.337
0.312
0.312
0.306
0.337
0.272
0.331
0.331
0.323
0.314
0.312
0.325
0.325
0.301
0.289
0.289
0.330
0.317
0.289
0.314
0.322
0.322
0.328
0.299
0.331
0.331
0.288
0.332
0.307
0.307
0.300
0.296
0.303
0.303
0.294
0.306
0.308
0.308
0.298
0.292
0.281
0.281
0.288
0.286
0.308
0.308
0.277
0.277
0.309
0.311
0.321
0.321
0.302
0.310
0.341
0.341
0.304
0.304
0.307
0.316
0.316
0.311
0.311
0.326
0.295
0.286
0.286
0.302
0.282
0.313
0.313
0.327
0.322
0.304
0.304
0.292
0.291
0.322
0.322
0.286
0.286
0.300
0.296
0.287
0.287
0.299
0.299
0.320
0.295
0.296
0.248
0.211
0.211
0.266
0.308
0.299
0.299
0.273
0.305
0.307
0.307
0.304
0.332
0.322
0.322
0.316
0.314
0.303
0.303
0.331
0.331
0.314
0.246
0.246
0.215
0.215
0.203
0.267
0.267
0.262
0.261
0.261
0.241
0.246
0.184
0.266
0.266
0.266
0.266
0.276
0.293
0.253
0.228
0.243
0.243
0.234
0.245
0.277
0.277
0.242
0.247
0.203
0.203
0.240
0.234
0.241
0.203
0.203
0.211
0.220
0.219
0.219
0.233
0.222
0.222
0.265
0.265
0.247
0.263
0.263
0.247
0.258
0.299
0.268
0.268
0.284
0.289
0.289
0.261
0.270
0.273
0.273
0.263
0.263
0.268
0.268
0.289
0.289
0.284
0.275
0.276
0.276
0.302
0.269
0.318
0.318
0.283
0.302
0.249
0.276
0.237
0.237
0.250
0.287
0.281
0.247
0.247
0.282
0.267
0.285
0.285
0.258
0.306
0.321
0.321
0.303
0.262
0.322
0.322
0.279
0.279
0.295
0.272
0.294
0.294
0.306
0.306
0.275
0.284
0.284
0.280
0.291
0.328
0.322
0.331
0.331
0.357
0.327
0.327
0.348
0.313
0.294
0.338
0.294
0.283
0.283
0.302
0.310
0.272
0.272
0.297
0.326
0.307
0.308
0.308
0.342
0.316
0.316
0.268
0.267
0.256
0.282
0.282
0.294
0.304
0.265
0.280
0.280
0.274
0.283
0.283
0.266
0.292
0.280
0.283
0.283
0.284
0.285
0.343
0.355
0.355
0.305
0.323
0.328
0.328
0.327
0.346
0.363
0.363
0.365
0.344
0.365
0.365
0.339
0.281
0.278
0.278
0.265
0.276
0.275
0.275
0.319
0.317
0.323
0.323
0.320
0.334
0.320
0.320
0.310
0.324
0.324
0.324
0.327
0.321
0.329
0.275
0.280
0.280
0.294
0.315
0.315
0.315
0.328
0.303
0.318
0.318
0.309
0.305
0.295
0.295
0.316
0.317
0.239
0.230
0.261
0.261
0.251
0.251
0.295
0.299
0.299
0.324
0.287
0.293
0.293
0.292
0.279
0.283
0.283
0.271
0.283
0.270
0.287
0.281
0.281
0.284
0.319
0.319
0.295
0.275
0.271
0.323
0.319
0.337
0.331
0.287
0.297
0.297
0.288
0.330
0.307
0.307
0.309
0.314
0.343
0.294
0.294
0.270
0.276
0.313
0.313
0.291
0.264
0.245
0.245
0.260
0.233
0.240
0.232
0.239
0.239
0.260
0.260
0.263
0.263
0.260
0.257
0.256
0.256
0.260
0.244
0.291
0.291
0.259
0.271
0.271
0.271
0.278
0.284
0.265
0.269
0.231
0.231
0.284
0.297
0.263
0.317
0.317
0.282
0.260
0.283
0.284
0.259
0.259
0.231
0.231
0.276
0.276
0.284
0.282
0.298
0.298
0.309
0.309
0.320
0.320
0.344
0.303
0.316
0.316
0.305
0.316
0.308
0.308
0.290
0.276
0.284
0.284
0.272
0.310
0.303
0.303
0.295
0.270
0.295
0.295
0.303
0.303
0.290
0.286
0.257
0.257
0.259
0.308
0.282
0.282
0.276
0.316
0.296
0.296
0.309
0.296
0.290
0.297
0.293
0.293
0.285
0.295
0.295
0.303
0.303
0.309
0.288
0.319
0.319
0.310
0.312
0.303
0.303
0.306
0.310
0.302
0.302
0.310
0.312
0.295
0.311
0.316
0.316
0.300
0.303
0.306
0.306
0.300
0.304
0.282
0.321
0.321
0.321
0.300
0.306
0.320
0.320
0.294
0.308
0.294
0.294
0.270
0.270
0.289
0.300
0.300
0.322
0.322
0.301
0.305
0.305
0.308
0.317
0.317
0.325
0.327
0.339
0.309
0.309
0.318
0.305
0.325
0.314
0.314
0.275
0.325
0.304
0.304
0.293
0.321
0.319
0.300
0.305
0.305
0.283
0.292
0.288
0.288
0.289
0.294
0.300
0.274
0.270
0.270
0.286
0.281
0.300
0.300
0.275
0.293
0.306
0.306
0.323
0.316
0.337
0.337
0.306
0.301
0.301
0.337
0.300
0.300
0.313
0.313
0.313
0.328
0.328
0.305
0.326
0.292
0.317
0.317
0.315
0.322
0.309
0.327
0.327
0.338
0.306
0.339
0.301
0.301
0.338
0.300
0.300
0.271
0.271
0.302
0.335
0.301
0.301
0.309
0.315
0.314
0.314
0.339
0.314
0.321
0.321
0.315
0.315
0.276
0.339
0.327
0.327
0.326
0.324
0.340
0.321
0.321
0.308
0.338
0.338
0.338
0.339
0.321
0.306
0.306
0.309
0.314
0.321
0.302
0.302
0.301
0.328
0.325
0.325
0.314
0.314
0.314
0.293
0.307
0.307
0.314
0.314
0.314
0.339
0.289
0.314
0.320
0.326
0.326
0.302
0.295
0.289
0.289
0.288
0.295
0.303
0.303
0.303
0.303
0.323
0.301
0.289
0.289
0.318
0.329
0.300
0.319
0.319
0.331
0.321
0.301
0.301
0.319
0.352
0.310
0.310
0.310
0.301
0.313
0.313
0.339
0.307
0.339
0.314
0.314
0.313
0.296
0.315
0.301
0.301
0.309
0.300
0.300
0.300
0.286
0.315
0.315
0.315
0.303
0.288
0.294
0.315
0.307
0.307
0.314
0.314
0.313
0.313
0.299
0.314
0.294
0.294
0.319
0.302
0.314
0.309
0.302
0.302
0.286
0.307
0.307
0.332
0.306
0.330
0.307
0.307
0.306
0.327
0.315
0.315
0.317
0.319
0.306
0.306
0.226
0.270
0.302
0.302
0.300
0.300
0.287
0.314
0.314
0.287
0.284
0.301
0.301
0.301
0.265
0.288
0.294
0.289
0.289
0.288
0.289
0.302
0.302
0.269
0.302
0.306
0.306
0.294
0.302
0.326
0.326
0.291
0.301
0.313
0.313
0.300
0.315
0.297
0.297
0.306
0.306
0.315
0.289
0.302
0.302
0.277
0.277
0.295
0.277
0.276
0.289
0.328
0.328
0.294
0.277
0.262
0.262
0.287
0.274
0.270
0.270
0.287
0.302
0.328
0.328
0.274
0.277
0.252
0.301
0.269
0.269
0.307
0.306
0.276
0.276
0.302
0.290
0.315
0.347
0.347
0.288
0.300
0.313
0.313
0.327
0.327
0.309
0.313
0.313
0.286
0.286
0.327
0.308
0.313
0.313
0.287
0.314
0.314
0.314
0.313
0.300
0.329
0.329
0.314
0.326
0.326
0.288
0.307
0.288
0.315
0.315
0.325
0.301
0.327
0.300
0.300
0.314
0.305
0.308
0.301
0.301
0.300
0.302
0.302
0.313
0.306
0.289
0.317
0.317
0.299
0.306
0.306
0.301
0.301
0.300
0.325
0.302
0.302
0.338
0.324
0.289
0.289
0.313
0.302
0.318
0.301
0.287
0.287
0.293
0.303
0.313
0.313
0.289
0.300
0.313
0.313
0.301
0.287
0.288
0.288
0.314
0.276
0.313
0.313
0.301
0.294
0.264
0.264
0.315
0.317
0.277
0.277
0.314
0.285
0.277
0.277
0.275
0.288
0.313
0.313
0.287
0.287
0.267
0.290
0.290
0.290
0.301
0.301
0.307
0.307
0.274
0.265
0.294
0.294
0.278
0.291
0.313
0.326
0.317
0.317
0.264
0.302
0.302
0.300
0.295
0.279
0.299
0.299
0.285
0.290
0.290
0.277
0.302
0.282
0.288
0.288
0.310
0.276
0.289
0.289
0.301
0.296
0.290
0.284
0.284
0.289
0.289
0.281
0.281
0.300
0.300
0.295
0.295
0.302
0.314
0.314
0.314
0.317
0.287
0.309
0.309
0.309
0.282
0.269
0.269
0.276
0.282
0.289
0.282
0.275
0.275
0.287
0.294
0.276
0.276
0.281
0.300
0.301
0.301
0.339
0.314
0.277
0.301
0.326
0.326
0.326
0.289
0.301
0.301
0.314
0.313
0.278
0.285
0.285
0.258
0.277
0.277
0.289
0.289
0.290
0.290
0.299
0.302
0.302
0.318
0.313
0.300
0.331
0.331
0.339
0.302
0.314
0.288
0.288
0.347
0.282
0.327
0.278
0.278
0.297
0.295
0.295
0.297
0.302
0.283
0.288
0.288
0.254
0.264
0.264
0.310
0.310
0.308
0.308
0.308
0.289
0.330
0.303
0.303
0.291
0.284
0.257
0.268
0.293
0.293
0.290
0.303
0.306
0.290
0.290
0.321
0.264
0.303
0.303
0.291
0.310
0.298
0.298
0.282
0.278
0.258
0.273
0.270
0.270
0.291
0.279
0.251
0.251
0.254
0.237
0.250
0.250
0.245
0.253
0.253
0.266
0.256
0.263
0.258
0.258
0.261
0.279
0.292
0.292
0.296
0.320
0.257
0.257
0.277
0.291
0.290
0.290
0.284
0.283
0.292
0.279
0.285
0.285
0.291
0.283
0.283
0.294
0.295
0.289
0.283
0.283
0.304
0.283
0.283
0.264
0.264
0.258
0.285
0.271
0.271
0.270
0.269
0.264
0.291
0.270
0.270
0.275
0.263
0.255
0.255
0.276
0.245
0.296
0.296
0.284
0.283
0.284
0.284
0.269
0.271
0.296
0.296
0.276
0.279
0.270
0.270
0.252
0.289
0.314
0.314
0.282
0.308
0.307
0.307
0.277
0.302
0.284
0.277
0.277
0.317
0.313
0.289
0.296
0.296
0.305
0.276
0.304
0.304
0.317
0.284
0.301
0.290
0.277
0.277
0.279
0.289
0.289
0.276
0.289
0.277
0.296
0.296
0.291
0.276
0.276
0.308
0.308
0.290
0.308
0.316
0.316
0.309
0.284
0.300
0.300
0.283
0.283
0.289
0.289
0.320
0.277
0.317
0.317
0.317
0.308
0.321
0.321
0.296
0.321
0.300
0.300
0.327
0.308
0.290
0.290
0.277
0.277
0.279
0.271
0.263
0.263
0.305
0.286
0.314
0.314
0.301
0.314
0.321
0.323
0.323
0.317
0.315
0.278
0.300
0.300
0.309
0.296
0.321
0.314
0.314
0.330
0.294
0.301
0.323
0.323
0.321
0.335
0.335
0.289
0.321
0.301
0.290
0.289
0.289
0.308
0.301
0.309
0.309
0.296
0.304
0.296
0.296
0.275
0.317
0.278
0.278
0.306
0.331
0.277
0.330
0.295
0.295
0.304
0.271
0.316
0.316
0.289
0.281
0.302
0.296
0.296
0.301
0.284
0.300
0.300
0.300
0.262
0.321
0.276
0.276
0.303
0.277
0.277
0.279
0.304
0.291
0.278
0.278
0.289
0.276
0.276
0.289
0.277
0.276
0.285
0.285
0.288
0.288
0.288
0.297
0.301
0.301
0.312
0.312
0.311
0.313
0.299
0.299
0.320
0.324
0.309
0.313
0.317
0.317
0.314
0.322
0.322
0.326
0.276
0.326
0.335
0.300
0.300
0.314
0.313
0.312
0.312
0.304
0.301
0.300
0.300
0.312
0.339
0.284
0.284
0.289
0.288
0.300
0.300
0.297
0.288
0.282
0.282
0.275
0.297
0.298
0.298
0.300
0.317
0.300
0.300
0.300
0.302
0.302
0.302
0.313
0.313
0.288
0.323
0.301
0.301
0.304
0.314
0.301
0.313
0.296
0.300
0.300
0.308
0.296
0.300
0.300
0.317
0.294
0.301
0.301
0.300
0.289
0.321
0.321
0.308
0.303
0.302
0.301
0.300
0.300
0.309
0.290
0.295
0.295
0.278
0.276
0.281
0.281
0.284
0.309
0.289
0.289
0.301
0.309
0.301
0.303
0.308
0.308
0.289
0.303
0.316
0.316
0.303
0.303
0.324
0.324
0.303
0.321
0.321
0.309
0.297
0.301
0.292
0.292
0.305
0.293
0.288
0.288
0.309
0.277
0.304
0.304
0.303
0.312
0.325
0.325
0.300
0.317
0.314
0.314
0.345
0.345
0.335
0.300
0.300
0.343
0.296
0.293
0.297
0.297
0.317
0.349
0.349
0.297
0.324
0.288
0.308
0.308
0.308
0.334
0.326
0.326
0.321
0.310
0.335
0.314
0.314
0.321
0.334
0.330
0.330
0.313
0.314
0.326
0.326
0.301
0.326
0.313
0.313
0.324
0.328
0.325
0.325
0.300
0.321
0.306
0.314
0.314
0.343
0.330
0.313
0.280
0.280
0.300
0.322
0.325
0.325
0.326
0.325
0.301
0.301
0.309
0.309
0.288
0.288
0.317
0.317
0.316
0.343
0.300
0.300
0.313
0.353
0.324
0.324
0.288
0.301
0.336
0.336
0.341
0.309
0.328
0.328
0.325
0.326
0.300
0.300
0.303
0.322
0.308
0.308
0.288
0.297
0.316
0.316
0.330
0.322
0.301
0.336
0.308
0.308
0.277
0.322
0.322
0.336
0.343
0.283
0.313
0.313
0.322
0.343
0.343
0.320
0.313
0.322
0.326
0.326
0.330
0.311
0.300
0.300
0.316
0.333
0.300
0.316
0.304
0.304
0.300
0.313
0.313
0.301
0.346
0.316
0.316
0.302
0.290
0.293
0.293
0.337
0.313
0.326
0.326
0.308
0.300
0.300
0.300
0.300
0.296
0.316
0.316
0.300
0.300
0.304
0.305
0.300
0.300
0.347
0.289
0.321
0.321
0.314
0.314
0.285
0.285
0.277
0.296
0.304
0.304
0.312
0.338
0.347
0.347
0.324
0.314
0.309
0.337
0.309
0.309
0.349
0.349
0.300
0.300
0.300
0.316
0.308
0.308
0.308
0.311
0.308
0.308
0.315
0.296
0.301
0.316
0.316
0.301
0.300
0.308
0.319
0.319
0.289
0.302
0.302
0.289
0.288
0.312
0.300
0.316
0.316
0.287
0.313
0.283
0.283
0.303
0.303
0.308
0.314
0.328
0.328
0.342
0.288
0.321
0.321
0.333
0.338
0.325
0.325
0.301
0.315
0.289
0.326
0.326
0.326
0.325
0.312
0.342
0.342
0.333
0.321
0.322
0.322
0.300
0.336
0.324
0.324
0.332
0.337
0.316
0.297
0.312
0.312
0.313
0.337
0.337
0.316
0.301
0.326
0.313
0.313
0.299
0.299
0.308
0.300
0.293
0.335
0.335
0.311
0.309
0.308
0.337
0.337
0.301
0.300
0.321
0.300
0.300
0.300
0.300
0.300
0.300
0.300
0.319
0.302
0.302
0.322
0.303
0.301
0.301
0.296
0.323
0.309
0.309
0.338
0.333
0.312
0.316
0.316
0.329
0.300
0.300
0.308
0.301
0.344
0.299
0.299
0.304
0.301
0.301
0.340
0.340
0.324
0.324
0.301
0.311
0.309
0.309
0.300
0.288
0.312
0.308
0.299
0.299
0.308
0.304
0.300
0.300
0.311
0.300
0.300
0.300
0.326
0.301
0.303
0.303
0.307
0.313
0.300
0.300
0.330
0.325
0.316
0.316
0.288
0.325
0.300
0.300
0.295
0.300
0.320
0.320
0.296
0.303
0.304
0.316
0.300
0.300
0.295
0.292
0.311
0.311
0.327
0.309
0.326
0.326
0.315
0.315
0.311
0.309
0.304
0.304
0.289
0.276
0.276
0.317
0.330
0.308
0.335
0.335
0.322
0.301
0.301
0.313
0.313
0.326
0.313
0.313
0.328
0.301
0.303
0.303
0.326
0.301
0.342
0.338
0.328
0.328
0.279
0.321
0.321
0.325
0.322
0.322
0.297
0.297
0.350
0.321
0.316
0.353
0.353
0.345
0.316
0.300
0.300
0.318
0.304
0.300
0.300
0.289
0.300
0.303
0.337
0.301
0.270
0.270
0.289
0.288
0.313
0.294
0.294
0.301
0.309
0.309
0.321
0.326
0.300
0.325
0.314
0.314
0.326
0.312
0.325
0.325
0.325
0.301
0.335
0.287
0.287
0.312
0.301
0.282
0.337
0.337
0.335
0.312
0.280
0.280
0.312
0.307
0.296
0.296
0.317
0.308
0.333
0.333
0.334
0.312
0.311
0.311
0.316
0.314
0.308
0.308
0.322
0.321
0.321
0.321
0.314
0.321
0.284
0.284
0.328
0.278
0.326
0.326
0.316
0.325
0.313
0.313
0.324
0.313
0.303
0.346
0.293
0.293
0.303
0.315
0.301
0.301
0.303
0.293
0.322
0.315
0.315
0.329
0.317
0.311
0.313
0.313
0.338
0.313
0.313
0.309
0.308
0.288
0.288
0.322
0.341
0.288
0.308
0.308
0.314
0.289
0.289
0.337
0.338
0.326
0.329
0.329
0.305
0.251
0.251
0.288
0.288
0.297
0.310
0.310
0.300
0.325
0.295
0.301
0.301
0.321
0.325
0.312
0.324
0.324
0.321
0.319
0.319
0.312
0.337
0.325
0.300
0.302
0.302
0.312
0.312
0.334
0.295
0.308
0.303
0.324
0.324
0.323
0.343
0.313
0.313
0.300
0.342
0.322
0.322
0.300
0.325
0.311
0.311
0.320
0.308
0.303
0.303
0.300
0.300
0.316
0.300
0.317
0.317
0.300
0.295
0.275
0.275
0.316
0.270
0.291
0.291
0.293
0.300
0.276
0.276
0.291
0.276
0.312
0.312
0.316
0.291
0.300
0.300
0.307
0.320
0.301
0.309
0.309
0.324
0.316
0.308
0.311
0.311
0.316
0.311
0.303
0.303
0.313
0.283
0.300
0.303
0.303
0.289
0.300
0.300
0.315
0.320
0.320
0.334
0.334
0.338
0.338
0.299
0.299
0.328
0.308
0.361
0.361
0.313
0.349
0.320
0.355
0.355
0.340
0.328
0.328
0.320
0.320
0.313
0.325
0.312
0.312
0.308
0.316
0.330
0.330
0.348
0.325
0.321
0.324
0.324
0.324
0.351
0.336
0.314
0.314
0.314
0.314
0.336
0.262
0.262
0.267
0.288
0.314
0.300
0.300
0.300
0.338
0.338
0.316
0.297
0.315
0.325
0.308
0.308
0.325
0.334
0.308
0.308
0.336
0.314
0.316
0.316
0.313
0.303
0.300
0.300
0.300
0.317
0.327
0.327
0.301
0.316
0.308
0.308
0.316
0.313
0.293
0.293
0.337
0.338
0.300
0.300
0.308
0.301
0.301
0.301
0.341
0.350
0.276
0.276
0.326
0.341
0.341
0.313
0.288
0.301
0.341
0.341
0.341
0.326
0.293
0.291
0.291
0.313
0.302
0.293
0.300
0.300
0.294
0.303
0.303
0.305
0.308
0.315
0.325
0.325
0.308
0.291
0.291
0.283
0.283
0.328
0.303
0.298
0.298
0.309
0.313
0.309
0.309
0.265
0.283
0.287
0.287
0.277
0.321
0.294
0.294
0.295
0.290
0.277
0.251
0.276
0.276
0.304
0.240
0.267
0.267
0.251
0.288
0.256
0.256
0.261
0.290
0.264
0.264
0.298
0.271
0.265
0.265
0.257
0.283
0.277
0.277
0.283
0.290
0.292
0.250
0.303
0.303
0.294
0.294
0.318
0.288
0.291
0.291
0.285
0.304
0.298
0.283
0.288
0.288
0.301
0.281
0.306
0.290
0.291
0.291
0.303
0.343
0.294
0.308
0.277
0.317
0.317
0.304
0.301
0.277
0.277
0.277
0.297
0.298
0.298
0.287
0.300
0.288
0.288
0.284
0.283
0.286
0.309
0.285
0.285
0.274
0.303
0.303
0.276
0.276
0.304
0.270
0.243
0.243
0.290
0.281
0.256
0.256
0.295
0.295
0.296
0.296
0.279
0.259
0.238
0.238
0.205
0.300
0.269
0.269
0.261
0.271
0.240
0.240
0.272
0.285
0.266
0.266
0.284
0.271
0.225
0.225
0.266
0.252
0.261
0.261
0.249
0.262
0.257
0.223
0.223
0.253
0.266
0.266
0.246
0.246
0.255
0.210
0.201
0.201
0.225
0.234
0.242
0.242
0.225
0.223
0.239
0.239
0.248
0.259
0.268
0.268
0.285
0.280
0.240
0.248
0.259
0.259
0.238
0.256
0.285
0.285
0.251
0.251
0.255
0.278
0.236
0.236
0.230
0.246
0.221
0.221
0.256
0.255
0.237
0.232
0.218
0.218
0.256
0.238
0.247
0.247
0.227
0.226
0.222
0.222
0.201
0.219
0.223
0.235
0.251
0.251
0.251
0.282
0.282
0.242
0.216
0.264
0.247
0.237
0.237
0.213
0.247
0.226
0.226
0.242
0.274
0.260
0.268
0.251
0.251
0.268
0.248
0.260
0.260
0.268
0.250
0.252
0.252
0.246
0.246
0.255
0.269
0.259
0.268
0.281
0.281
0.290
0.310
0.272
0.272
0.310
0.309
0.323
0.323
0.322
0.304
0.304
0.276
0.294
0.294
0.297
0.297
0.293
0.204
0.187
0.187
0.259
0.271
0.297
0.297
0.302
0.290
0.290
0.298
0.187
0.198
0.288
0.273
0.273
0.274
0.274
0.297
0.292
0.290
0.290
0.308
0.284
0.209
0.209
0.225
0.251
0.249
0.249
0.282
0.286
0.317
0.317
0.282
0.294
0.287
0.324
0.324
0.288
0.295
0.292
0.304
0.304
0.304
0.312
0.312
0.321
0.329
0.304
0.322
0.322
0.325
0.292
0.294
0.294
0.198
0.257
0.266
0.266
0.287
0.294
0.293
0.293
0.268
0.280
0.280
0.303
0.300
0.300
0.302
0.302
0.188
0.192
0.215
0.215
0.251
0.260
0.260
0.268
0.264
0.269
0.269
0.289
0.289
0.297
0.262
0.187
0.187
0.214
0.214
0.221
0.285
0.272
0.280
0.280
0.280
0.280
0.272
0.279
0.279
0.289
0.308
0.308
0.285
0.226
0.247
0.247
0.204
0.204
0.221
0.248
0.248
0.283
0.260
0.287
0.287
0.279
0.279
0.280
0.264
0.272
0.272
0.246
0.246
0.238
0.222
0.223
0.235
0.235
0.227
0.227
