x
x
x
x
x
0.283
0.283
0.285
0.270
0.277
0.255
0.259
0.257
0.241
0.253
0.254
0.274
0.272
0.284
0.262
0.273
0.281
0.281
0.273
x
x
x
x
x
x
x
x
x
x
x
x
x
x
x
x
x
x
x
x
x
0.277
x
x
x
x
x
x
0.266
0.273
0.246
0.271
0.257
0.272
x
0.265
x
x
x
x
x
x
x
x
0.269
x
x
x
x
0.261
x
x
x
x
x
0.245
0.278
x
0.253
0.249
x
0.266
x
x
x
0.279
0.261
0.294
0.281
0.275
0.291
0.273
0.266
0.269
0.289
0.288
0.277
0.267
0.265
0.289
0.257
0.284
0.264
0.267
0.252
0.256
0.241
0.250
0.236
x
0.246
0.251
0.277
0.286
0.286
0.269
0.284
0.281
0.277
0.225
0.228
0.238
0.226
0.224
0.245
0.240
0.255
0.245
0.242
0.241
0.235
0.246
0.258
0.234
0.259
0.276
0.251
0.274
0.274
0.263
0.276
0.273
0.282
0.285
0.297
0.277
0.286
0.269
0.294
0.289
0.245
* 0.197
0.203
0.212
0.212
0.197
0.198
0.193
0.213
0.244
0.240
0.264
0.262
0.268
0.271
0.276
x
x
0.279
0.271
0.261
0.260
0.274
0.277
0.257
0.276
0.276
0.263
0.266
0.260
0.255
0.269
0.269
0.265
0.258
0.261
0.264
0.270
0.277
0.276
0.268
0.287
0.257
0.275
0.253
0.269
0.248
0.273
0.262
0.272
0.264
0.291
0.259
0.260
0.265
0.274
0.272
0.268
0.270
0.275
0.298
0.285
0.276
0.265
0.284
0.267
0.238
0.254
0.253
0.249
0.245
0.243
0.249
0.245
0.249
0.259
0.275
0.262
0.268
0.268
0.258
0.261
0.267
0.277
0.262
0.264
0.274
0.261
0.255
0.259
0.248
0.257
0.274
0.278
0.297
0.281
0.287
0.285
0.286
0.298
0.277
0.288
0.290
0.298
0.288
0.263
x
x
* 0.198
0.212
0.231
0.214
0.242
0.231
0.252
0.239
0.235
0.263
0.279
0.269
0.281
0.267
0.288
0.274
0.271
0.278
0.267
0.259
0.252
* 0.201
0.177
x
0.227
0.227
0.217
0.234
0.225
0.223
0.243
0.243
0.237
0.223
0.227
0.258
0.229
0.242
0.255
0.234
0.239
0.213
0.256
0.244
0.268
0.297
0.273
0.261
0.262
0.217
0.230
0.207
0.208
0.226
0.241
0.238
0.253
0.251
0.265
0.275
0.277
0.264
0.254
0.278
0.266
0.277
0.264
0.296
0.268
0.252
0.256
0.287
0.260
0.267
0.248
0.270
0.277
0.276
0.286
0.298
0.286
0.285
0.282
0.280
0.280
0.290
0.278
0.281
0.283
0.286
0.278
0.285
0.286
0.300
0.264
0.285
0.291
0.283
0.297
0.285
0.269
0.290
0.290
0.272
0.259
0.273
0.265
0.245
0.253
0.240
0.259
0.267
0.257
0.257
0.265
0.261
0.283
0.267
0.265
0.256
0.251
0.268
0.250
0.246
0.247
0.254
0.252
0.267
0.270
0.263
0.283
0.285
0.275
0.288
0.270
0.279
0.272
0.277
0.275
0.273
0.281
0.265
0.242
0.254
0.260
0.247
0.259
0.230
0.261
0.250
0.246
0.261
0.253
0.252
0.252
0.254
0.248
0.261
0.248
0.253
0.263
0.239
0.254
0.256
0.265
0.247
0.249
0.283
0.272
0.266
0.262
0.260
0.257
0.291
0.293
0.280
0.282
0.259
0.271
0.263
0.267
0.266
0.259
0.256
0.243
0.264
0.258
0.241
0.261
0.262
0.249
0.255
0.261
0.234
0.263
0.247
0.245
0.247
0.247
0.249
0.235
0.242
0.242
0.248
0.251
0.265
0.243
0.252
0.251
0.255
0.255
0.263
0.276
0.267
0.257
0.251
0.283
0.260
0.261
0.284
0.293
0.279
0.289
0.269
0.271
0.273
0.270
0.243
0.259
0.261
0.272
0.262
0.246
0.255
0.259
0.244
0.279
0.279
0.266
0.282
0.279
0.277
0.285
0.271
0.287
0.269
0.286
0.265
0.269
0.257
0.272
0.251
0.276
0.275
0.276
0.275
0.282
0.282
0.269
0.275
0.287
0.283
0.288
0.296
0.295
0.286
0.295
0.291
0.282
0.297
0.277
0.282
0.282
0.282
0.283
0.292
0.267
0.271
0.269
0.264
0.264
0.275
0.262
0.280
0.274
0.263
0.265
0.264
0.277
0.277
0.278
0.275
0.273
0.266
0.263
0.279
0.267
0.278
0.280
0.283
0.269
0.274
0.277
0.277
0.282
0.270
0.261
0.265
0.283
0.277
0.279
0.290
0.279
0.267
0.286
0.292
0.295
0.273
0.296
0.286
0.290
0.294
0.277
0.286
0.281
0.274
0.266
0.281
0.260
0.280
0.284
0.275
0.280
0.273
0.281
* 0.214
0.224
0.243
0.264
0.268
0.280
0.275
0.277
0.286
0.253
0.258
0.272
0.267
0.266
0.259
0.262
0.267
0.266
0.283
0.290
0.275
0.277
0.274
0.275
0.273
0.285
0.292
0.276
0.267
0.274
0.275
0.287
0.254
0.292
0.252
0.269
0.257
0.259
0.262
0.268
0.269
0.272
0.273
0.273
0.276
0.272
0.269
0.242
0.255
0.259
0.254
0.264
0.278
0.266
0.261
0.267
0.268
0.266
0.262
0.256
0.269
0.278
0.262
0.263
0.270
0.263
0.271
0.270
0.274
0.269
0.266
0.277
0.274
0.271
0.274
0.284
0.271
0.269
0.263
0.265
0.262
0.259
0.254
0.255
0.261
0.260
0.254
0.251
0.253
0.256
0.244
0.258
0.255
0.252
0.258
0.265
0.251
0.248
0.249
0.259
0.261
0.254
0.267
0.260
0.269
0.269
0.274
0.265
0.275
0.272
0.276
0.261
0.277
0.262
0.269
0.270
0.268
0.253
0.267
0.286
0.278
0.284
0.267
0.286
0.261
0.272
0.277
0.275
0.266
0.275
0.270
0.272
0.272
0.266
0.277
0.269
0.271
0.268
0.301
0.295
0.292
0.281
0.284
0.263
0.270
0.266
0.282
0.265
0.262
0.274
0.267
0.284
0.272
0.276
0.258
0.261
0.251
0.253
0.274
0.258
0.268
0.273
0.265
0.267
0.251
0.262
0.260
0.263
0.259
0.253
0.289
0.263
0.282
0.271
0.288
0.298
0.287
0.276
0.280
0.266
0.272
0.270
0.278
0.284
0.256
0.262
0.257
0.262
0.259
0.271
0.265
0.267
0.259
0.251
0.255
0.253
0.257
0.243
0.261
0.258
0.245
0.244
0.262
0.257
0.266
0.259
0.257
0.264
0.276
0.266
0.265
0.263
0.274
0.264
0.269
0.262
0.264
0.240
0.247
0.253
0.248
0.257
0.253
0.254
0.248
0.253
0.233
0.247
0.238
0.257
0.258
0.244
0.262
0.273
0.247
0.265
0.250
0.257
0.251
0.271
0.249
0.264
0.252
0.253
0.258
0.259
0.253
0.272
0.268
0.281
0.242
0.274
0.267
0.264
0.276
0.270
0.262
0.261
0.250
0.266
0.287
0.273
0.272
0.257
0.240
0.250
0.269
0.271
0.282
0.276
0.266
0.268
0.252
0.259
0.264
0.275
0.268
0.276
0.288
0.270
0.269
0.281
0.267
0.253
0.258
0.269
0.265
0.264
0.261
0.265
0.237
0.240
0.242
0.248
0.232
0.200
0.195
0.188
0.161
0.192
0.220
0.246
0.249
0.239
0.264
0.263
0.255
0.244
0.251
0.249
0.253
0.241
0.254
0.253
0.263
0.251
0.252
0.263
0.262
0.241
0.247
0.248
0.238
0.248
0.261
0.250
0.255
0.263
0.246
0.257
0.261
0.244
0.250
0.247
0.249
0.258
0.257
0.266
0.259
0.258
0.254
0.260
0.257
0.244
0.246
0.251
0.246
0.231
0.253
0.246
0.231
0.251
0.230
0.262
0.255
0.250
0.255
0.245
0.264
0.272
0.266
0.258
0.274
0.264
0.266
0.246
0.250
0.250
0.246
0.235
0.258
0.253
0.252
0.255
0.258
0.241
0.258
0.257
0.253
0.268
0.270
0.266
0.240
* 0.187
0.207
0.183
0.202
0.205
0.209
0.234
0.252
0.245
0.273
0.252
0.246
0.245
0.254
0.252
0.239
0.263
0.241
0.263
0.258
0.264
0.271
0.254
0.266
0.262
0.254
0.261
0.246
0.262
0.256
0.255
0.257
0.259
0.278
0.254
0.259
0.257
0.265
0.258
0.262
0.258
0.269
0.270
0.247
0.272
0.284
0.232
0.225
0.246
0.236
0.240
0.248
0.218
0.182
0.184
0.199
0.249
0.260
0.260
0.251
0.255
0.255
0.255
0.250
0.271
0.258
0.260
0.274
0.249
0.267
0.259
0.245
0.256
0.252
0.262
0.236
0.266
0.280
0.274
0.289
0.272
0.289
0.284
0.283
0.288
0.298
0.281
0.285
0.290
0.259
0.275
0.280
0.280
0.284
0.291
0.272
0.286
0.279
0.281
0.283
0.290
0.298
0.274
0.278
0.265
0.273
0.262
0.266
0.271
0.279
0.271
0.271
0.278
0.284
0.301
0.271
0.281
0.274
0.270
0.275
0.293
0.273
0.283
0.284
0.280
0.287
0.291
0.302
0.282
0.273
0.279
0.296
0.294
0.274
0.291
0.289
0.299
0.292
0.286
0.279
0.284
0.274
0.291
0.294
0.290
0.290
0.287
0.305
0.297
0.292
0.281
0.290
0.288
0.279
0.282
0.287
0.287
0.276
0.281
0.292
0.299
0.289
0.289
0.273
0.277
0.266
0.277
0.274
0.269
0.289
0.269
0.278
0.266
0.272
0.273
0.275
0.277
0.266
0.230
* 0.202
0.204
0.208
0.198
0.224
0.248
0.235
0.232
0.231
0.245
0.241
0.245
0.265
0.250
0.257
0.265
0.282
0.236
0.239
0.249
0.247
0.245
0.246
0.272
0.261
0.254
0.251
0.248
0.263
0.256
0.256
0.257
0.249
0.265
0.243
0.261
0.269
0.261
0.264
0.271
0.270
0.265
0.271
0.266
0.267
0.280
0.260
0.289
0.295
0.294
0.299
0.288
0.292
0.272
0.265
0.278
0.297
0.334
0.288
* 0.221
0.302
0.309
0.302
0.304
0.313
0.312
0.307
0.322
0.319
0.293
0.293
0.275
0.261
0.269
0.278
0.289
0.317
0.313
0.312
0.315
0.304
0.295
0.312
0.309
0.303
0.295
0.294
0.282
0.280
0.263
0.268
0.290
0.258
0.261
0.269
0.265
0.265
0.251
0.256
0.260
0.250
0.254
0.266
0.259
0.267
0.298
0.279
0.289
0.295
0.272
0.303
0.295
0.299
0.297
0.298
0.312
0.319
0.293
0.305
0.306
0.285
0.291
0.299
* 0.208
0.205
0.198
0.210
0.194
0.206
0.190
0.195
0.195
0.167
0.212
0.234
0.256
0.257
0.257
0.260
0.255
0.283
0.269
0.266
0.272
0.260
0.266
0.268
0.260
0.271
0.248
0.264
0.260
0.241
0.241
0.255
0.255
0.267
0.246
0.255
0.250
0.251
0.243
0.263
0.279
0.267
0.273
0.287
0.282
0.256
0.279
0.277
0.270
0.260
0.255
0.248
0.255
0.267
0.252
0.247
0.267
0.263
0.248
0.239
0.231
x
x
x
x
x
x
x
x
x
x
x
x
x
x
x
x
x
x
x
x
x
0.273
0.262
0.239
0.278
0.275
0.268
0.244
0.240
0.242
0.221
0.214
0.214
0.177
0.179
0.175
0.214
0.222
x
0.273
0.267
0.260
x
0.229
0.236
0.243
0.249
0.237
0.255
0.268
0.299
0.301
0.288
0.305
0.295
0.303
0.307
0.292
0.315
0.314
0.321
0.314
0.294
0.323
0.276
0.318
0.316
0.308
0.317
0.300
0.306
0.290
0.291
0.285
0.270
0.285
0.273
0.259
0.275
0.259
0.268
0.260
x
x
x
x
0.270
0.266
0.257
0.269
0.302
0.299
0.303
0.303
x
x
0.243
0.250
0.302
0.269
0.311
0.310
0.273
0.307
0.266
x
0.279
0.300
0.302
0.307
x
x
x
x
x
x
x
x
x
x
x
0.279
0.309
0.300
0.300
0.294
0.287
0.281
0.272
0.301
0.310
0.313
0.302
0.297
0.293
0.311
x
x
x
x
x
x
x
x
0.250
x
0.262
0.284
0.247
0.256
0.247
0.267
0.261
0.271
0.254
0.261
0.284
0.282
0.271
0.278
0.280
0.243
0.285
0.262
0.293
0.303
0.296
0.306
0.296
0.291
0.294
0.290
0.298
x
0.303
0.289
0.262
0.276
x
0.294
x
0.291
x
x
x
x
0.282
0.291
0.284
0.278
0.283
x
x
0.236
0.266
0.254
0.263
x
0.269
0.273
0.273
0.270
0.282
0.289
0.286
0.285
0.290
0.301
x
0.313
x
x
x
x
x
x
0.280
x
x
0.280
0.288
0.282
0.290
0.289
0.277
0.296
0.284
0.269
0.276
0.289
0.294
0.250
0.255
0.228
0.236
0.270
0.279
0.280
x
x
0.289
0.272
x
0.285
0.279
0.282
0.289
0.285
0.272
x
0.319
0.293
0.289
0.278
0.280
0.275
0.289
0.304
0.285
0.294
0.299
x
x
x
x
x
x
x
x
x
x
0.258
0.294
0.282
0.305
0.294
0.288
0.308
0.315
0.322
0.319
0.322
0.354
0.306
0.293
0.261
0.294
0.297
0.295
* 0.226
0.284
0.271
0.299
x
0.268
0.260
0.250
0.271
0.233
0.239
x
x
x
x
0.268
0.291
0.306
0.313
0.317
0.278
0.275
0.302
0.307
0.284
0.309
0.281
0.261
0.231
0.247
0.254
0.243
0.229
0.265
0.258
0.283
0.304
0.290
0.280
0.288
0.302
0.286
0.271
0.275
0.283
0.288
0.290
0.284
0.289
0.302
x
x
x
0.307
0.291
x
0.292
0.299
0.302
0.293
0.295
0.303
0.321
0.312
0.321
0.311
0.280
0.291
x
x
0.300
0.315
0.306
0.314
0.298
0.314
0.296
0.312
0.305
0.307
0.289
0.290
0.290
0.277
0.293
0.287
0.268
0.309
0.320
0.302
0.293
0.299
0.295
0.309
x
0.327
0.322
0.332
0.304
0.313
x
0.319
0.297
0.285
0.311
0.326
0.315
0.327
0.302
0.322
0.305
0.315
0.300
0.296
0.267
0.306
0.328
x
0.319
0.323
* 0.229
0.243
0.231
0.250
0.285
0.310
0.308
0.298
x
x
0.304
x
0.321
x
x
x
x
x
x
x
0.321
0.313
0.323
0.328
0.333
0.319
0.309
0.328
0.310
0.303
0.298
0.303
0.308
0.296
0.315
0.299
0.281
0.293
0.303
0.318
0.323
0.304
0.313
0.305
0.304
0.300
0.301
0.313
0.309
0.299
0.298
0.316
0.284
0.302
0.297
0.270
* 0.209
0.263
0.254
0.227
x
x
x
0.307
0.297
0.283
0.307
x
x
x
0.289
0.304
0.304
0.308
0.311
0.324
0.319
0.303
* 0.260
0.245
0.268
0.291
0.269
0.259
0.254
0.278
0.256
0.249
0.276
0.288
0.300
0.286
0.298
0.293
0.292
0.250
0.241
0.236
* 0.208
0.207
0.233
0.228
x
0.239
0.221
0.232
0.218
0.271
0.301
0.271
0.267
0.268
0.239
0.203
0.216
0.265
0.293
0.312
0.310
0.302
0.325
0.287
0.295
x
x
x
x
0.266
0.288
0.298
0.306
0.272
x
0.342
0.333
0.344
0.342
0.320
0.342
0.339
0.293
0.293
0.287
0.309
0.292
0.295
0.296
0.305
0.306
0.305
0.280
0.277
0.294
0.288
0.294
* 0.246
0.240
0.210
0.281
0.286
0.273
0.291
0.300
0.280
0.283
0.267
0.282
0.290
0.288
0.312
0.286
0.289
0.291
0.285
0.301
0.287
0.271
* 0.198
0.230
0.267
0.289
0.298
0.291
0.292
0.271
0.270
0.290
0.292
0.288
0.314
0.316
0.313
0.321
0.312
0.318
0.310
0.320
0.304
0.327
0.309
* 0.228
0.314
0.346
0.311
0.308
0.305
0.311
0.284
x
x
x
x
0.267
0.273
0.254
0.259
0.248
0.266
x
0.274
0.247
0.260
0.281
0.286
0.286
0.296
x
0.276
x
0.298
x
0.308
0.303
0.304
0.287
0.299
0.293
x
0.299
x
* 0.249
0.267
0.261
0.270
0.261
0.253
0.275
0.292
0.297
x
0.298
x
x
x
x
0.304
0.307
0.301
0.300
0.326
0.288
0.319
0.308
0.290
0.293
0.315
0.321
0.292
0.283
0.320
0.321
0.310
0.300
0.316
0.300
0.289
0.277
0.280
0.297
0.269
0.271
0.284
0.305
0.311
0.312
0.310
0.323
0.293
0.317
0.291
0.287
0.334
0.325
0.288
0.310
0.302
0.305
0.303
0.314
0.317
0.280
0.306
0.302
0.310
0.296
0.289
0.311
0.300
0.301
0.312
0.297
0.296
0.269
0.297
x
x
0.282
0.336
0.286
0.332
0.276
0.291
0.318
0.263
0.286
0.294
0.262
0.304
x
0.324
0.319
0.317
0.286
0.267
0.262
0.273
0.286
0.284
0.293
0.275
0.306
0.287
0.284
0.297
0.279
0.286
0.274
0.270
0.291
0.278
0.289
0.303
0.298
0.271
* 0.172
0.236
0.243
0.282
0.282
0.285
0.267
0.274
0.298
0.281
0.291
0.291
0.283
0.283
0.285
0.275
0.287
0.279
0.288
0.280
0.289
0.289
0.291
0.292
0.308
0.284
0.297
0.283
0.295
0.290
0.284
0.267
0.278
0.294
0.283
0.261
0.286
0.266
0.278
0.273
0.294
0.278
0.278
0.290
0.300
0.300
0.311
0.315
0.298
0.284
0.303
0.298
0.303
0.321
0.298
0.296
0.305
0.289
0.307
0.317
0.307
0.289
0.314
0.299
0.286
0.287
0.260
0.269
0.276
0.280
0.277
0.289
0.278
0.274
0.283
0.281
0.282
0.283
0.278
0.301
0.296
0.292
0.304
0.304
0.292
0.291
0.305
0.311
0.306
0.304
0.294
0.301
0.300
0.272
0.293
x
x
x
x
x
x
x
x
x
x
x
x
x
x
x
x
x
x
x
x
x
x
x
x
x
x
x
x
x
x
x
x
x
* 0.195
0.261
0.253
x
x
x
x
x
x
x
x
x
x
x
x
x
x
0.233
x
x
0.274
0.260
0.282
0.283
0.274
x
0.274
0.288
0.306
0.227
x
x
x
x
x
x
x
x
x
x
x
x
x
0.226
* 0.181
0.205
x
0.282
0.256
0.244
x
x
0.240
0.245
0.263
x
0.248
x
0.252
x
x
0.277
x
0.205
0.201
0.239
0.240
0.272
0.268
0.271
x
0.234
0.246
0.266
x
0.261
x
0.254
0.247
0.249
0.255
0.230
0.232
0.227
0.235
0.228
0.218
x
0.269
0.288
0.271
0.276
0.280
0.291
0.228
x
0.257
0.246
0.230
0.244
x
x
0.215
0.275
0.268
0.263
0.265
0.269
x
x
0.232
0.263
0.262
0.245
0.240
0.244
0.237
0.226
0.240
0.238
0.247
0.254
0.249
0.254
0.241
0.235
0.236
0.241
0.241
0.251
0.264
0.275
0.300
0.284
0.280
0.294
0.298
0.278
0.285
0.272
0.274
0.289
0.266
0.279
0.277
0.284
0.277
0.283
0.284
0.283
0.280
0.303
0.271
0.280
0.285
0.269
0.280
0.279
0.282
0.283
0.272
0.286
0.273
0.264
0.238
0.244
0.217
0.235
0.228
0.254
0.255
0.251
0.240
0.228
0.278
0.287
0.292
0.270
0.273
0.259
0.270
0.220
0.213
0.218
0.215
0.223
0.229
0.253
0.225
0.245
0.241
0.236
0.197
0.178
0.180
0.237
0.245
0.269
0.258
0.244
0.220
0.225
x
x
x
0.234
0.239
0.249
0.247
0.260
0.251
0.239
0.256
0.265
0.264
0.261
0.273
0.281
0.293
0.284
0.260
0.262
0.280
0.268
0.277
0.264
0.265
0.270
0.270
0.268
0.267
0.285
0.264
0.254
0.265
0.277
0.280
0.277
0.277
0.295
0.289
0.274
0.242
0.235
0.230
0.239
0.242
0.220
0.206
x
0.230
0.220
0.235
0.227
0.223
0.224
0.245
0.267
0.274
0.273
0.259
0.269
0.284
0.277
0.273
0.275
0.266
0.262
0.269
0.268
0.280
0.288
0.270
0.273
0.265
0.295
0.299
0.303
0.289
0.304
0.295
0.287
0.293
0.303
0.304
0.309
0.323
0.297
0.288
0.290
0.313
x
x
0.295
0.284
0.274
0.261
0.238
0.248
0.256
0.255
0.229
0.230
0.229
0.232
0.241
x
x
x
0.287
0.261
0.249
0.254
0.233
0.233
0.281
0.296
0.280
0.262
0.250
x
0.256
0.235
0.255
0.260
0.259
0.258
0.265
0.265
0.263
0.250
x
0.259
0.233
0.216
* 0.181
0.198
x
0.189
0.196
0.186
x
0.223
x
0.251
0.262
0.245
0.265
0.264
0.258
0.255
0.241
0.243
0.247
0.227
* 0.171
0.168
0.183
0.233
0.251
0.235
0.233
x
x
x
0.258
0.270
x
0.269
0.223
x
0.206
* 0.177
0.183
0.171
0.199
0.251
0.245
0.223
0.230
0.210
0.199
0.208
0.207
0.209
0.215
0.209
x
0.213
0.207
0.216
0.191
0.253
0.208
0.207
0.209
0.243
0.219
0.165
0.252
0.225
0.204
0.241
x
x
x
x
0.233
x
x
x
x
x
0.323
0.276
0.243
x
x
x
0.223
0.238
0.241
x
x
0.266
0.264
0.273
0.267
0.274
0.270
0.256
x
0.273
0.264
0.256
0.269
0.267
0.266
0.263
0.268
0.272
0.242
0.259
0.281
0.264
x
0.273
0.276
0.281
0.285
0.277
0.284
0.272
0.279
0.293
0.278
0.281
0.267
0.275
0.278
0.285
0.246
x
x
x
x
x
x
x
x
x
x
x
x
x
x
x
x
x
x
x
x
x
x
x
x
x
x
x
x
x
x
x
0.275
0.263
0.265
0.255
0.271
0.273
0.270
0.272
0.273
x
0.261
0.252
0.273
0.267
0.273
0.250
0.242
0.241
x
0.284
0.249
x
0.288
0.271
x
x
0.261
0.271
x
0.272
0.221
0.271
x
x
x
x
0.294
0.283
0.288
0.308
0.297
0.333
0.325
0.321
0.295
0.313
0.304
0.299
0.302
0.288
0.287
0.289
0.275
0.264
0.294
0.293
0.288
0.269
0.260
0.283
0.239
0.248
x
0.286
0.256
0.280
0.276
0.267
0.285
0.276
0.268
0.225
0.269
0.265
0.255
0.272
0.265
0.274
0.274
0.297
0.301
0.279
0.278
0.263
0.252
0.261
0.259
0.259
0.258
0.261
0.267
0.284
0.264
0.261
0.272
0.266
0.274
0.288
0.277
0.269
0.290
0.296
0.290
0.269
0.280
0.271
0.238
0.249
0.270
0.270
0.270
0.274
0.248
0.229
0.287
0.265
0.254
0.245
0.281
0.277
0.278
0.282
0.282
0.266
0.235
0.254
0.291
0.286
0.271
0.263
0.261
0.257
0.264
0.289
0.284
0.264
0.268
0.269
0.260
0.257
0.227
0.277
0.263
0.261
0.261
0.281
0.254
0.247
0.250
0.252
0.267
0.258
0.291
0.252
0.241
0.281
0.257
0.235
0.266
0.265
0.249
0.271
0.265
0.257
0.267
0.259
0.261
0.254
0.270
0.247
0.258
0.268
0.264
0.252
0.244
0.272
0.271
0.259
0.248
0.248
0.280
0.269
0.259
0.257
0.271
0.267
0.266
0.266
0.271
0.261
0.254
0.257
0.269
0.278
0.281
0.274
0.297
0.278
0.286
0.287
0.276
0.262
0.275
0.260
0.261
0.257
0.255
0.264
0.267
0.264
0.267
0.259
0.260
0.268
0.267
0.260
0.259
0.273
0.270
0.263
0.264
0.266
0.260
0.266
0.260
0.266
0.263
0.266
0.259
0.256
0.271
0.268
0.262
0.266
0.262
0.257
0.261
0.257
0.266
0.269
0.261
0.274
0.277
0.292
0.284
0.300
0.285
0.296
0.281
0.285
0.279
0.258
0.264
0.273
0.250
0.254
0.219
0.227
0.230
0.228
x
x
x
0.250
0.247
0.236
0.230
0.233
0.244
0.241
0.269
0.241
0.248
0.215
0.236
0.246
0.254
0.253
0.272
0.228
0.270
0.284
0.267
0.265
0.231
0.257
0.252
0.243
0.258
0.264
0.240
0.242
0.233
0.244
0.240
0.245
0.260
0.262
0.276
0.258
0.255
0.248
0.237
0.224
0.231
0.265
0.219
0.224
0.224
0.223
0.199
0.207
0.225
0.219
0.226
0.207
0.205
0.213
0.224
0.211
0.238
0.214
0.230
0.220
0.224
0.205
0.213
0.206
0.217
0.193
0.202
0.207
0.223
0.245
0.260
0.256
0.245
0.230
0.253
0.245
0.247
0.231
0.248
0.246
0.246
0.245
0.237
0.239
0.211
0.223
0.195
0.216
0.220
0.205
0.205
0.231
0.197
0.200
0.204
0.215
0.220
0.218
0.221
0.226
0.224
0.214
0.216
0.210
0.211
0.238
0.243
0.242
0.234
0.255
0.255
0.255
0.254
0.239
0.224
0.238
0.215
0.216
0.237
0.243
0.218
0.227
0.239
0.228
0.237
0.217
0.219
0.251
0.226
0.243
0.247
0.227
0.264
0.270
0.274
0.255
0.272
0.270
0.270
0.274
0.277
0.275
0.270
0.270
0.259
0.247
0.261
0.261
0.237
0.265
0.248
0.235
0.237
0.284
0.283
0.265
0.257
0.258
0.268
0.274
0.288
0.299
0.266
0.259
0.254
0.265
0.265
0.269
0.258
0.270
0.269
0.277
0.275
0.265
0.250
0.266
0.273
0.263
0.267
0.262
0.261
0.268
0.241
0.240
0.241
0.276
0.253
0.262
0.235
0.224
0.240
0.237
0.251
0.240
0.237
0.237
0.252
0.286
0.259
0.283
0.257
0.272
0.280
0.277
0.269
0.265
0.238
0.245
0.240
0.252
0.236
0.239
0.241
0.242
0.243
0.274
0.260
0.243
0.276
0.262
0.249
0.251
0.239
0.249
0.254
0.257
0.251
0.265
0.247
0.251
0.249
0.256
0.255
0.261
0.260
0.243
0.241
0.251
0.257
0.254
0.243
0.261
0.232
0.236
0.218
0.211
0.241
0.226
0.207
0.223
0.207
0.232
0.218
0.215
0.220
0.228
0.224
0.240
0.226
0.195
0.213
0.229
0.220
0.223
0.226
0.221
0.224
0.228
0.206
0.200
0.239
0.199
0.224
0.225
0.232
0.233
0.228
0.235
0.227
0.233
0.226
0.234
0.217
0.226
0.243
0.244
0.236
0.226
0.238
0.231
0.258
0.235
0.224
0.235
0.254
0.244
0.251
0.245
0.250
0.239
0.273
0.259
0.248
0.258
0.253
0.250
0.258
0.257
0.241
0.262
0.246
0.257
0.238
0.220
0.248
0.248
0.238
0.257
x
x
x
0.245
0.246
0.255
0.253
0.274
0.253
0.256
0.241
0.259
0.242
0.241
0.251
x
x
0.236
0.258
0.248
0.240
0.252
0.250
x
0.233
0.240
0.265
0.244
0.239
0.250
0.257
x
0.274
0.267
0.256
0.275
0.261
0.254
0.232
0.252
0.229
0.258
0.235
0.237
0.222
0.227
0.232
0.239
0.288
0.291
0.279
x
0.222
0.244
0.236
0.241
0.245
0.232
0.231
0.233
0.260
x
x
x
0.275
0.283
0.286
0.276
0.269
0.249
0.254
0.286
0.281
0.251
0.254
0.273
0.276
0.285
0.277
0.282
0.282
0.289
0.273
0.281
0.286
0.270
0.271
0.264
0.270
0.261
0.270
0.274
0.274
0.283
0.270
0.262
0.268
0.267
0.275
0.259
0.261
0.263
0.244
0.254
0.259
0.262
0.280
0.272
0.275
0.282
0.274
0.270
0.281
0.281
0.290
0.283
0.293
0.290
0.284
0.290
0.283
0.295
0.270
0.252
0.263
0.249
0.251
0.243
x
0.248
0.263
0.267
0.222
0.205
* 0.166
x
x
x
0.248
0.251
x
0.240
0.267
x
x
0.224
0.246
0.173
0.173
0.182
0.197
0.218
0.207
0.224
0.211
0.205
0.173
0.212
0.241
0.247
0.240
0.240
0.250
0.274
0.262
0.267
0.266
0.272
0.266
0.246
0.240
0.261
0.241
0.244
0.232
0.222
0.246
0.234
0.237
0.239
0.241
0.231
0.233
0.257
0.280
0.267
0.278
0.272
0.276
0.259
0.253
0.269
0.268
0.249
0.274
0.264
0.256
0.245
0.250
0.247
0.277
0.265
0.274
0.243
0.242
0.232
0.239
0.248
0.292
0.268
0.265
0.262
0.284
0.265
0.280
0.287
* 0.203
0.222
x
0.254
0.262
x
x
0.245
x
x
0.286
0.267
0.276
0.280
0.279
0.300
0.285
x
0.283
0.281
0.277
0.267
x
0.287
0.260
0.265
x
0.269
x
0.242
x
x
0.260
0.251
0.239
0.232
0.244
0.252
0.243
0.244
0.244
0.279
0.257
0.258
0.261
0.262
0.256
0.253
0.246
0.253
0.243
0.262
0.260
0.269
0.258
0.279
0.261
0.298
0.283
0.281
0.266
0.270
0.287
0.274
0.292
0.283
0.278
0.285
0.263
0.282
0.296
0.267
0.280
0.266
0.295
0.285
0.261
0.249
0.264
0.274
0.254
0.218
0.297
0.271
0.277
0.281
0.285
0.285
0.297
0.268
0.274
0.290
0.275
0.261
0.264
0.268
0.270
0.271
0.271
0.288
0.281
0.286
0.281
0.283
0.289
0.279
0.280
0.282
0.288
x
x
0.283
0.264
0.272
0.277
0.271
0.270
0.276
0.262
0.292
0.279
0.295
0.296
0.273
0.282
0.250
0.255
0.240
x
0.291
0.294
0.294
x
x
x
x
x
x
x
x
x
x
x
x
x
x
0.296
x
x
x
x
x
x
x
x
x
x
x
x
x
x
x
x
x
0.277
0.303
0.290
0.271
0.281
0.280
0.284
0.294
0.296
0.290
0.292
x
x
x
0.303
0.281
0.288
0.282
0.291
x
0.269
0.286
0.285
0.296
0.285
x
0.283
0.308
0.265
0.285
0.282
0.284
x
x
x
x
x
x
0.269
x
0.240
0.234
x
* 0.185
x
x
0.252
x
x
x
x
x
x
0.266
0.271
0.261
0.252
0.254
x
0.259
0.225
0.235
0.230
x
x
x
x
x
0.275
0.255
0.265
0.230
0.232
0.187
0.229
0.203
0.205
0.240
0.226
x
0.252
0.259
x
0.261
0.248
0.275
0.261
0.268
0.264
0.271
0.274
x
x
x
x
x
x
x
x
x
x
x
x
x
x
x
x
x
x
x
x
x
x
x
x
x
x
x
x
x
x
x
x
x
x
x
x
x
x
x
x
x
x
x
x
x
x
x
x
x
x
x
x
x
x
x
x
x
0.269
x
x
0.244
0.265
x
x
x
x
x
x
x
x
0.289
x
x
x
x
x
x
x
0.265
0.261
x
x
0.256
x
x
0.274
0.271
0.266
0.271
0.275
0.251
0.279
0.286
0.275
0.270
0.274
0.265
0.240
0.262
0.276
0.268
0.261
0.269
0.274
x
x
x
x
x
x
x
0.282
x
0.272
0.264
0.267
0.257
0.282
0.275
0.257
0.282
0.296
0.266
0.271
0.271
0.268
0.271
0.263
0.272
0.276
0.269
0.266
0.271
0.265
0.273
0.258
0.245
0.266
0.264
0.257
0.257
0.265
0.257
0.258
0.264
0.272
0.238
0.272
0.271
0.261
0.259
0.260
0.259
0.270
0.254
0.264
0.256
0.270
0.250
0.254
0.267
0.267
0.256
0.249
0.265
0.252
0.245
0.258
0.239
0.236
0.250
0.260
0.252
0.237
0.232
0.234
0.245
0.243
0.230
0.223
0.216
0.227
0.209
0.219
0.230
0.245
0.234
0.247
0.234
0.232
0.241
0.241
0.254
0.247
0.243
0.238
0.265
0.247
0.258
0.268
0.244
0.245
0.231
0.254
0.241
0.256
0.256
0.245
0.243
0.243
0.247
0.252
0.247
0.245
0.239
0.236
0.247
0.228
0.211
0.228
0.229
0.258
0.249
0.245
0.235
0.245
0.246
0.240
0.241
0.235
0.245
0.234
0.234
0.221
0.269
0.264
0.238
0.245
0.227
0.260
0.268
0.239
0.274
0.238
0.266
0.251
0.251
0.239
0.263
0.256
0.261
0.269
0.258
0.251
0.250
0.254
0.256
0.245
0.252
0.250
0.232
0.245
0.236
0.239
0.262
0.253
0.227
0.256
0.251
0.261
0.232
0.254
0.249
0.237
0.258
0.260
0.254
0.283
0.272
0.265
0.263
0.267
0.270
0.252
0.265
0.251
0.259
0.252
0.254
0.261
0.279
0.268
0.256
0.241
0.254
0.256
0.252
0.236
* 0.201
0.243
0.256
0.236
0.248
0.259
0.261
0.251
0.256
0.262
0.241
0.241
0.250
0.262
0.243
0.256
0.250
0.262
0.206
0.219
* 0.179
0.238
0.230
0.242
0.219
0.197
0.153
0.182
0.175
0.245
0.263
0.263
0.246
0.244
x
0.250
0.260
0.252
0.198
0.277
0.282
0.299
0.283
0.290
0.273
0.274
0.271
x
0.289
0.259
0.260
x
0.249
* 0.208
x
x
x
x
0.261
0.266
0.267
0.255
0.246
0.244
0.223
0.223
0.251
0.253
0.252
0.263
0.253
0.261
0.256
0.247
0.259
0.263
0.264
0.255
0.242
0.255
0.257
0.246
0.244
0.237
0.260
0.247
0.268
0.261
0.252
0.256
0.253
0.258
0.246
0.254
0.259
0.263
0.272
0.268
0.261
0.253
0.242
0.255
0.258
0.252
0.260
0.258
0.265
0.257
0.263
0.256
0.271
0.254
0.248
0.263
0.263
0.245
0.256
0.256
0.254
0.246
0.258
0.254
0.244
0.256
0.235
0.262
0.256
0.246
0.262
0.247
0.264
0.251
0.260
0.270
0.263
0.255
0.256
0.256
0.249
0.266
0.268
0.268
0.288
0.279
* 0.181
0.178
0.259
0.238
0.269
0.239
0.248
0.259
0.257
0.262
0.257
0.260
0.267
0.256
0.264
0.277
0.278
0.272
0.263
0.262
0.259
0.270
0.255
0.262
0.259
0.256
0.274
0.270
0.271
0.240
0.258
0.266
0.256
0.263
0.269
0.260
0.237
0.263
0.240
0.258
0.268
0.246
0.249
0.259
0.243
0.262
0.262
0.251
0.250
0.257
0.265
0.248
0.262
0.250
0.252
0.244
0.249
0.260
0.264
0.257
0.247
0.273
0.255
0.254
0.274
0.270
0.256
0.238
0.251
0.241
0.257
0.251
0.251
0.252
0.250
0.251
0.260
0.274
0.267
0.258
0.251
0.242
0.261
0.265
0.266
0.248
0.259
0.253
0.252
0.255
0.257
0.252
0.267
0.267
0.263
0.273
0.275
0.253
0.276
0.271
0.262
0.274
0.263
0.269
0.276
0.267
0.282
0.270
0.252
0.255
0.258
0.263
0.268
0.262
* 0.200
0.199
0.238
0.228
0.265
0.253
0.278
0.262
0.267
0.254
0.274
0.258
0.274
0.269
0.240
0.261
0.245
0.270
0.241
0.258
0.261
0.230
0.233
0.278
0.276
0.261
0.270
0.262
0.256
0.267
0.273
0.252
0.279
0.249
0.249
0.234
0.291
0.293
0.275
0.291
0.266
0.276
0.257
0.278
0.284
0.266
0.276
0.272
0.281
0.265
0.272
0.277
0.278
0.252
0.256
0.253
0.263
0.274
0.269
0.251
0.278
0.278
0.277
0.282
0.279
0.293
0.276
0.285
0.258
* 0.225
0.212
0.217
0.232
0.252
0.265
0.261
0.268
0.256
0.261
0.275
0.256
0.254
0.274
0.283
0.275
0.268
0.272
0.228
0.212
0.221
0.222
0.236
0.181
0.204
0.188
0.214
0.215
0.232
0.242
0.240
0.280
0.276
0.289
0.278
0.281
0.290
0.289
0.296
0.295
0.281
0.284
0.279
0.303
0.289
0.281
0.286
0.293
0.298
0.307
x
0.298
0.303
0.291
0.294
0.317
0.297
0.283
0.278
0.302
0.284
* 0.239
0.274
0.304
0.265
0.235
0.266
0.261
0.273
0.280
0.272
0.251
0.253
0.259
0.244
0.263
0.265
0.263
0.259
0.262
0.278
0.272
0.287
0.277
0.282
0.276
0.251
0.252
0.252
0.259
0.265
0.269
0.269
0.263
0.297
0.287
0.269
0.265
0.280
0.265
0.280
0.269
0.271
0.265
0.292
0.273
0.253
0.268
0.276
0.255
0.270
0.273
0.258
0.257
0.270
0.253
0.266
0.281
0.269
0.267
0.267
0.257
0.262
0.263
0.247
0.243
0.264
0.249
0.246
0.251
0.262
0.248
0.230
0.248
0.249
0.246
0.253
0.248
0.255
0.252
0.256
0.252
0.258
0.246
0.253
0.260
0.281
0.284
0.280
0.274
0.268
0.273
0.274
0.257
0.267
0.271
0.276
0.264
0.264
0.272
0.258
0.283
0.273
0.273
0.267
0.296
0.270
0.272
0.291
0.278
0.264
0.250
0.252
0.258
0.258
0.272
0.263
0.263
0.267
0.249
0.238
0.251
0.259
0.246
0.248
0.241
0.224
0.238
0.253
0.251
0.265
0.256
0.249
0.269
0.242
0.225
0.216
0.217
0.238
0.260
0.251
0.272
0.249
0.268
0.275
0.265
0.276
0.274
0.268
0.281
0.277
0.260
0.250
0.268
0.252
0.248
0.229
0.240
0.265
0.224
0.259
0.247
0.241
0.217
0.215
0.247
0.226
0.183
0.211
0.203
0.222
0.235
0.236
0.242
0.226
0.232
0.252
0.249
0.257
0.260
0.275
0.246
0.258
0.271
0.251
0.260
0.264
0.265
0.261
0.269
0.248
0.279
0.272
0.263
0.257
0.233
0.258
0.253
0.262
0.262
0.263
0.257
0.262
0.258
0.256
0.251
0.262
0.263
0.265
0.271
0.261
0.264
0.267
0.247
0.264
0.257
0.268
0.286
0.270
0.282
0.273
0.261
0.244
0.249
0.250
0.253
0.252
0.254
0.250
0.248
0.252
0.261
0.249
0.247
0.250
0.256
0.247
0.242
0.247
0.249
0.223
0.239
0.226
0.254
0.227
0.261
0.267
0.259
0.254
0.262
0.258
0.266
0.276
0.256
0.244
0.268
0.266
0.259
0.250
0.256
0.276
0.256
0.259
0.262
0.258
0.268
0.282
0.252
0.265
0.277
0.242
0.243
0.247
0.246
0.261
0.276
0.272
0.277
0.284
0.263
0.272
0.270
0.256
0.267
0.256
0.270
0.280
0.265
0.264
0.288
0.277
0.268
0.252
0.275
0.263
0.256
0.271
0.259
0.272
0.257
0.271
0.259
0.293
0.288
0.282
0.277
0.261
0.280
0.277
0.253
0.273
0.267
0.274
0.273
0.261
0.243
0.269
0.276
0.277
0.252
0.255
0.261
0.228
0.252
0.265
0.254
0.275
0.270
0.257
0.291
0.293
0.297
0.270
* 0.215
0.240
x
x
0.294
0.279
0.305
0.302
0.308
0.322
0.299
0.283
0.290
0.277
0.290
0.276
0.256
0.276
0.278
0.273
0.276
0.295
0.295
0.280
0.292
0.290
0.290
0.287
0.291
0.302
0.279
0.270
0.278
0.250
0.293
0.285
0.301
0.302
0.297
0.289
0.290
0.305
0.297
0.293
0.297
0.311
0.310
0.304
0.311
0.317
0.295
0.299
0.306
0.303
0.321
0.342
0.338
0.354
0.351
0.342
0.344
0.342
0.322
0.324
* 0.278
0.304
0.316
0.301
0.303
0.323
0.319
0.309
0.307
0.307
0.297
0.313
0.313
0.311
0.308
0.295
0.297
0.301
0.292
0.283
0.291
0.300
0.287
0.295
0.285
0.292
0.296
0.292
0.292
0.290
0.269
0.274
0.259
0.283
0.269
0.258
0.278
0.279
0.253
0.262
0.249
0.243
0.247
0.241
0.245
0.198
x
0.241
0.218
0.258
0.236
0.254
0.255
0.230
0.246
0.242
0.235
0.236
0.217
0.255
0.257
0.263
0.259
0.263
0.258
0.273
0.246
0.243
0.229
* 0.175
0.209
0.207
0.210
0.220
0.231
0.240
0.233
0.227
0.232
0.229
0.238
0.259
0.249
0.263
0.267
0.267
0.276
0.264
0.254
0.258
0.266
x
x
x
0.250
0.272
0.267
0.272
0.291
0.287
0.288
0.298
0.287
0.291
0.302
0.288
0.294
0.293
0.293
0.293
0.293
0.298
* 0.254
0.292
0.297
0.274
0.289
0.275
0.287
0.276
* 0.211
0.234
0.245
0.261
0.240
x
x
x
x
x
x
0.243
x
x
x
x
0.233
0.224
x
x
x
0.314
x
x
x
x
x
x
x
x
x
x
x
x
x
x
x
x
x
x
x
x
x
x
x
x
x
0.247
x
x
x
x
x
x
x
x
x
x
x
x
x
x
x
x
x
x
x
x
x
x
x
x
x
x
x
x
x
x
x
x
x
x
x
x
x
x
x
x
x
x
x
x
x
x
x
x
x
x
x
x
x
x
x
x
x
x
x
x
x
x
x
0.283
0.282
0.223
0.242
0.273
x
0.290
0.275
0.282
0.252
0.288
0.277
0.258
x
0.250
x
x
0.322
0.323
0.314
0.323
0.315
0.337
x
x
x
x
x
x
x
0.309
0.297
0.294
0.311
0.314
0.310
0.296
0.298
0.289
0.304
0.287
0.291
0.291
0.282
0.280
* 0.179
0.197
0.260
0.262
0.256
0.262
0.266
0.267
0.270
0.268
0.262
0.260
0.275
0.275
0.266
0.260
0.232
0.272
0.265
0.274
0.278
0.270
0.281
0.285
0.282
0.279
0.281
0.296
0.262
* 0.175
0.186
0.222
0.252
0.255
0.241
0.238
0.234
0.220
0.253
0.268
0.298
0.274
0.283
0.281
0.298
0.284
0.298
0.283
0.282
0.261
0.285
0.329
0.308
0.313
0.324
0.304
0.304
0.300
0.288
0.291
0.288
0.286
0.285
0.280
0.276
0.254
0.256
0.264
0.262
0.268
0.271
0.282
0.264
0.266
0.275
0.293
0.293
0.273
0.290
0.290
0.257
0.265
0.276
0.285
0.297
0.274
0.273
0.297
0.313
0.282
0.294
0.283
0.295
0.284
0.297
0.284
0.292
0.288
0.305
0.307
0.295
0.297
0.291
0.285
0.279
0.297
0.301
0.298
0.287
0.296
0.287
0.291
0.287
0.296
0.300
0.310
0.296
0.293
0.295
0.280
0.308
0.263
0.292
0.283
0.308
0.294
0.286
0.272
0.271
0.249
0.245
0.257
0.268
0.248
0.247
0.248
0.247
0.262
0.262
0.263
0.266
0.237
0.266
0.285
0.289
0.279
0.286
0.258
0.278
0.243
0.246
0.259
0.277
0.273
0.258
0.250
0.264
0.283
0.269
0.271
0.250
0.256
0.254
0.233
0.247
0.277
0.277
0.260
0.243
0.245
0.245
0.265
* 0.192
0.171
0.215
0.225
0.300
0.278
0.272
0.267
0.283
0.282
0.299
0.296
0.290
0.298
0.303
0.296
0.294
0.296
0.278
0.289
0.293
0.292
0.293
0.291
0.280
0.273
* 0.223
0.294
0.287
0.300
x
0.284
0.290
0.272
0.274
0.284
0.286
0.259
0.282
0.278
0.292
0.278
0.284
0.278
0.279
0.284
0.287
0.289
0.291
0.274
0.279
0.294
0.313
0.312
0.307
0.307
0.308
0.296
0.289
0.306
0.282
0.284
0.275
0.279
0.287
0.281
0.275
0.261
0.273
0.260
0.273
0.297
0.267
0.276
0.269
0.263
0.273
0.269
0.282
0.286
0.265
0.274
0.271
0.266
* 0.217
0.254
0.262
0.285
0.255
0.270
0.294
0.259
0.302
0.300
0.288
0.296
0.292
0.268
0.272
0.262
0.267
0.266
0.264
0.261
0.277
0.249
0.233
0.285
0.289
0.274
0.283
0.282
0.295
0.276
0.275
0.277
0.289
0.276
0.269
0.253
0.284
0.271
0.285
0.296
0.289
0.290
0.288
0.277
0.291
0.273
0.292
0.305
0.296
0.285
0.275
0.290
0.294
0.269
0.270
0.291
0.283
0.283
0.270
0.296
0.260
0.265
0.289
0.281
0.299
0.289
0.291
0.290
0.298
0.311
0.310
0.287
0.288
0.288
0.281
