0.247 0.240
0.209 0.240
0.169 0.240
0.204 0.240
* 0.242 0.240
0.258 0.240
0.236 0.240
0.252 0.240
0.239 0.240
0.264 0.240
0.255 0.240
0.256 0.240
0.278 0.240
0.236 0.240
0.264 0.240
0.279 0.240
0.270 0.240
0.262 0.240
0.237 0.240
0.262 0.240
0.270 0.240
0.270 0.240
0.260 0.240
0.268 0.240
0.273 0.240
0.276 0.240
0.257 0.240
0.266 0.240
0.259 0.240
0.266 0.240
0.276 0.240
0.264 0.240
0.281 0.240
0.283 0.240
0.274 0.240
0.272 0.240
0.284 0.240
0.246 0.240
0.270 0.240
0.269 0.240
0.294 0.240
0.288 0.240
0.246 0.240
0.304 0.240
0.252 0.240
0.254 0.240
0.275 0.240
0.262 0.240
0.243 0.240
0.245 0.240
0.286 0.240
0.271 0.240
0.265 0.240
0.281 0.240
0.263 0.240
0.263 0.240
0.241 0.240
0.284 0.240
0.261 0.240
0.283 0.240
0.273 0.240
0.278 0.240
0.275 0.240
0.281 0.240
0.276 0.240
0.266 0.240
0.286 0.240
0.287 0.240
0.275 0.240
0.263 0.240
0.270 0.240
0.262 0.240
0.278 0.240
0.277 0.240
0.288 0.240
0.271 0.240
0.275 0.240
0.280 0.240
0.291 0.240
0.288 0.240
0.274 0.240
0.289 0.240
0.281 0.240
0.283 0.240
0.277 0.240
0.273 0.240
0.251 0.240
0.204 0.240
0.197 0.240
0.211 0.240
* 0.246 0.240
0.241 0.240
0.252 0.240
0.233 0.240
0.241 0.240
0.238 0.240
0.239 0.240
0.245 0.240
0.239 0.240
0.252 0.240
0.275 0.240
0.265 0.240
0.272 0.240
0.280 0.240
0.272 0.240
0.270 0.240
0.278 0.240
0.268 0.240
0.264 0.240
0.291 0.240
0.293 0.240
0.289 0.240
0.286 0.240
0.281 0.240
0.275 0.240
0.273 0.240
0.270 0.240
0.275 0.240
0.282 0.240
0.275 0.240
0.282 0.240
0.268 0.240
0.263 0.240
0.260 0.240
0.259 0.240
0.262 0.240
0.252 0.240
0.259 0.240
0.273 0.240
0.283 0.240
0.258 0.240
0.276 0.240
0.271 0.240
0.272 0.240
0.272 0.240
0.260 0.240
0.275 0.240
0.280 0.240
0.267 0.240
0.262 0.240
0.260 0.240
0.264 0.240
0.268 0.240
0.242 0.240
0.250 0.240
0.274 0.240
0.262 0.240
0.263 0.240
0.269 0.240
0.267 0.240
0.275 0.240
0.271 0.240
0.272 0.240
0.280 0.240
0.280 0.240
0.272 0.240
0.265 0.240
0.276 0.240
0.273 0.240
0.260 0.240
0.272 0.240
0.271 0.240
0.290 0.240
0.280 0.240
0.278 0.240
0.273 0.240
0.277 0.240
0.277 0.240
0.281 0.240
0.282 0.240
0.270 0.240
0.286 0.240
0.276 0.240
0.274 0.240
0.272 0.240
0.279 0.240
0.277 0.240
0.285 0.240
0.277 0.240
0.287 0.240
0.276 0.240
0.267 0.240
0.281 0.240
0.281 0.240
0.283 0.240
0.302 0.240
0.293 0.240
0.296 0.240
0.280 0.240
0.289 0.240
0.279 0.240
0.288 0.240
0.267 0.240
0.283 0.240
0.273 0.240
0.278 0.240
0.275 0.240
0.274 0.240
0.267 0.240
0.279 0.240
0.281 0.240
0.277 0.240
0.275 0.240
0.280 0.240
0.280 0.240
0.276 0.240
0.286 0.240
0.280 0.240
0.280 0.240
0.275 0.240
0.278 0.240
0.272 0.240
0.270 0.240
0.282 0.240
0.275 0.240
0.274 0.240
0.280 0.240
0.279 0.240
0.290 0.240
0.268 0.240
0.278 0.240
0.275 0.240
0.282 0.240
0.276 0.240
0.278 0.240
0.278 0.240
0.278 0.240
0.275 0.240
0.284 0.240
0.268 0.240
0.285 0.240
0.267 0.240
0.257 0.240
0.268 0.240
0.269 0.240
0.281 0.240
0.270 0.240
0.270 0.240
0.275 0.240
0.270 0.240
0.278 0.240
0.259 0.240
0.262 0.240
0.204 0.240
0.194 0.240
0.226 0.240
* 0.242 0.240
0.221 0.240
0.232 0.240
0.245 0.240
0.255 0.240
0.284 0.240
0.267 0.240
0.282 0.240
0.275 0.240
0.282 0.240
0.289 0.240
0.268 0.240
0.266 0.240
0.271 0.240
0.270 0.240
0.278 0.240
0.290 0.240
0.264 0.240
0.273 0.240
0.284 0.240
0.273 0.240
0.267 0.240
0.275 0.240
0.272 0.240
0.248 0.240
0.270 0.240
0.246 0.240
0.254 0.240
0.250 0.240
0.266 0.240
0.275 0.240
0.289 0.240
0.278 0.240
0.265 0.240
0.269 0.240
0.266 0.240
0.282 0.240
0.262 0.240
0.269 0.240
0.250 0.240
0.269 0.240
0.278 0.240
0.269 0.240
0.249 0.240
0.291 0.240
0.270 0.240
0.283 0.240
0.265 0.240
0.286 0.240
0.265 0.240
0.264 0.240
0.278 0.240
0.263 0.240
0.286 0.240
0.264 0.240
0.282 0.240
0.264 0.240
0.270 0.240
0.285 0.240
0.290 0.240
0.280 0.240
0.275 0.240
0.273 0.240
0.266 0.240
0.289 0.240
0.282 0.240
0.288 0.240
0.274 0.240
0.280 0.240
0.272 0.240
0.270 0.240
0.285 0.240
0.276 0.240
0.284 0.240
0.283 0.240
0.256 0.240
0.265 0.240
0.263 0.240
0.264 0.240
0.266 0.240
0.254 0.240
0.258 0.240
0.262 0.240
0.244 0.240
0.254 0.240
0.247 0.240
0.191 0.240
0.179 0.240
0.212 0.240
0.227 0.240
0.240 0.240
* 0.257 0.240
0.249 0.240
0.254 0.240
0.253 0.240
0.250 0.240
0.255 0.240
0.262 0.240
0.265 0.240
0.259 0.240
0.272 0.240
0.265 0.240
0.277 0.240
0.267 0.240
0.241 0.240
0.239 0.240
0.255 0.240
0.242 0.240
0.234 0.240
0.239 0.240
0.250 0.240
0.268 0.240
0.262 0.240
0.268 0.240
0.256 0.240
0.249 0.240
0.272 0.240
0.264 0.240
0.262 0.240
0.257 0.240
0.252 0.240
0.258 0.240
0.243 0.240
0.271 0.240
0.245 0.240
0.247 0.240
0.253 0.240
0.262 0.240
0.261 0.240
0.257 0.240
0.268 0.240
0.278 0.240
0.268 0.240
0.279 0.240
0.257 0.240
0.273 0.240
0.265 0.240
0.272 0.240
0.270 0.240
0.269 0.240
0.268 0.240
0.267 0.240
0.271 0.240
0.270 0.240
0.259 0.240
0.252 0.240
0.264 0.240
0.262 0.240
0.277 0.240
0.255 0.240
0.249 0.240
0.253 0.240
0.257 0.240
0.250 0.240
0.243 0.240
0.267 0.240
0.244 0.240
0.255 0.240
0.254 0.240
0.255 0.240
0.265 0.240
0.265 0.240
0.258 0.240
0.249 0.240
0.266 0.240
0.258 0.240
0.268 0.240
0.241 0.240
0.262 0.240
0.267 0.240
0.272 0.240
0.261 0.240
0.260 0.240
0.266 0.240
0.259 0.240
0.262 0.240
0.267 0.240
0.266 0.240
0.270 0.240
0.270 0.240
0.240 0.240
0.273 0.240
0.268 0.240
0.257 0.240
0.256 0.240
0.264 0.240
0.270 0.240
0.260 0.240
0.272 0.240
0.267 0.240
0.268 0.240
0.250 0.240
0.251 0.240
0.271 0.240
0.261 0.240
0.269 0.240
0.263 0.240
0.255 0.240
0.252 0.240
0.261 0.240
0.256 0.240
0.186 0.240
0.180 0.240
0.203 0.240
0.224 0.240
0.220 0.240
0.229 0.240
0.218 0.240
0.228 0.240
0.237 0.240
0.235 0.240
0.212 0.240
0.223 0.240
0.237 0.240
0.226 0.240
* 0.250 0.240
0.244 0.240
0.229 0.240
0.229 0.240
0.254 0.240
0.254 0.240
0.236 0.240
0.233 0.240
0.235 0.240
* 0.254 0.240
0.244 0.240
0.253 0.240
0.258 0.240
0.255 0.240
0.250 0.240
0.263 0.240
0.245 0.240
0.251 0.240
0.261 0.240
0.246 0.240
0.262 0.240
0.252 0.240
0.264 0.240
0.257 0.240
0.252 0.240
0.263 0.240
0.262 0.240
0.246 0.240
0.221 0.240
0.174 0.240
0.157 0.240
0.193 0.240
0.216 0.240
0.207 0.240
0.219 0.240
0.223 0.240
0.229 0.240
0.220 0.240
0.230 0.240
0.228 0.240
0.237 0.240
0.237 0.240
0.214 0.240
0.233 0.240
* 0.259 0.240
0.245 0.240
0.249 0.240
0.218 0.240
0.239 0.240
0.242 0.240
0.234 0.240
0.268 0.240
0.260 0.240
0.267 0.240
0.249 0.240
0.261 0.240
0.256 0.240
0.249 0.240
0.255 0.240
0.260 0.240
0.259 0.240
0.260 0.240
0.260 0.240
0.255 0.240
0.256 0.240
0.246 0.240
0.257 0.240
0.265 0.240
0.256 0.240
0.264 0.240
0.266 0.240
0.276 0.240
0.270 0.240
0.271 0.240
0.262 0.240
0.269 0.240
0.267 0.240
0.274 0.240
0.258 0.240
0.284 0.240
0.264 0.240
0.264 0.240
0.269 0.240
0.264 0.240
0.272 0.240
0.277 0.253 0.266
0.265 0.253 0.266
0.256 0.253 0.266
0.250 0.253 0.266
0.247 0.253 0.266
0.264 0.253 0.266
0.277 0.253 0.267
0.270 0.253 0.267
0.273 0.253 0.267
0.262 0.253 0.267
0.267 0.253 0.267
0.261 0.253 0.267
0.272 0.253 0.267
0.274 0.253 0.267
0.272 0.253 0.267
0.265 0.253 0.267
0.271 0.253 0.267
0.267 0.253 0.267
0.264 0.253 0.267
0.267 0.253 0.267
0.267 0.253 0.267
0.268 0.253 0.267
0.272 0.253 0.267
0.271 0.253 0.267
0.275 0.253 0.267
0.274 0.253 0.267
0.280 0.253 0.267
0.274 0.253 0.267
0.265 0.253 0.267
0.267 0.253 0.267
0.278 0.253 0.267
0.280 0.253 0.267
0.269 0.253 0.267
0.270 0.253 0.267
0.267 0.253 0.267
0.283 0.253 0.267
0.283 0.253 0.267
0.286 0.253 0.267
0.267 0.253 0.267
0.280 0.253 0.267
0.274 0.254 0.267
0.282 0.254 0.267
0.272 0.254 0.267
0.271 0.254 0.267
0.274 0.254 0.267
0.264 0.254 0.267
0.269 0.254 0.267
0.270 0.254 0.267
0.271 0.254 0.267
0.274 0.254 0.267
0.252 0.254 0.267
0.258 0.254 0.267
0.270 0.254 0.267
0.263 0.254 0.267
0.274 0.254 0.267
0.273 0.254 0.267
0.277 0.254 0.267
0.270 0.254 0.267
0.279 0.254 0.267
0.264 0.254 0.267
0.269 0.254 0.267
0.277 0.254 0.267
0.266 0.254 0.267
0.266 0.254 0.267
0.266 0.254 0.267
0.277 0.254 0.267
0.254 0.254 0.267
0.254 0.254 0.267
0.262 0.254 0.267
0.269 0.254 0.267
0.260 0.254 0.267
0.275 0.254 0.267
0.275 0.254 0.267
0.274 0.254 0.267
0.265 0.254 0.267
0.260 0.254 0.267
0.259 0.254 0.267
0.269 0.254 0.267
0.261 0.254 0.266
0.264 0.254 0.266
0.264 0.254 0.266
0.264 0.254 0.266
0.259 0.254 0.266
0.261 0.254 0.266
0.272 0.254 0.266
0.264 0.254 0.266
0.277 0.254 0.266
0.268 0.254 0.266
0.280 0.254 0.267
0.267 0.254 0.267
0.273 0.254 0.267
0.264 0.254 0.267
0.273 0.255 0.267
0.282 0.255 0.267
0.276 0.255 0.267
0.272 0.255 0.267
0.284 0.255 0.267
0.274 0.255 0.267
0.286 0.255 0.267
0.286 0.255 0.267
0.274 0.255 0.267
0.266 0.255 0.267
0.275 0.255 0.267
0.279 0.255 0.267
0.269 0.255 0.267
0.274 0.255 0.267
0.268 0.255 0.267
0.261 0.255 0.267
0.249 0.255 0.267
0.258 0.255 0.267
0.256 0.255 0.267
0.272 0.255 0.267
0.258 0.255 0.267
0.268 0.255 0.267
0.262 0.255 0.267
0.244 0.255 0.267
0.269 0.254 0.267
0.271 0.254 0.267
0.249 0.254 0.267
0.260 0.254 0.267
0.277 0.254 0.267
0.265 0.254 0.267
0.271 0.254 0.267
0.271 0.254 0.267
0.274 0.254 0.267
0.266 0.255 0.267
0.271 0.255 0.267
0.271 0.255 0.267
0.274 0.255 0.267
0.264 0.255 0.267
0.267 0.255 0.267
0.271 0.255 0.267
0.259 0.254 0.267
0.277 0.254 0.267
0.270 0.255 0.267
0.255 0.254 0.267
0.253 0.254 0.267
0.271 0.254 0.267
0.257 0.255 0.267
0.256 0.255 0.267
0.262 0.255 0.267
0.261 0.255 0.267
0.257 0.255 0.267
0.266 0.255 0.267
0.273 0.255 0.267
0.268 0.255 0.267
0.257 0.254 0.267
0.256 0.254 0.267
0.253 0.254 0.267
0.246 0.254 0.267
0.255 0.254 0.266
0.253 0.254 0.266
0.238 0.254 0.266
0.270 0.254 0.266
0.249 0.254 0.266
0.251 0.254 0.266
0.257 0.254 0.266
0.255 0.254 0.266
0.244 0.254 0.266
0.259 0.254 0.266
0.264 0.254 0.266
0.257 0.254 0.266
0.260 0.254 0.266
0.260 0.254 0.266
0.240 0.254 0.266
0.257 0.254 0.266
0.249 0.254 0.266
0.234 0.254 0.266
0.242 0.254 0.266
0.235 0.254 0.266
0.241 0.254 0.266
0.244 0.254 0.266
0.247 0.254 0.266
0.249 0.254 0.266
0.236 0.254 0.266
0.241 0.254 0.266
* 0.266 0.254 0.266
0.242 0.254 0.266
0.252 0.254 0.266
0.257 0.253 0.266
0.270 0.253 0.266
0.252 0.253 0.266
0.251 0.253 0.266
0.252 0.253 0.266
* 0.259 0.253 0.266
0.263 0.253 0.265
0.272 0.253 0.265
0.283 0.253 0.265
0.269 0.253 0.265
0.269 0.253 0.265
0.267 0.253 0.265
0.281 0.253 0.265
0.254 0.253 0.265
0.250 0.253 0.265
0.257 0.253 0.265
0.270 0.253 0.265
0.267 0.253 0.265
0.264 0.253 0.265
0.261 0.253 0.265
0.254 0.253 0.265
0.266 0.253 0.265
0.263 0.253 0.265
0.277 0.253 0.265
0.282 0.253 0.265
0.263 0.253 0.265
0.272 0.253 0.265
0.259 0.253 0.265
0.279 0.253 0.265
0.262 0.253 0.265
0.266 0.253 0.265
0.253 0.253 0.265
0.271 0.253 0.265
0.267 0.253 0.265
0.267 0.253 0.265
0.263 0.253 0.265
0.269 0.253 0.265
0.292 0.253 0.265
0.286 0.253 0.265
0.279 0.253 0.265
0.274 0.253 0.265
0.265 0.253 0.265
0.282 0.253 0.265
0.274 0.253 0.265
0.283 0.253 0.265
0.267 0.253 0.265
0.273 0.253 0.265
0.277 0.253 0.265
0.286 0.253 0.265
0.276 0.253 0.265
0.274 0.253 0.265
0.275 0.253 0.265
0.241 0.253 0.265
0.248 0.253 0.265
0.279 0.253 0.265
0.280 0.253 0.265
0.252 0.253 0.265
0.255 0.253 0.264
0.253 0.253 0.264
0.252 0.253 0.264
0.258 0.253 0.264
0.270 0.253 0.264
0.267 0.253 0.264
0.264 0.253 0.264
0.258 0.253 0.264
0.279 0.253 0.264
0.271 0.253 0.264
0.267 0.253 0.264
0.262 0.253 0.264
0.266 0.253 0.264
0.264 0.253 0.264
0.269 0.253 0.264
0.254 0.253 0.264
0.257 0.253 0.264
0.244 0.253 0.264
0.254 0.253 0.264
0.256 0.253 0.264
0.250 0.253 0.264
0.244 0.253 0.264
0.258 0.253 0.264
0.260 0.253 0.264
0.249 0.253 0.264
0.253 0.253 0.264
0.262 0.253 0.264
0.265 0.253 0.264
0.256 0.253 0.264
0.244 0.253 0.264
0.251 0.253 0.264
0.227 0.253 0.264
0.250 0.253 0.264
* 0.258 0.253 0.264
0.257 0.253 0.264
0.259 0.253 0.264
0.201 0.253 0.264
0.180 0.253 0.264
0.199 0.253 0.264
0.218 0.253 0.264
0.228 0.253 0.264
0.214 0.253 0.264
0.233 0.253 0.264
0.226 0.253 0.264
0.228 0.253 0.264
0.242 0.253 0.264
0.241 0.253 0.264
0.232 0.253 0.264
0.245 0.253 0.264
* 0.263 0.253 0.264
0.252 0.253 0.264
0.252 0.253 0.264
0.269 0.253 0.264
0.271 0.253 0.264
0.243 0.253 0.264
0.247 0.253 0.264
0.260 0.252 0.264
0.241 0.252 0.264
0.252 0.252 0.264
0.256 0.252 0.264
0.255 0.252 0.264
0.263 0.252 0.264
0.263 0.252 0.264
0.273 0.252 0.264
0.255 0.252 0.264
0.253 0.252 0.264
0.261 0.252 0.264
0.265 0.252 0.264
0.252 0.252 0.263
0.232 0.252 0.263
0.237 0.252 0.263
0.262 0.252 0.263
0.256 0.252 0.263
0.252 0.252 0.263
0.245 0.252 0.263
0.244 0.252 0.263
0.238 0.252 0.263
0.251 0.252 0.263
0.239 0.252 0.263
0.249 0.252 0.263
* 0.258 0.252 0.263
0.266 0.252 0.263
0.263 0.252 0.263
0.261 0.252 0.263
0.274 0.252 0.263
0.270 0.252 0.263
0.267 0.252 0.263
0.249 0.252 0.263
0.246 0.252 0.263
0.245 0.252 0.263
0.245 0.252 0.263
0.245 0.252 0.263
* 0.253 0.252 0.263
0.288 0.252 0.263
0.277 0.252 0.263
0.269 0.252 0.263
0.273 0.252 0.263
0.281 0.252 0.263
0.280 0.252 0.263
0.292 0.252 0.263
0.287 0.252 0.263
0.253 0.252 0.263
0.281 0.252 0.263
0.275 0.252 0.263
0.280 0.252 0.263
0.262 0.252 0.263
0.272 0.252 0.263
0.294 0.252 0.263
0.277 0.252 0.263
0.284 0.252 0.263
0.262 0.252 0.263
0.254 0.252 0.263
0.264 0.252 0.263
0.268 0.252 0.263
0.267 0.252 0.263
0.248 0.252 0.263
0.260 0.252 0.263
0.269 0.252 0.263
0.265 0.252 0.263
0.272 0.252 0.263
0.264 0.252 0.263
0.280 0.252 0.263
0.261 0.252 0.263
0.276 0.252 0.263
0.274 0.252 0.263
0.263 0.252 0.263
0.254 0.252 0.263
0.262 0.252 0.263
0.262 0.252 0.263
0.259 0.252 0.263
0.279 0.252 0.263
0.272 0.252 0.263
0.278 0.252 0.263
0.262 0.252 0.263
0.263 0.252 0.263
0.272 0.252 0.263
0.270 0.252 0.263
0.296 0.252 0.263
0.262 0.252 0.263
0.286 0.252 0.263
0.277 0.252 0.263
0.268 0.252 0.263
0.278 0.252 0.264
0.272 0.252 0.264
0.271 0.252 0.264
0.277 0.253 0.264
0.283 0.253 0.264
0.270 0.253 0.264
0.284 0.253 0.264
0.291 0.253 0.264
0.298 0.253 0.264
0.285 0.253 0.264
0.284 0.253 0.264
0.256 0.253 0.264
0.178 0.253 0.264
0.199 0.253 0.264
0.229 0.253 0.264
0.248 0.253 0.264
* 0.253 0.253 0.264
0.247 0.253 0.264
0.251 0.253 0.264
0.260 0.253 0.264
0.239 0.253 0.264
0.250 0.253 0.264
0.252 0.253 0.264
0.252 0.253 0.264
* 0.263 0.253 0.264
0.267 0.253 0.264
0.263 0.253 0.264
0.254 0.253 0.264
0.245 0.253 0.264
0.243 0.253 0.264
0.254 0.253 0.264
0.236 0.253 0.264
0.244 0.253 0.264
0.240 0.253 0.264
0.252 0.253 0.264
* 0.255 0.253 0.264
0.245 0.253 0.264
0.238 0.253 0.264
0.240 0.253 0.264
0.247 0.253 0.264
0.223 0.253 0.264
0.234 0.253 0.264
0.229 0.253 0.264
0.239 0.253 0.264
0.245 0.253 0.264
* 0.264 0.253 0.264
0.257 0.253 0.264
0.250 0.253 0.264
0.266 0.253 0.264
0.234 0.253 0.264
0.242 0.253 0.264
0.249 0.253 0.264
* 0.253 0.253 0.264
0.237 0.253 0.264
0.258 0.253 0.264
0.262 0.253 0.264
0.252 0.253 0.264
0.255 0.253 0.264
0.255 0.252 0.264
0.245 0.252 0.264
0.250 0.252 0.264
0.229 0.252 0.264
0.237 0.252 0.264
0.239 0.252 0.264
* 0.262 0.252 0.264
0.244 0.252 0.264
0.245 0.252 0.264
0.235 0.252 0.264
0.234 0.252 0.264
0.239 0.252 0.264
* 0.254 0.252 0.264
0.260 0.252 0.264
0.264 0.252 0.264
0.280 0.252 0.264
0.267 0.252 0.264
0.248 0.252 0.264
0.262 0.252 0.264
0.248 0.252 0.264
0.252 0.252 0.264
0.246 0.252 0.264
0.246 0.252 0.264
0.252 0.252 0.264
0.242 0.252 0.264
0.252 0.252 0.264
* 0.256 0.252 0.264
0.258 0.252 0.264
0.270 0.252 0.264
0.268 0.252 0.264
0.258 0.252 0.264
0.254 0.252 0.264
0.254 0.252 0.264
0.254 0.253 0.264
0.258 0.252 0.264
0.252 0.252 0.264
0.240 0.252 0.264
0.252 0.252 0.264
* 0.277 0.253 0.264
0.258 0.253 0.264
0.264 0.253 0.264
0.259 0.253 0.264
0.263 0.253 0.264
0.262 0.253 0.264
0.248 0.253 0.264
0.265 0.253 0.264
0.260 0.253 0.264
0.250 0.253 0.264
0.265 0.253 0.264
0.263 0.253 0.264
0.263 0.253 0.264
0.240 0.253 0.264
0.262 0.253 0.264
0.246 0.253 0.264
0.248 0.253 0.264
0.244 0.253 0.264
* 0.268 0.253 0.264
0.242 0.253 0.264
0.245 0.253 0.264
0.267 0.252 0.264
0.260 0.252 0.264
0.264 0.252 0.264
0.256 0.252 0.264
0.256 0.252 0.264
0.254 0.252 0.264
0.248 0.252 0.264
0.244 0.252 0.264
0.258 0.252 0.264
0.250 0.252 0.264
0.262 0.252 0.264
0.262 0.252 0.264
0.239 0.252 0.264
0.268 0.252 0.264
0.257 0.252 0.264
0.257 0.252 0.264
0.253 0.252 0.264
0.259 0.252 0.264
0.247 0.252 0.264
0.269 0.252 0.264
0.261 0.252 0.264
0.250 0.252 0.264
0.260 0.252 0.263
0.270 0.252 0.264
0.258 0.252 0.264
0.258 0.252 0.264
0.258 0.252 0.264
0.266 0.252 0.264
0.262 0.252 0.264
0.258 0.252 0.264
0.257 0.253 0.264
0.259 0.253 0.264
0.237 0.253 0.264
0.256 0.252 0.264
0.246 0.252 0.264
0.248 0.252 0.264
0.250 0.252 0.264
* 0.254 0.253 0.264
0.252 0.253 0.264
0.238 0.253 0.264
0.242 0.253 0.264
0.252 0.253 0.264
* 0.254 0.253 0.264
0.252 0.253 0.264
0.246 0.253 0.264
0.262 0.252 0.264
0.254 0.252 0.264
0.252 0.252 0.264
0.265 0.253 0.264
0.275 0.253 0.264
0.280 0.253 0.264
0.270 0.253 0.264
0.268 0.253 0.264
0.260 0.253 0.264
0.269 0.253 0.264
0.245 0.253 0.264
0.261 0.253 0.264
0.269 0.253 0.264
0.264 0.253 0.264
0.268 0.253 0.264
0.257 0.253 0.264
0.256 0.253 0.264
0.256 0.253 0.264
0.265 0.253 0.264
0.250 0.253 0.264
0.248 0.253 0.264
0.250 0.253 0.264
* 0.260 0.253 0.264
0.273 0.253 0.264
0.254 0.253 0.264
0.268 0.253 0.264
0.274 0.253 0.264
0.284 0.253 0.264
0.257 0.253 0.264
0.265 0.254 0.264
0.285 0.254 0.264
0.265 0.254 0.264
0.273 0.254 0.264
0.268 0.254 0.264
0.258 0.254 0.264
0.269 0.254 0.264
0.270 0.254 0.264
0.278 0.254 0.265
0.289 0.254 0.265
0.265 0.254 0.265
0.278 0.254 0.265
0.239 0.254 0.265
0.176 0.254 0.265
0.159 0.254 0.265
0.160 0.254 0.265
0.206 0.254 0.265
0.200 0.254 0.265
0.196 0.254 0.265
0.181 0.254 0.265
0.216 0.254 0.265
0.213 0.254 0.265
0.210 0.254 0.265
0.211 0.254 0.265
0.220 0.254 0.265
0.207 0.254 0.265
0.221 0.254 0.265
0.217 0.254 0.265
0.204 0.254 0.265
0.169 0.254 0.265
0.193 0.254 0.265
0.196 0.254 0.265
0.215 0.254 0.265
0.204 0.254 0.265
0.188 0.254 0.265
0.208 0.254 0.265
0.210 0.254 0.265
0.214 0.254 0.265
0.225 0.254 0.265
0.232 0.254 0.265
0.237 0.254 0.265
0.247 0.254 0.265
0.247 0.254 0.265
* 0.261 0.254 0.265
0.259 0.254 0.265
0.260 0.254 0.265
0.242 0.254 0.265
0.263 0.254 0.265
0.245 0.254 0.265
0.253 0.254 0.265
0.244 0.254 0.265
* 0.260 0.254 0.265
0.266 0.254 0.265
0.261 0.254 0.265
0.265 0.254 0.265
0.253 0.254 0.265
0.263 0.254 0.265
0.256 0.254 0.264
0.249 0.254 0.264
0.251 0.254 0.264
0.253 0.254 0.264
* 0.262 0.254 0.264
0.261 0.254 0.264
0.251 0.254 0.264
0.263 0.254 0.264
0.275 0.254 0.264
0.260 0.254 0.264
0.283 0.254 0.264
0.269 0.254 0.264
0.285 0.254 0.265
0.270 0.254 0.265
0.266 0.254 0.265
0.281 0.254 0.265
0.262 0.254 0.265
0.255 0.254 0.265
0.265 0.254 0.265
0.257 0.254 0.264
0.267 0.254 0.265
0.249 0.254 0.265
0.263 0.254 0.264
0.250 0.254 0.264
0.267 0.253 0.264
0.279 0.253 0.264
0.271 0.253 0.264
0.273 0.253 0.264
0.253 0.253 0.264
0.275 0.253 0.264
0.266 0.253 0.264
0.279 0.253 0.264
0.252 0.253 0.264
0.263 0.253 0.264
0.269 0.253 0.264
0.267 0.253 0.264
0.263 0.253 0.264
0.268 0.253 0.264
0.275 0.253 0.264
0.265 0.253 0.264
0.259 0.253 0.264
0.261 0.253 0.264
0.273 0.253 0.264
0.265 0.253 0.264
0.278 0.253 0.264
0.269 0.253 0.264
0.279 0.253 0.264
0.272 0.253 0.264
0.268 0.253 0.264
0.271 0.253 0.264
0.267 0.253 0.264
0.267 0.253 0.264
0.255 0.253 0.264
0.270 0.253 0.264
0.259 0.253 0.264
0.272 0.253 0.264
0.265 0.253 0.264
0.250 0.253 0.264
0.271 0.253 0.264
0.261 0.253 0.264
0.272 0.253 0.264
0.263 0.253 0.264
0.257 0.253 0.264
0.273 0.253 0.264
0.269 0.253 0.264
0.273 0.253 0.264
0.273 0.253 0.264
0.271 0.253 0.264
0.269 0.253 0.264
0.273 0.253 0.264
0.271 0.253 0.264
0.250 0.253 0.264
0.271 0.253 0.264
0.265 0.253 0.264
0.278 0.253 0.264
0.273 0.253 0.264
0.260 0.253 0.264
0.260 0.253 0.264
0.268 0.253 0.264
0.264 0.253 0.264
0.260 0.253 0.264
0.268 0.253 0.264
0.263 0.253 0.264
0.274 0.253 0.264
0.264 0.253 0.264
0.265 0.253 0.264
0.273 0.253 0.264
0.255 0.253 0.264
0.292 0.253 0.264
0.278 0.253 0.264
0.285 0.253 0.264
0.275 0.253 0.264
0.263 0.253 0.264
0.270 0.253 0.264
0.276 0.253 0.264
0.278 0.253 0.264
0.269 0.253 0.264
0.268 0.253 0.264
0.276 0.253 0.264
0.280 0.253 0.264
0.275 0.253 0.264
0.249 0.253 0.264
0.262 0.253 0.264
0.262 0.253 0.264
0.267 0.253 0.264
0.247 0.253 0.264
0.264 0.253 0.264
0.245 0.253 0.264
0.240 0.253 0.264
0.257 0.253 0.264
0.252 0.253 0.264
0.250 0.253 0.264
0.253 0.253 0.264
0.253 0.253 0.264
0.252 0.253 0.264
0.258 0.253 0.264
0.255 0.253 0.264
0.252 0.253 0.264
0.250 0.253 0.264
0.260 0.253 0.264
0.247 0.253 0.264
0.258 0.253 0.264
0.260 0.253 0.264
0.254 0.253 0.264
0.263 0.253 0.264
0.253 0.253 0.264
0.249 0.253 0.264
0.255 0.253 0.263
0.263 0.253 0.263
0.267 0.253 0.263
0.272 0.253 0.263
0.274 0.253 0.263
0.260 0.253 0.263
0.267 0.253 0.263
0.273 0.253 0.263
0.267 0.253 0.263
0.257 0.253 0.263
0.267 0.253 0.263
0.263 0.253 0.263
0.276 0.253 0.263
0.262 0.253 0.263
0.267 0.253 0.263
0.265 0.253 0.263
0.273 0.253 0.263
0.268 0.253 0.263
0.278 0.253 0.263
0.278 0.253 0.264
0.264 0.253 0.264
0.263 0.253 0.264
0.262 0.253 0.264
0.259 0.253 0.264
0.271 0.253 0.264
0.272 0.253 0.264
0.278 0.253 0.264
0.248 0.253 0.264
0.262 0.253 0.264
0.252 0.253 0.264
0.266 0.253 0.264
0.255 0.253 0.264
0.262 0.253 0.264
0.260 0.253 0.264
0.260 0.253 0.264
0.270 0.253 0.264
0.259 0.253 0.264
0.270 0.253 0.264
0.262 0.253 0.264
0.276 0.253 0.264
0.265 0.253 0.264
0.260 0.253 0.264
0.257 0.253 0.264
0.264 0.253 0.264
0.257 0.253 0.264
0.265 0.253 0.264
0.260 0.253 0.264
0.263 0.253 0.264
0.271 0.253 0.264
0.261 0.253 0.264
0.267 0.253 0.264
0.260 0.253 0.264
0.245 0.253 0.264
0.267 0.253 0.264
0.272 0.253 0.264
0.248 0.253 0.264
0.262 0.253 0.264
0.271 0.253 0.264
0.270 0.253 0.264
0.247 0.253 0.264
0.260 0.253 0.264
0.258 0.253 0.264
0.255 0.253 0.264
0.269 0.253 0.264
0.263 0.253 0.264
0.275 0.253 0.264
0.253 0.253 0.264
0.249 0.253 0.264
0.245 0.253 0.264
0.255 0.253 0.264
0.254 0.253 0.264
0.270 0.253 0.264
0.259 0.253 0.264
0.265 0.253 0.264
0.262 0.253 0.264
0.235 0.253 0.264
0.177 0.253 0.264
0.187 0.253 0.264
0.212 0.253 0.264
0.211 0.253 0.264
0.231 0.253 0.264
0.232 0.253 0.264
0.249 0.253 0.264
0.236 0.253 0.264
0.250 0.253 0.264
0.251 0.253 0.264
0.240 0.253 0.264
0.243 0.253 0.264
0.253 0.253 0.264
0.253 0.253 0.264
* 0.257 0.253 0.264
0.257 0.253 0.264
0.253 0.253 0.264
0.234 0.253 0.264
0.249 0.253 0.264
0.257 0.253 0.263
0.255 0.253 0.263
0.245 0.253 0.263
0.233 0.253 0.263
0.251 0.253 0.263
0.247 0.253 0.263
0.243 0.253 0.263
0.234 0.253 0.263
0.250 0.253 0.263
0.249 0.253 0.263
0.243 0.253 0.263
0.247 0.253 0.263
0.244 0.253 0.263
* 0.254 0.253 0.263
0.255 0.253 0.263
0.259 0.253 0.263
0.237 0.253 0.263
0.243 0.253 0.263
0.248 0.253 0.263
0.238 0.253 0.263
0.245 0.253 0.263
0.236 0.253 0.263
0.247 0.253 0.263
0.237 0.253 0.263
0.249 0.253 0.263
0.237 0.253 0.263
0.241 0.253 0.263
* 0.253 0.253 0.263
0.247 0.253 0.263
0.249 0.253 0.263
0.263 0.252 0.263
0.246 0.252 0.263
0.244 0.252 0.263
0.257 0.252 0.263
0.255 0.252 0.263
0.253 0.252 0.263
0.259 0.252 0.263
0.246 0.252 0.263
0.271 0.252 0.263
0.265 0.252 0.263
0.255 0.252 0.263
0.255 0.252 0.263
0.252 0.252 0.263
0.260 0.252 0.263
0.259 0.252 0.263
0.253 0.252 0.263
0.251 0.252 0.263
0.251 0.252 0.263
0.253 0.252 0.263
0.252 0.252 0.263
0.255 0.252 0.263
0.261 0.252 0.263
0.257 0.252 0.263
0.253 0.252 0.263
0.253 0.252 0.263
0.262 0.252 0.263
0.255 0.252 0.262
0.243 0.252 0.262
0.261 0.252 0.262
0.265 0.252 0.262
0.264 0.252 0.262
0.261 0.252 0.262
0.271 0.252 0.262
0.283 0.252 0.263
0.273 0.252 0.263
0.275 0.252 0.263
0.278 0.252 0.263
0.261 0.252 0.263
0.265 0.252 0.263
0.280 0.252 0.263
0.257 0.252 0.263
0.265 0.252 0.263
0.281 0.252 0.263
0.268 0.252 0.263
0.273 0.252 0.263
0.267 0.252 0.263
0.278 0.252 0.263
0.263 0.252 0.263
0.267 0.252 0.263
0.272 0.252 0.263
0.257 0.252 0.263
0.274 0.252 0.263
0.273 0.252 0.263
0.263 0.252 0.263
0.265 0.253 0.263
0.276 0.253 0.263
0.263 0.253 0.263
0.275 0.253 0.263
0.257 0.253 0.263
0.266 0.253 0.263
0.276 0.253 0.263
0.271 0.253 0.263
0.263 0.253 0.263
0.260 0.253 0.263
0.257 0.253 0.263
0.275 0.253 0.263
0.267 0.253 0.263
0.251 0.253 0.263
0.268 0.253 0.263
0.258 0.253 0.263
0.257 0.253 0.263
0.254 0.253 0.263
0.254 0.253 0.263
0.249 0.253 0.263
0.262 0.253 0.263
0.258 0.253 0.263
0.255 0.253 0.263
0.243 0.253 0.263
0.254 0.253 0.263
0.249 0.253 0.263
0.257 0.253 0.263
0.261 0.253 0.263
0.254 0.253 0.263
0.262 0.253 0.263
0.274 0.253 0.263
0.249 0.253 0.263
0.261 0.253 0.263
0.258 0.253 0.263
0.249 0.253 0.263
0.245 0.253 0.263
0.257 0.253 0.263
0.245 0.253 0.263
0.239 0.253 0.263
0.247 0.253 0.263
* 0.257 0.253 0.263
0.255 0.253 0.263
0.249 0.253 0.263
0.259 0.253 0.263
0.250 0.253 0.263
0.243 0.253 0.263
0.252 0.253 0.263
0.249 0.253 0.263
0.243 0.253 0.263
* 0.256 0.253 0.263
0.268 0.253 0.263
0.251 0.253 0.263
0.259 0.253 0.263
0.262 0.253 0.263
0.251 0.253 0.263
0.265 0.253 0.263
0.241 0.253 0.263
0.240 0.253 0.263
0.234 0.253 0.263
0.247 0.253 0.263
0.235 0.253 0.263
* 0.261 0.252 0.262
0.251 0.252 0.262
0.251 0.252 0.262
0.225 0.252 0.262
0.176 0.252 0.262
0.176 0.252 0.262
0.181 0.252 0.262
0.212 0.252 0.262
0.217 0.252 0.262
0.216 0.252 0.262
0.222 0.252 0.262
0.228 0.252 0.262
0.220 0.252 0.262
0.224 0.252 0.262
0.234 0.252 0.262
0.240 0.252 0.262
0.235 0.252 0.262
0.232 0.252 0.262
* 0.253 0.252 0.262
0.246 0.252 0.262
0.247 0.252 0.262
0.241 0.252 0.262
0.240 0.252 0.262
0.250 0.252 0.262
* 0.256 0.252 0.262
0.245 0.252 0.262
0.254 0.252 0.262
0.247 0.252 0.262
0.231 0.252 0.262
0.250 0.252 0.262
0.245 0.252 0.262
0.247 0.252 0.262
* 0.264 0.252 0.262
0.259 0.252 0.262
0.253 0.252 0.262
0.267 0.252 0.262
0.263 0.252 0.262
0.255 0.252 0.262
0.251 0.252 0.262
0.262 0.252 0.262
0.261 0.252 0.262
0.260 0.252 0.262
0.246 0.252 0.262
0.245 0.252 0.262
0.253 0.252 0.262
0.264 0.252 0.262
0.255 0.252 0.262
0.258 0.252 0.262
0.253 0.252 0.262
0.261 0.252 0.262
0.259 0.252 0.262
0.254 0.252 0.262
0.259 0.252 0.262
0.257 0.252 0.262
0.247 0.252 0.262
0.254 0.252 0.262
0.206 0.252 0.262
0.165 0.252 0.262
0.169 0.252 0.262
0.206 0.252 0.262
0.226 0.252 0.262
0.233 0.252 0.262
0.234 0.252 0.262
0.234 0.252 0.262
0.239 0.252 0.262
0.251 0.252 0.262
0.227 0.252 0.262
0.237 0.252 0.262
0.240 0.252 0.262
* 0.256 0.252 0.262
0.263 0.252 0.262
0.259 0.252 0.262
0.254 0.252 0.262
0.246 0.252 0.262
0.247 0.252 0.262
0.264 0.252 0.262
0.250 0.252 0.262
0.260 0.252 0.261
0.252 0.252 0.261
0.256 0.252 0.261
0.254 0.252 0.261
0.264 0.252 0.261
0.267 0.252 0.261
0.258 0.252 0.261
0.268 0.252 0.261
0.258 0.252 0.261
0.258 0.252 0.261
0.267 0.252 0.261
0.267 0.252 0.261
0.254 0.252 0.261
0.258 0.252 0.261
0.252 0.252 0.261
0.237 0.252 0.261
0.243 0.252 0.261
0.257 0.252 0.261
0.235 0.252 0.261
0.239 0.252 0.261
0.254 0.252 0.261
0.250 0.252 0.261
0.217 0.252 0.261
0.250 0.252 0.261
* 0.272 0.252 0.261
0.265 0.252 0.261
0.270 0.252 0.261
0.266 0.252 0.261
0.252 0.252 0.261
0.280 0.252 0.261
0.253 0.252 0.261
0.263 0.252 0.261
0.265 0.252 0.261
0.266 0.252 0.261
0.277 0.252 0.261
0.275 0.252 0.261
0.262 0.252 0.261
0.252 0.252 0.261
0.267 0.252 0.261
0.265 0.252 0.261
0.265 0.252 0.261
0.268 0.252 0.261
0.250 0.252 0.261
0.253 0.252 0.261
0.248 0.252 0.261
0.257 0.252 0.261
0.255 0.252 0.261
0.263 0.252 0.261
0.262 0.252 0.261
0.263 0.252 0.261
0.262 0.252 0.261
0.277 0.252 0.261
0.277 0.252 0.261
0.264 0.252 0.261
0.271 0.252 0.261
0.249 0.252 0.261
0.250 0.252 0.261
0.255 0.252 0.261
0.250 0.252 0.261
0.258 0.252 0.261
0.270 0.252 0.261
0.270 0.252 0.261
0.263 0.252 0.261
0.268 0.252 0.262
0.262 0.252 0.262
0.274 0.252 0.262
0.263 0.252 0.262
0.270 0.252 0.262
0.247 0.252 0.262
0.263 0.252 0.262
0.267 0.252 0.262
0.253 0.252 0.262
0.258 0.252 0.262
0.260 0.252 0.262
0.249 0.252 0.262
0.275 0.252 0.262
0.262 0.252 0.262
0.253 0.252 0.262
0.250 0.252 0.262
0.252 0.252 0.262
0.252 0.252 0.262
* 0.258 0.252 0.262
0.243 0.252 0.262
0.253 0.252 0.262
0.267 0.252 0.262
0.275 0.252 0.262
0.265 0.252 0.262
0.270 0.252 0.262
0.253 0.252 0.262
0.270 0.252 0.262
0.267 0.252 0.262
0.270 0.252 0.262
0.240 0.252 0.262
0.265 0.252 0.262
0.267 0.252 0.262
0.270 0.252 0.262
0.252 0.252 0.262
0.257 0.252 0.262
0.255 0.252 0.262
0.257 0.252 0.262
0.263 0.252 0.262
0.244 0.252 0.262
0.250 0.252 0.262
0.275 0.252 0.262
0.260 0.252 0.262
0.258 0.252 0.262
0.258 0.252 0.262
0.260 0.252 0.262
0.252 0.252 0.262
0.260 0.252 0.262
0.250 0.252 0.262
0.260 0.252 0.262
0.260 0.252 0.262
0.277 0.252 0.262
0.260 0.252 0.262
0.245 0.252 0.262
0.262 0.252 0.262
0.270 0.252 0.262
0.247 0.252 0.262
0.257 0.252 0.262
0.255 0.252 0.262
0.255 0.252 0.262
0.247 0.252 0.262
0.249 0.252 0.262
0.252 0.252 0.262
* 0.253 0.252 0.262
0.238 0.252 0.262
0.248 0.252 0.262
0.248 0.252 0.262
0.248 0.252 0.262
* 0.253 0.252 0.262
0.245 0.252 0.262
0.211 0.252 0.262
0.181 0.252 0.262
0.203 0.252 0.262
0.222 0.252 0.262
0.218 0.252 0.262
0.238 0.252 0.262
0.247 0.252 0.262
0.240 0.252 0.262
0.245 0.252 0.262
0.252 0.252 0.262
0.231 0.252 0.262
0.250 0.252 0.262
0.228 0.252 0.262
0.240 0.252 0.262
0.232 0.252 0.262
* 0.257 0.252 0.262
0.245 0.252 0.262
0.243 0.252 0.262
0.243 0.252 0.262
0.237 0.252 0.262
0.227 0.252 0.262
0.238 0.252 0.262
0.247 0.252 0.262
0.243 0.252 0.262
* 0.257 0.252 0.262
0.255 0.252 0.262
0.248 0.252 0.262
0.249 0.252 0.262
0.247 0.252 0.262
0.248 0.252 0.262
* 0.264 0.252 0.262
0.255 0.252 0.262
0.237 0.252 0.262
0.240 0.252 0.262
0.249 0.252 0.262
* 0.253 0.252 0.262
0.253 0.252 0.262
0.257 0.252 0.262
0.235 0.252 0.262
0.249 0.252 0.262
0.242 0.252 0.262
0.235 0.252 0.262
0.238 0.252 0.262
0.247 0.252 0.262
* 0.253 0.252 0.261
0.240 0.252 0.261
0.268 0.252 0.261
0.255 0.252 0.261
0.268 0.252 0.261
0.258 0.252 0.261
0.245 0.252 0.261
0.262 0.252 0.261
0.230 0.252 0.261
0.252 0.252 0.261
0.255 0.252 0.261
0.245 0.252 0.261
0.263 0.252 0.261
0.263 0.252 0.261
0.262 0.252 0.261
0.252 0.252 0.261
0.238 0.252 0.261
0.239 0.252 0.261
0.237 0.252 0.261
0.245 0.252 0.261
0.212 0.252 0.261
0.237 0.252 0.261
0.234 0.252 0.261
0.250 0.252 0.261
0.244 0.252 0.261
* 0.253 0.252 0.261
0.229 0.252 0.261
0.237 0.252 0.261
0.253 0.251 0.261
0.250 0.251 0.261
0.248 0.251 0.261
0.257 0.251 0.261
0.250 0.251 0.261
0.240 0.251 0.261
0.260 0.251 0.261
0.249 0.251 0.261
0.248 0.251 0.261
0.252 0.251 0.261
0.250 0.251 0.261
0.247 0.251 0.261
0.245 0.251 0.261
0.239 0.251 0.261
* 0.254 0.251 0.261
0.244 0.251 0.261
0.235 0.251 0.261
0.267 0.251 0.261
0.260 0.251 0.261
0.245 0.251 0.261
0.257 0.251 0.260
0.272 0.251 0.260
0.248 0.251 0.260
0.250 0.251 0.260
0.267 0.251 0.260
0.250 0.251 0.260
0.255 0.251 0.260
0.253 0.251 0.260
0.255 0.251 0.260
0.255 0.251 0.260
0.258 0.251 0.260
0.250 0.251 0.260
0.245 0.251 0.260
0.263 0.251 0.260
0.263 0.251 0.260
0.265 0.251 0.260
0.248 0.251 0.260
0.257 0.251 0.260
0.255 0.251 0.260
0.257 0.251 0.260
0.250 0.251 0.260
0.257 0.251 0.260
0.269 0.251 0.260
0.268 0.251 0.260
0.254 0.251 0.260
0.252 0.251 0.260
0.253 0.251 0.260
0.255 0.250 0.260
0.257 0.250 0.260
0.247 0.250 0.260
0.243 0.250 0.260
0.250 0.250 0.260
0.243 0.250 0.260
0.247 0.250 0.260
0.232 0.250 0.260
* 0.257 0.250 0.260
0.255 0.250 0.260
0.255 0.250 0.260
0.259 0.250 0.260
0.265 0.250 0.260
0.258 0.250 0.260
0.270 0.250 0.260
0.250 0.250 0.260
0.255 0.250 0.260
0.252 0.250 0.260
0.264 0.250 0.260
0.240 0.250 0.260
0.255 0.250 0.260
0.259 0.250 0.260
0.265 0.250 0.260
0.257 0.250 0.260
0.262 0.250 0.260
0.253 0.250 0.260
0.257 0.250 0.260
0.268 0.250 0.260
0.267 0.250 0.260
0.272 0.250 0.260
0.284 0.250 0.260
0.275 0.250 0.260
0.269 0.250 0.260
0.267 0.250 0.260
0.277 0.250 0.260
0.275 0.250 0.260
0.263 0.250 0.260
0.263 0.250 0.260
0.264 0.250 0.260
0.265 0.250 0.260
0.260 0.250 0.260
0.263 0.250 0.260
0.257 0.250 0.260
0.255 0.250 0.260
0.270 0.250 0.260
0.262 0.250 0.260
0.267 0.250 0.260
0.262 0.250 0.260
0.267 0.250 0.260
0.260 0.250 0.260
0.255 0.250 0.260
0.267 0.250 0.260
0.247 0.250 0.260
0.270 0.250 0.259
0.258 0.250 0.259
0.274 0.250 0.259
0.260 0.250 0.259
0.250 0.250 0.259
0.267 0.250 0.259
0.262 0.250 0.259
0.274 0.250 0.259
0.253 0.250 0.259
0.261 0.250 0.259
0.265 0.250 0.259
0.263 0.250 0.259
0.284 0.250 0.259
0.274 0.250 0.259
0.274 0.250 0.259
0.254 0.250 0.259
0.248 0.250 0.259
0.269 0.250 0.259
0.242 0.250 0.259
0.274 0.250 0.259
0.255 0.250 0.259
0.250 0.250 0.259
0.254 0.250 0.259
0.273 0.250 0.259
0.258 0.250 0.259
0.270 0.250 0.259
0.267 0.250 0.259
0.262 0.250 0.259
0.268 0.250 0.260
0.253 0.250 0.260
0.280 0.250 0.260
0.262 0.250 0.260
0.269 0.250 0.260
0.260 0.250 0.260
0.259 0.250 0.260
0.265 0.250 0.260
0.262 0.250 0.260
0.267 0.251 0.260
0.265 0.251 0.260
0.267 0.251 0.260
0.262 0.251 0.260
0.272 0.251 0.260
0.257 0.251 0.260
0.264 0.251 0.260
0.252 0.251 0.260
0.265 0.251 0.260
0.257 0.251 0.260
0.257 0.251 0.260
0.262 0.250 0.260
0.263 0.250 0.260
0.275 0.251 0.260
0.243 0.251 0.260
0.255 0.250 0.260
0.258 0.250 0.260
0.263 0.250 0.259
0.257 0.250 0.259
0.275 0.250 0.259
0.270 0.250 0.259
0.267 0.250 0.259
0.260 0.250 0.259
0.253 0.250 0.259
0.258 0.250 0.259
0.200 0.250 0.259
0.162 0.250 0.259
0.167 0.250 0.259
0.166 0.250 0.259
0.196 0.250 0.259
0.227 0.250 0.259
0.225 0.250 0.259
0.222 0.250 0.259
0.229 0.250 0.259
0.232 0.250 0.259
0.230 0.250 0.259
0.235 0.250 0.259
0.232 0.250 0.259
0.214 0.250 0.259
0.228 0.250 0.259
0.232 0.250 0.259
0.245 0.250 0.259
0.242 0.250 0.259
0.250 0.250 0.259
0.244 0.250 0.259
0.233 0.250 0.259
0.230 0.250 0.259
0.242 0.250 0.259
0.235 0.250 0.259
0.235 0.250 0.259
0.237 0.250 0.259
0.232 0.250 0.259
* 0.253 0.250 0.259
0.240 0.250 0.259
0.245 0.250 0.259
0.227 0.250 0.259
0.245 0.250 0.259
0.211 0.250 0.259
0.156 0.250 0.259
0.163 0.250 0.259
0.174 0.250 0.259
0.179 0.250 0.259
0.190 0.250 0.259
0.208 0.250 0.259
0.206 0.250 0.259
0.206 0.250 0.259
0.210 0.250 0.259
0.210 0.250 0.259
0.219 0.250 0.259
0.228 0.250 0.259
0.225 0.250 0.259
0.219 0.250 0.259
0.205 0.250 0.259
0.226 0.250 0.259
0.211 0.250 0.259
0.211 0.250 0.259
0.219 0.250 0.259
0.221 0.250 0.259
0.226 0.250 0.259
0.241 0.250 0.259
0.229 0.250 0.259
* 0.252 0.250 0.259
0.254 0.250 0.259
0.254 0.250 0.259
0.216 0.250 0.259
0.240 0.250 0.259
0.232 0.250 0.259
* 0.252 0.250 0.259
0.246 0.250 0.259
0.240 0.250 0.259
0.232 0.250 0.259
0.235 0.250 0.259
0.230 0.250 0.259
0.160 0.250 0.259
0.180 0.250 0.259
0.218 0.250 0.259
0.230 0.250 0.259
0.238 0.250 0.259
0.232 0.250 0.259
* 0.255 0.250 0.259
0.241 0.250 0.259
0.243 0.250 0.259
0.244 0.250 0.259
* 0.261 0.250 0.259
0.235 0.250 0.259
0.253 0.250 0.259
0.253 0.250 0.259
0.248 0.250 0.259
0.255 0.250 0.259
0.252 0.250 0.259
0.251 0.250 0.259
0.254 0.250 0.259
0.245 0.250 0.259
0.254 0.250 0.259
0.237 0.250 0.259
0.251 0.250 0.259
0.259 0.250 0.259
0.259 0.250 0.259
0.242 0.250 0.259
0.233 0.250 0.259
0.261 0.250 0.259
0.259 0.250 0.259
0.235 0.250 0.259
0.261 0.250 0.259
0.244 0.250 0.259
0.263 0.250 0.259
0.237 0.250 0.259
0.263 0.249 0.259
0.257 0.249 0.259
0.257 0.249 0.259
0.247 0.249 0.259
0.233 0.249 0.259
0.251 0.249 0.259
0.236 0.249 0.259
0.237 0.249 0.259
0.267 0.249 0.259
0.248 0.249 0.259
0.272 0.249 0.258
0.255 0.249 0.258
0.246 0.249 0.258
0.254 0.249 0.258
0.238 0.249 0.258
0.246 0.249 0.258
0.251 0.249 0.258
0.267 0.249 0.258
0.255 0.249 0.258
0.257 0.249 0.258
0.240 0.249 0.258
0.227 0.249 0.258
0.235 0.249 0.258
* 0.250 0.249 0.258
0.282 0.249 0.258
0.271 0.249 0.258
0.276 0.249 0.258
0.272 0.249 0.259
0.278 0.249 0.259
0.259 0.249 0.259
0.186 0.249 0.259
0.212 0.249 0.259
0.254 0.248 0.258
0.261 0.248 0.258
0.195 0.248 0.258
0.209 0.248 0.258
0.244 0.248 0.258
* 0.259 0.248 0.258
0.275 0.248 0.258
0.288 0.248 0.259
0.276 0.248 0.259
0.279 0.248 0.259
0.272 0.248 0.259
0.254 0.248 0.259
0.268 0.248 0.259
0.262 0.248 0.259
0.261 0.248 0.259
0.266 0.248 0.259
0.269 0.248 0.259
0.265 0.248 0.259
0.254 0.248 0.259
0.264 0.248 0.259
0.254 0.248 0.259
0.244 0.248 0.259
0.250 0.248 0.259
0.254 0.248 0.259
0.258 0.248 0.259
0.261 0.248 0.259
0.247 0.248 0.259
0.244 0.248 0.259
0.244 0.248 0.259
* 0.252 0.248 0.259
0.247 0.248 0.259
0.244 0.248 0.259
0.246 0.248 0.259
0.244 0.248 0.259
* 0.250 0.248 0.259
0.245 0.248 0.259
0.245 0.248 0.259
0.243 0.248 0.259
* 0.266 0.248 0.259
0.264 0.248 0.259
0.271 0.248 0.259
0.261 0.248 0.259
0.255 0.248 0.259
0.236 0.248 0.259
0.235 0.248 0.259
0.232 0.248 0.259
* 0.252 0.248 0.259
0.252 0.248 0.259
0.252 0.248 0.259
0.264 0.248 0.259
0.264 0.248 0.259
0.256 0.248 0.259
0.252 0.248 0.259
0.266 0.248 0.259
0.257 0.248 0.259
0.257 0.248 0.259
0.265 0.248 0.259
0.279 0.248 0.259
0.259 0.248 0.259
0.270 0.248 0.259
0.254 0.248 0.259
0.264 0.248 0.259
0.261 0.248 0.259
0.264 0.248 0.259
0.263 0.248 0.259
0.251 0.248 0.259
0.257 0.248 0.259
0.250 0.248 0.258
0.252 0.248 0.258
0.260 0.248 0.258
0.250 0.248 0.258
0.271 0.248 0.258
0.259 0.248 0.258
0.261 0.248 0.258
0.262 0.248 0.258
0.267 0.248 0.258
0.261 0.248 0.258
0.255 0.248 0.258
0.264 0.248 0.258
0.274 0.248 0.258
0.277 0.248 0.258
0.264 0.248 0.258
0.258 0.248 0.258
0.264 0.248 0.258
0.175 0.248 0.258
0.201 0.248 0.258
0.220 0.248 0.258
* 0.249 0.248 0.258
0.227 0.248 0.258
0.229 0.248 0.258
0.248 0.248 0.258
0.245 0.248 0.258
* 0.254 0.248 0.258
0.242 0.248 0.258
0.249 0.248 0.258
0.244 0.248 0.258
0.248 0.248 0.258
0.246 0.248 0.258
0.240 0.248 0.258
0.242 0.248 0.258
* 0.253 0.248 0.258
0.249 0.248 0.258
0.259 0.248 0.258
0.265 0.248 0.258
0.253 0.248 0.258
0.261 0.248 0.258
0.247 0.248 0.258
0.260 0.248 0.258
0.263 0.248 0.258
0.259 0.248 0.258
0.266 0.248 0.258
0.263 0.248 0.258
0.276 0.248 0.258
0.260 0.248 0.258
0.264 0.248 0.258
0.268 0.248 0.258
0.257 0.248 0.258
0.259 0.248 0.258
0.266 0.248 0.258
0.252 0.248 0.258
0.269 0.248 0.258
0.256 0.248 0.258
0.252 0.248 0.258
0.241 0.248 0.258
0.260 0.248 0.258
0.247 0.248 0.258
0.252 0.248 0.258
0.241 0.248 0.258
0.253 0.248 0.258
0.254 0.248 0.258
0.268 0.248 0.258
0.248 0.248 0.258
0.276 0.248 0.258
0.248 0.248 0.258
0.256 0.248 0.258
0.242 0.248 0.258
0.248 0.248 0.258
0.246 0.248 0.258
* 0.255 0.248 0.258
0.254 0.248 0.258
0.254 0.248 0.258
0.256 0.248 0.258
0.237 0.248 0.258
0.256 0.248 0.258
0.256 0.248 0.258
0.232 0.248 0.258
0.252 0.248 0.258
0.251 0.248 0.258
0.253 0.248 0.258
0.244 0.248 0.258
0.248 0.248 0.258
0.245 0.248 0.258
* 0.257 0.248 0.258
0.250 0.248 0.258
0.248 0.248 0.258
0.269 0.248 0.258
0.241 0.248 0.258
0.260 0.248 0.258
0.262 0.248 0.258
0.256 0.248 0.258
0.231 0.248 0.258
0.257 0.248 0.258
0.257 0.248 0.258
0.237 0.248 0.258
0.223 0.248 0.258
0.236 0.248 0.258
0.242 0.248 0.258
* 0.248 0.248 0.258
0.237 0.248 0.258
0.242 0.248 0.258
0.265 0.248 0.258
0.229 0.248 0.258
0.239 0.248 0.258
0.263 0.247 0.258
0.295 0.247 0.258
0.302 0.247 0.258
0.299 0.247 0.258
0.293 0.247 0.258
0.279 0.247 0.258
0.272 0.247 0.258
0.279 0.247 0.258
0.265 0.247 0.258
0.283 0.247 0.259
0.271 0.247 0.259
0.279 0.247 0.259
0.258 0.247 0.259
0.279 0.247 0.259
0.261 0.247 0.259
0.274 0.247 0.259
0.282 0.247 0.259
0.277 0.247 0.259
0.288 0.247 0.259
0.312 0.247 0.259
0.313 0.247 0.259
0.281 0.247 0.259
0.266 0.247 0.259
0.286 0.247 0.259
0.306 0.247 0.259
0.292 0.247 0.259
0.305 0.247 0.259
0.283 0.247 0.260
0.282 0.247 0.260
0.260 0.247 0.260
0.272 0.247 0.260
0.273 0.247 0.260
0.289 0.247 0.260
0.281 0.247 0.260
0.283 0.247 0.260
0.279 0.247 0.260
0.285 0.247 0.260
0.283 0.247 0.260
0.283 0.247 0.260
0.261 0.247 0.260
0.273 0.247 0.260
0.271 0.247 0.260
0.288 0.247 0.260
0.289 0.247 0.260
0.300 0.247 0.260
0.248 0.247 0.260
0.285 0.247 0.260
0.278 0.247 0.260
0.276 0.247 0.260
0.283 0.247 0.260
0.272 0.247 0.260
0.258 0.247 0.260
0.267 0.247 0.260
0.281 0.247 0.260
0.260 0.247 0.260
0.291 0.247 0.260
0.277 0.247 0.260
0.269 0.247 0.260
0.267 0.247 0.260
0.280 0.247 0.260
0.291 0.247 0.260
0.285 0.247 0.261
0.280 0.247 0.261
0.291 0.247 0.261
0.288 0.247 0.261
0.277 0.247 0.261
0.292 0.247 0.261
0.289 0.247 0.261
0.274 0.247 0.261
0.277 0.247 0.261
0.281 0.247 0.261
0.254 0.247 0.261
0.274 0.247 0.261
0.281 0.247 0.261
0.275 0.247 0.261
0.282 0.247 0.261
0.271 0.247 0.261
0.262 0.247 0.261
0.266 0.247 0.261
0.274 0.247 0.261
0.262 0.247 0.261
0.291 0.247 0.261
0.277 0.247 0.261
0.273 0.247 0.261
0.277 0.247 0.261
0.266 0.248 0.261
0.267 0.248 0.261
0.271 0.248 0.261
0.281 0.248 0.261
0.262 0.248 0.261
0.281 0.248 0.261
0.279 0.248 0.261
0.273 0.248 0.261
0.274 0.248 0.261
0.264 0.248 0.261
0.274 0.248 0.261
0.281 0.248 0.262
0.264 0.248 0.262
0.250 0.248 0.261
0.244 0.248 0.261
0.250 0.248 0.261
0.262 0.248 0.261
0.274 0.248 0.261
0.267 0.248 0.261
0.295 0.248 0.262
0.279 0.248 0.262
0.279 0.248 0.262
0.260 0.248 0.262
0.279 0.248 0.262
0.277 0.248 0.262
0.290 0.248 0.262
0.279 0.248 0.262
0.270 0.248 0.262
0.297 0.248 0.262
0.270 0.248 0.262
0.266 0.248 0.262
0.276 0.248 0.262
0.280 0.248 0.262
0.264 0.248 0.262
0.266 0.248 0.262
0.264 0.248 0.262
0.272 0.248 0.262
0.266 0.248 0.262
0.270 0.248 0.262
0.266 0.248 0.262
0.279 0.248 0.262
0.293 0.248 0.262
0.273 0.248 0.262
0.279 0.248 0.262
0.287 0.248 0.262
0.268 0.248 0.262
0.284 0.248 0.263
0.271 0.248 0.263
0.290 0.248 0.263
0.285 0.248 0.263
0.275 0.248 0.263
0.281 0.248 0.263
0.300 0.248 0.263
0.285 0.248 0.263
0.293 0.248 0.263
0.282 0.249 0.263
0.296 0.249 0.263
0.293 0.249 0.263
0.275 0.249 0.263
0.281 0.249 0.263
0.293 0.249 0.263
0.292 0.249 0.264
0.283 0.249 0.264
0.283 0.249 0.264
0.273 0.249 0.264
0.281 0.249 0.264
0.285 0.249 0.264
0.287 0.249 0.264
0.285 0.249 0.264
0.293 0.249 0.264
0.283 0.249 0.264
0.273 0.249 0.264
0.273 0.249 0.264
0.277 0.249 0.264
0.269 0.250 0.264
0.282 0.250 0.264
0.285 0.250 0.264
0.270 0.250 0.264
0.301 0.250 0.265
0.286 0.250 0.265
0.291 0.250 0.265
0.290 0.250 0.265
0.304 0.250 0.265
0.303 0.250 0.265
0.296 0.250 0.265
0.281 0.250 0.265
0.284 0.250 0.265
0.282 0.250 0.265
0.278 0.250 0.265
0.293 0.250 0.265
0.281 0.250 0.265
0.297 0.250 0.265
0.280 0.250 0.266
0.277 0.250 0.266
0.277 0.250 0.266
0.271 0.250 0.266
0.289 0.250 0.266
0.287 0.251 0.266
0.280 0.251 0.266
0.283 0.251 0.266
0.291 0.251 0.266
0.285 0.251 0.266
0.282 0.251 0.266
0.243 0.251 0.266
0.248 0.251 0.266
0.254 0.251 0.266
0.269 0.251 0.266
0.255 0.251 0.266
0.241 0.251 0.266
0.259 0.251 0.266
0.263 0.251 0.266
0.259 0.251 0.266
0.254 0.251 0.266
0.252 0.251 0.266
0.248 0.251 0.266
0.254 0.251 0.266
0.245 0.251 0.266
0.259 0.251 0.266
0.259 0.251 0.266
0.256 0.251 0.266
0.250 0.251 0.266
0.263 0.250 0.266
0.257 0.251 0.266
0.275 0.251 0.266
0.264 0.251 0.266
0.264 0.251 0.266
0.263 0.251 0.266
0.249 0.251 0.266
0.264 0.251 0.266
0.270 0.251 0.266
0.254 0.251 0.266
0.257 0.251 0.266
0.243 0.251 0.266
0.255 0.251 0.266
0.257 0.251 0.266
0.250 0.251 0.266
0.262 0.250 0.266
0.241 0.250 0.266
0.230 0.250 0.266
0.233 0.250 0.266
0.208 0.250 0.266
0.233 0.250 0.266
* 0.260 0.250 0.266
0.247 0.250 0.266
0.269 0.250 0.266
0.254 0.250 0.266
0.269 0.250 0.266
0.266 0.250 0.266
0.263 0.250 0.266
0.268 0.250 0.266
0.262 0.250 0.266
0.277 0.250 0.266
0.271 0.250 0.266
0.268 0.250 0.266
0.266 0.250 0.266
0.282 0.250 0.266
0.272 0.250 0.266
0.275 0.250 0.266
0.265 0.250 0.266
0.244 0.250 0.266
0.240 0.250 0.266
0.262 0.250 0.266
0.249 0.250 0.266
0.243 0.250 0.266
0.245 0.250 0.266
* 0.265 0.250 0.266
0.265 0.250 0.266
0.261 0.250 0.266
0.240 0.250 0.266
0.263 0.250 0.266
0.249 0.250 0.266
0.255 0.250 0.266
0.257 0.250 0.266
0.235 0.250 0.266
0.257 0.250 0.266
0.281 0.250 0.266
0.263 0.250 0.266
0.250 0.250 0.266
0.233 0.250 0.266
0.236 0.250 0.266
0.257 0.250 0.266
0.250 0.250 0.265
0.258 0.250 0.265
0.259 0.250 0.266
0.260 0.250 0.265
0.268 0.250 0.266
0.282 0.250 0.266
0.273 0.250 0.266
0.271 0.250 0.266
0.266 0.250 0.266
0.263 0.250 0.266
0.271 0.250 0.266
0.269 0.250 0.266
0.281 0.250 0.266
0.281 0.250 0.266
0.278 0.250 0.266
0.266 0.250 0.266
0.263 0.250 0.266
0.275 0.250 0.266
0.278 0.250 0.266
0.254 0.250 0.266
0.261 0.250 0.266
0.266 0.250 0.266
0.250 0.250 0.266
0.266 0.250 0.266
0.259 0.250 0.266
0.271 0.250 0.266
0.270 0.250 0.266
0.280 0.250 0.266
0.268 0.250 0.266
0.275 0.250 0.266
0.247 0.250 0.266
0.262 0.250 0.266
0.273 0.250 0.266
0.248 0.250 0.266
0.261 0.250 0.266
0.269 0.250 0.266
0.238 0.250 0.266
0.266 0.250 0.266
0.245 0.250 0.266
0.282 0.250 0.266
0.248 0.250 0.266
0.261 0.250 0.266
0.236 0.250 0.266
0.257 0.250 0.266
0.268 0.250 0.266
0.260 0.250 0.266
0.257 0.250 0.266
0.280 0.250 0.266
0.288 0.250 0.266
0.282 0.250 0.266
0.273 0.250 0.266
0.278 0.250 0.266
0.216 0.250 0.266
0.211 0.250 0.266
0.236 0.250 0.266
* 0.254 0.250 0.266
0.252 0.250 0.266
0.219 0.250 0.266
0.253 0.250 0.266
0.261 0.250 0.266
0.271 0.250 0.266
0.262 0.250 0.266
0.245 0.250 0.266
0.259 0.250 0.266
0.255 0.250 0.266
0.264 0.250 0.266
0.281 0.250 0.266
0.276 0.250 0.266
0.235 0.250 0.266
0.262 0.250 0.266
0.266 0.250 0.266
0.264 0.250 0.266
0.285 0.250 0.266
0.252 0.250 0.266
0.257 0.250 0.266
0.275 0.250 0.266
