0.247
* 0.209
0.169
0.204
0.242
0.258
0.236
0.252
0.239
0.264
0.255
0.256
0.278
0.236
0.264
0.279
0.270
0.262
0.237
0.262
0.270
0.270
0.260
0.268
0.273
0.276
0.257
0.266
0.259
0.266
0.276
0.264
0.281
0.283
0.274
0.272
0.284
0.246
0.270
0.269
0.294
0.288
0.246
0.304
0.252
0.254
0.275
0.262
0.243
0.245
0.286
0.271
0.265
0.281
0.263
0.263
0.241
0.284
0.261
0.283
0.273
0.278
0.275
0.281
0.276
0.266
0.286
0.287
0.275
0.263
0.270
0.262
0.278
0.277
0.288
0.271
0.275
0.280
0.291
0.288
0.274
0.289
0.281
0.283
0.277
0.273
0.251
* 0.204
0.197
0.211
0.246
0.241
0.252
0.233
0.241
0.238
0.239
0.245
0.239
0.252
0.275
0.265
0.272
0.280
0.272
0.270
0.278
0.268
0.264
0.291
0.293
0.289
0.286
0.281
0.275
0.273
0.270
0.275
0.282
0.275
0.282
0.268
0.263
0.260
0.259
0.262
0.252
0.259
0.273
0.283
0.258
0.276
0.271
0.272
0.272
0.260
0.275
0.280
0.267
0.262
0.260
0.264
0.268
0.242
0.250
0.274
0.262
0.263
0.269
0.267
0.275
0.271
0.272
0.280
0.280
0.272
0.265
0.276
0.273
0.260
0.272
0.271
0.290
0.280
0.278
0.273
0.277
0.277
0.281
0.282
0.270
0.286
0.276
0.274
0.272
0.279
0.277
0.285
0.277
0.287
0.276
0.267
0.281
0.281
0.283
0.302
0.293
0.296
0.280
0.289
0.279
0.288
0.267
0.283
0.273
0.278
0.275
0.274
0.267
0.279
0.281
0.277
0.275
0.280
0.280
0.276
0.286
0.280
0.280
0.275
0.278
0.272
0.270
0.282
0.275
0.274
0.280
0.279
0.290
0.268
0.278
0.275
0.282
0.276
0.278
0.278
0.278
0.275
0.284
0.268
0.285
0.267
0.257
0.268
0.269
0.281
0.270
0.270
0.275
0.270
0.278
0.259
0.262
* 0.204
0.194
0.226
0.242
0.221
0.232
0.245
0.255
0.284
0.267
0.282
0.275
0.282
0.289
0.268
0.266
0.271
0.270
0.278
0.290
0.264
0.273
0.284
0.273
0.267
0.275
0.272
0.248
0.270
0.246
0.254
0.250
0.266
0.275
0.289
0.278
0.265
0.269
0.266
0.282
0.262
0.269
0.250
0.269
0.278
0.269
0.249
0.291
0.270
0.283
0.265
0.286
0.265
0.264
0.278
0.263
0.286
0.264
0.282
0.264
0.270
0.285
0.290
0.280
0.275
0.273
0.266
0.289
0.282
0.288
0.274
0.280
0.272
0.270
0.285
0.276
0.284
0.283
0.256
0.265
0.263
0.264
0.266
0.254
0.258
0.262
0.244
0.254
0.247
* 0.191
0.179
0.212
0.227
0.240
0.257
0.249
0.254
0.253
0.250
0.255
0.262
0.265
0.259
0.272
0.265
0.277
0.267
0.241
0.239
0.255
0.242
0.234
0.239
0.250
0.268
0.262
0.268
0.256
0.249
0.272
0.264
0.262
0.257
0.252
0.258
0.243
0.271
0.245
0.247
0.253
0.262
0.261
0.257
0.268
0.278
0.268
0.279
0.257
0.273
0.265
0.272
0.270
0.269
0.268
0.267
0.271
0.270
0.259
0.252
0.264
0.262
0.277
0.255
0.249
0.253
0.257
0.250
0.243
0.267
0.244
0.255
0.254
0.255
0.265
0.265
0.258
0.249
0.266
0.258
0.268
0.241
0.262
0.267
0.272
0.261
0.260
0.266
0.259
0.262
0.267
0.266
0.270
0.270
0.240
0.273
0.268
0.257
0.256
0.264
0.270
0.260
0.272
0.267
0.268
0.250
0.251
0.271
0.261
0.269
0.263
0.255
0.252
0.261
0.256
* 0.186
0.180
0.203
0.224
0.220
0.229
0.218
0.228
0.237
0.235
0.212
0.223
0.237
0.226
0.250
0.244
0.229
0.229
0.254
0.254
0.236
0.233
0.235
0.254
0.244
0.253
0.258
0.255
0.250
0.263
0.245
0.251
0.261
0.246
0.262
0.252
0.264
0.257
0.252
0.263
0.262
0.246
0.221
* 0.174
0.157
0.193
0.216
0.207
0.219
0.223
0.229
0.220
0.230
0.228
0.237
0.237
0.214
0.233
0.259
0.245
0.249
0.218
0.239
0.242
0.234
0.268
0.260
0.267
0.249
0.261
0.256
0.249
0.255
0.260
0.259
0.260
0.260
0.255
0.256
0.246
0.257
0.265
0.256
0.264
0.266
0.276
0.270
0.271
0.262
0.269
0.267
0.274
0.258
0.284
0.264
0.264
0.269
0.264
0.272
0.277
0.265
0.256
0.250
0.247
0.264
0.277
0.270
0.273
0.262
0.267
0.261
0.272
0.274
0.272
0.265
0.271
0.267
0.264
0.267
0.267
0.268
0.272
0.271
0.275
0.274
0.280
0.274
0.265
0.267
0.278
0.280
0.269
0.270
0.267
0.283
0.283
0.286
0.267
0.280
0.274
0.282
0.272
0.271
0.274
0.264
0.269
0.270
0.271
0.274
0.252
0.258
0.270
0.263
0.274
0.273
0.277
0.270
0.279
0.264
0.269
0.277
0.266
0.266
0.266
0.277
0.254
0.254
0.262
0.269
0.260
0.275
0.275
0.274
0.265
0.260
0.259
0.269
0.261
0.264
0.264
0.264
0.259
0.261
0.272
0.264
0.277
0.268
0.280
0.267
0.273
0.264
0.273
0.282
0.276
0.272
0.284
0.274
0.286
0.286
0.274
0.266
0.275
0.279
0.269
0.274
0.268
0.261
0.249
0.258
0.256
0.272
0.258
0.268
0.262
0.244
0.269
0.271
0.249
0.260
0.277
0.265
0.271
0.271
0.274
0.266
0.271
0.271
0.274
0.264
0.267
0.271
0.259
0.277
0.270
0.255
0.253
0.271
0.257
0.256
0.262
0.261
0.257
0.266
0.273
0.268
0.257
0.256
0.253
0.246
0.255
0.253
0.238
0.270
0.249
0.251
0.257
0.255
0.244
0.259
0.264
0.257
0.260
0.260
0.240
0.257
0.249
0.234
0.242
0.235
0.241
0.244
0.247
0.249
0.236
0.241
0.266
0.242
0.252
0.257
0.270
0.252
0.251
0.252
0.259
0.263
0.272
0.283
0.269
0.269
0.267
0.281
0.254
0.250
0.257
0.270
0.267
0.264
0.261
0.254
0.266
0.263
0.277
0.282
0.263
0.272
0.259
0.279
0.262
0.266
0.253
0.271
0.267
0.267
0.263
0.269
0.292
0.286
0.279
0.274
0.265
0.282
0.274
0.283
0.267
0.273
0.277
0.286
0.276
0.274
0.275
0.241
0.248
0.279
0.280
0.252
0.255
0.253
0.252
0.258
0.270
0.267
0.264
0.258
0.279
0.271
0.267
0.262
0.266
0.264
0.269
0.254
0.257
0.244
0.254
0.256
0.250
0.244
0.258
0.260
0.249
0.253
0.262
0.265
0.256
0.244
0.251
0.227
0.250
0.258
0.257
0.259
0.201
* 0.180
0.199
0.218
0.228
0.214
0.233
0.226
0.228
0.242
0.241
0.232
0.245
0.263
0.252
0.252
0.269
0.271
0.243
0.247
0.260
0.241
0.252
0.256
0.255
0.263
0.263
0.273
0.255
0.253
0.261
0.265
0.252
0.232
0.237
0.262
0.256
0.252
0.245
0.244
0.238
0.251
0.239
0.249
0.258
0.266
0.263
0.261
0.274
0.270
0.267
0.249
0.246
0.245
0.245
0.245
0.253
0.288
0.277
0.269
0.273
0.281
0.280
0.292
0.287
0.253
0.281
0.275
0.280
0.262
0.272
0.294
0.277
0.284
0.262
0.254
0.264
0.268
0.267
0.248
0.260
0.269
0.265
0.272
0.264
0.280
0.261
0.276
0.274
0.263
0.254
0.262
0.262
0.259
0.279
0.272
0.278
0.262
0.263
0.272
0.270
0.296
0.262
0.286
0.277
0.268
0.278
0.272
0.271
0.277
0.283
0.270
0.284
0.291
0.298
0.285
0.284
0.256
* 0.178
0.199
0.229
0.248
0.253
0.247
0.251
0.260
0.239
0.250
0.252
0.252
0.263
0.267
0.263
0.254
0.245
0.243
0.254
0.236
0.244
0.240
0.252
0.255
0.245
0.238
0.240
0.247
0.223
0.234
0.229
0.239
0.245
0.264
0.257
0.250
0.266
0.234
0.242
0.249
0.253
0.237
0.258
0.262
0.252
0.255
0.255
0.245
0.250
0.229
0.237
0.239
0.262
0.244
0.245
0.235
0.234
0.239
0.254
0.260
0.264
0.280
0.267
0.248
0.262
0.248
0.252
0.246
0.246
0.252
0.242
0.252
0.256
0.258
0.270
0.268
0.258
0.254
0.254
0.254
0.258
0.252
0.240
0.252
0.277
0.258
0.264
0.259
0.263
0.262
0.248
0.265
0.260
0.250
0.265
0.263
0.263
0.240
0.262
0.246
0.248
0.244
0.268
0.242
0.245
0.267
0.260
0.264
0.256
0.256
0.254
0.248
0.244
0.258
0.250
0.262
0.262
0.239
0.268
0.257
0.257
0.253
0.259
0.247
0.269
0.261
0.250
0.260
0.270
0.258
0.258
0.258
0.266
0.262
0.258
0.257
0.259
0.237
0.256
0.246
0.248
0.250
0.254
0.252
0.238
0.242
0.252
0.254
0.252
0.246
0.262
0.254
0.252
0.265
0.275
0.280
0.270
0.268
0.260
0.269
0.245
0.261
0.269
0.264
0.268
0.257
0.256
0.256
0.265
0.250
0.248
0.250
0.260
0.273
0.254
0.268
0.274
0.284
0.257
0.265
0.285
0.265
0.273
0.268
0.258
0.269
0.270
0.278
0.289
0.265
0.278
0.239
* 0.176
0.159
0.160
0.206
0.200
0.196
0.181
0.216
0.213
0.210
0.211
0.220
0.207
0.221
0.217
0.204
* 0.169
0.193
0.196
0.215
0.204
0.188
0.208
0.210
0.214
0.225
0.232
0.237
0.247
0.247
0.261
0.259
0.260
0.242
0.263
0.245
0.253
0.244
0.260
0.266
0.261
0.265
0.253
0.263
0.256
0.249
0.251
0.253
0.262
0.261
0.251
0.263
0.275
0.260
0.283
0.269
0.285
0.270
0.266
0.281
0.262
0.255
0.265
0.257
0.267
0.249
0.263
0.250
0.267
0.279
0.271
0.273
0.253
0.275
0.266
0.279
0.252
0.263
0.269
0.267
0.263
0.268
0.275
0.265
0.259
0.261
0.273
0.265
0.278
0.269
0.279
0.272
0.268
0.271
0.267
0.267
0.255
0.270
0.259
0.272
0.265
0.250
0.271
0.261
0.272
0.263
0.257
0.273
0.269
0.273
0.273
0.271
0.269
0.273
0.271
0.250
0.271
0.265
0.278
0.273
0.260
0.260
0.268
0.264
0.260
0.268
0.263
0.274
0.264
0.265
0.273
0.255
0.292
0.278
0.285
0.275
0.263
0.270
0.276
0.278
0.269
0.268
0.276
0.280
0.275
0.249
0.262
0.262
0.267
0.247
0.264
0.245
0.240
0.257
0.252
0.250
0.253
0.253
0.252
0.258
0.255
0.252
0.250
0.260
0.247
0.258
0.260
0.254
0.263
0.253
0.249
0.255
0.263
0.267
0.272
0.274
0.260
0.267
0.273
0.267
0.257
0.267
0.263
0.276
0.262
0.267
0.265
0.273
0.268
0.278
0.278
0.264
0.263
0.262
0.259
0.271
0.272
0.278
0.248
0.262
0.252
0.266
0.255
0.262
0.260
0.260
0.270
0.259
0.270
0.262
0.276
0.265
0.260
0.257
0.264
0.257
0.265
0.260
0.263
0.271
0.261
0.267
0.260
0.245
0.267
0.272
0.248
0.262
0.271
0.270
0.247
0.260
0.258
0.255
0.269
0.263
0.275
0.253
0.249
0.245
0.255
0.254
0.270
0.259
0.265
0.262
0.235
* 0.177
0.187
0.212
0.211
0.231
0.232
0.249
0.236
0.250
0.251
0.240
0.243
0.253
0.253
0.257
0.257
0.253
0.234
0.249
0.257
0.255
0.245
0.233
0.251
0.247
0.243
0.234
0.250
0.249
0.243
0.247
0.244
0.254
0.255
0.259
0.237
0.243
0.248
0.238
0.245
0.236
0.247
0.237
0.249
0.237
0.241
0.253
0.247
0.249
0.263
0.246
0.244
0.257
0.255
0.253
0.259
0.246
0.271
0.265
0.255
0.255
0.252
0.260
0.259
0.253
0.251
0.251
0.253
0.252
0.255
0.261
0.257
0.253
0.253
0.262
0.255
0.243
0.261
0.265
0.264
0.261
0.271
0.283
0.273
0.275
0.278
0.261
0.265
0.280
0.257
0.265
0.281
0.268
0.273
0.267
0.278
0.263
0.267
0.272
0.257
0.274
0.273
0.263
0.265
0.276
0.263
0.275
0.257
0.266
0.276
0.271
0.263
0.260
0.257
0.275
0.267
0.251
0.268
0.258
0.257
0.254
0.254
0.249
0.262
0.258
0.255
0.243
0.254
0.249
0.257
0.261
0.254
0.262
0.274
0.249
0.261
0.258
0.249
0.245
0.257
0.245
0.239
0.247
0.257
0.255
0.249
0.259
0.250
0.243
0.252
0.249
0.243
0.256
0.268
0.251
0.259
0.262
0.251
0.265
0.241
0.240
0.234
0.247
0.235
0.261
0.251
0.251
0.225
* 0.176
0.176
0.181
0.212
0.217
0.216
0.222
0.228
0.220
0.224
0.234
0.240
0.235
0.232
0.253
0.246
0.247
0.241
0.240
0.250
0.256
0.245
0.254
0.247
0.231
0.250
0.245
0.247
0.264
0.259
0.253
0.267
0.263
0.255
0.251
0.262
0.261
0.260
0.246
0.245
0.253
0.264
0.255
0.258
0.253
0.261
0.259
0.254
0.259
0.257
0.247
0.254
* 0.206
0.165
0.169
0.206
0.226
0.233
0.234
0.234
0.239
0.251
0.227
0.237
0.240
0.256
0.263
0.259
0.254
0.246
0.247
0.264
0.250
0.260
0.252
0.256
0.254
0.264
0.267
0.258
0.268
0.258
0.258
0.267
0.267
0.254
0.258
0.252
0.237
0.243
0.257
0.235
0.239
0.254
0.250
0.217
0.250
0.272
0.265
0.270
0.266
0.252
0.280
0.253
0.263
0.265
0.266
0.277
0.275
0.262
0.252
0.267
0.265
0.265
0.268
0.250
0.253
0.248
0.257
0.255
0.263
0.262
0.263
0.262
0.277
0.277
0.264
0.271
0.249
0.250
0.255
0.250
0.258
0.270
0.270
0.263
0.268
0.262
0.274
0.263
0.270
0.247
0.263
0.267
0.253
0.258
0.260
0.249
0.275
0.262
0.253
0.250
0.252
0.252
0.258
0.243
0.253
0.267
0.275
0.265
0.270
0.253
0.270
0.267
0.270
0.240
0.265
0.267
0.270
0.252
0.257
0.255
0.257
0.263
0.244
0.250
0.275
0.260
0.258
0.258
0.260
0.252
0.260
0.250
0.260
0.260
0.277
0.260
0.245
0.262
0.270
0.247
0.257
0.255
0.255
0.247
0.249
0.252
0.253
0.238
0.248
0.248
0.248
0.253
0.245
* 0.211
0.181
0.203
0.222
0.218
0.238
0.247
0.240
0.245
0.252
0.231
0.250
0.228
0.240
0.232
0.257
0.245
0.243
0.243
0.237
0.227
0.238
0.247
0.243
0.257
0.255
0.248
0.249
0.247
0.248
0.264
0.255
0.237
0.240
0.249
0.253
0.253
0.257
0.235
0.249
0.242
0.235
0.238
0.247
0.253
0.240
0.268
0.255
0.268
0.258
0.245
0.262
0.230
0.252
0.255
0.245
0.263
0.263
0.262
0.252
0.238
0.239
0.237
0.245
0.212
0.237
0.234
0.250
0.244
0.253
0.229
0.237
0.253
0.250
0.248
0.257
0.250
0.240
0.260
0.249
0.248
0.252
0.250
0.247
0.245
0.239
0.254
0.244
0.235
0.267
0.260
0.245
0.257
0.272
0.248
0.250
0.267
0.250
0.255
0.253
0.255
0.255
0.258
0.250
0.245
0.263
0.263
0.265
0.248
0.257
0.255
0.257
0.250
0.257
0.269
0.268
0.254
0.252
0.253
0.255
0.257
0.247
0.243
0.250
0.243
0.247
0.232
0.257
0.255
0.255
0.259
0.265
0.258
0.270
0.250
0.255
0.252
0.264
0.240
0.255
0.259
0.265
0.257
0.262
0.253
0.257
0.268
0.267
0.272
0.284
0.275
0.269
0.267
0.277
0.275
0.263
0.263
0.264
0.265
0.260
0.263
0.257
0.255
0.270
0.262
0.267
0.262
0.267
0.260
0.255
0.267
0.247
0.270
0.258
0.274
0.260
0.250
0.267
0.262
0.274
0.253
0.261
0.265
0.263
0.284
0.274
0.274
0.254
0.248
0.269
0.242
0.274
0.255
0.250
0.254
0.273
0.258
0.270
0.267
0.262
0.268
0.253
0.280
0.262
0.269
0.260
0.259
0.265
0.262
0.267
0.265
0.267
0.262
0.272
0.257
0.264
0.252
0.265
0.257
0.257
0.262
0.263
0.275
0.243
0.255
0.258
0.263
0.257
0.275
0.270
0.267
0.260
0.253
0.258
* 0.200
0.162
0.167
0.166
0.196
0.227
0.225
0.222
0.229
0.232
0.230
0.235
0.232
0.214
0.228
0.232
0.245
0.242
0.250
0.244
0.233
0.230
0.242
0.235
0.235
0.237
0.232
0.253
0.240
0.245
0.227
0.245
0.211
* 0.156
0.163
0.174
0.179
0.190
0.208
0.206
0.206
0.210
0.210
0.219
0.228
0.225
0.219
0.205
0.226
0.211
0.211
0.219
0.221
0.226
0.241
0.229
0.252
0.254
0.254
0.216
0.240
0.232
0.252
0.246
0.240
0.232
0.235
0.230
* 0.160
0.180
0.218
0.230
0.238
0.232
0.255
0.241
0.243
0.244
0.261
0.235
0.253
0.253
0.248
0.255
0.252
0.251
0.254
0.245
0.254
0.237
0.251
0.259
0.259
0.242
0.233
0.261
0.259
0.235
0.261
0.244
0.263
0.237
0.263
0.257
0.257
0.247
0.233
0.251
0.236
0.237
0.267
0.248
0.272
0.255
0.246
0.254
0.238
0.246
0.251
0.267
0.255
0.257
0.240
0.227
0.235
0.250
0.282
0.271
0.276
0.272
0.278
0.259
* 0.186
0.212
0.254
0.261
0.195
0.209
0.244
0.259
0.275
0.288
0.276
0.279
0.272
0.254
0.268
0.262
0.261
0.266
0.269
0.265
0.254
0.264
0.254
0.244
0.250
0.254
0.258
0.261
0.247
0.244
0.244
0.252
0.247
0.244
0.246
0.244
0.250
0.245
0.245
0.243
0.266
0.264
0.271
0.261
0.255
0.236
0.235
0.232
0.252
0.252
0.252
0.264
0.264
0.256
0.252
0.266
0.257
0.257
0.265
0.279
0.259
0.270
0.254
0.264
0.261
0.264
0.263
0.251
0.257
0.250
0.252
0.260
0.250
0.271
0.259
0.261
0.262
0.267
0.261
0.255
0.264
0.274
0.277
0.264
0.258
0.264
* 0.175
0.201
0.220
0.249
0.227
0.229
0.248
0.245
0.254
0.242
0.249
0.244
0.248
0.246
0.240
0.242
0.253
0.249
0.259
0.265
0.253
0.261
0.247
0.260
0.263
0.259
0.266
0.263
0.276
0.260
0.264
0.268
0.257
0.259
0.266
0.252
0.269
0.256
0.252
0.241
0.260
0.247
0.252
0.241
0.253
0.254
0.268
0.248
0.276
0.248
0.256
0.242
0.248
0.246
0.255
0.254
0.254
0.256
0.237
0.256
0.256
0.232
0.252
0.251
0.253
0.244
0.248
0.245
0.257
0.250
0.248
0.269
0.241
0.260
0.262
0.256
0.231
0.257
0.257
0.237
0.223
0.236
0.242
0.248
0.237
0.242
0.265
0.229
0.239
0.263
0.295
0.302
0.299
0.293
0.279
0.272
0.279
0.265
0.283
0.271
0.279
0.258
0.279
0.261
0.274
0.282
0.277
0.288
0.312
0.313
0.281
0.266
0.286
0.306
0.292
0.305
0.283
0.282
0.260
0.272
0.273
0.289
0.281
0.283
0.279
0.285
0.283
0.283
0.261
0.273
0.271
0.288
0.289
0.300
0.248
0.285
0.278
0.276
0.283
0.272
0.258
0.267
0.281
0.260
0.291
0.277
0.269
0.267
0.280
0.291
0.285
0.280
0.291
0.288
0.277
0.292
0.289
0.274
0.277
0.281
0.254
0.274
0.281
0.275
0.282
0.271
0.262
0.266
0.274
0.262
0.291
0.277
0.273
0.277
0.266
0.267
0.271
0.281
0.262
0.281
0.279
0.273
0.274
0.264
0.274
0.281
0.264
0.250
0.244
0.250
0.262
0.274
0.267
0.295
0.279
0.279
0.260
0.279
0.277
0.290
0.279
0.270
0.297
0.270
0.266
0.276
0.280
0.264
0.266
0.264
0.272
0.266
0.270
0.266
0.279
0.293
0.273
0.279
0.287
0.268
0.284
0.271
0.290
0.285
0.275
0.281
0.300
0.285
0.293
0.282
0.296
0.293
0.275
0.281
0.293
0.292
0.283
0.283
0.273
0.281
0.285
0.287
0.285
0.293
0.283
0.273
0.273
0.277
0.269
0.282
0.285
0.270
0.301
0.286
0.291
0.290
0.304
0.303
0.296
0.281
0.284
0.282
0.278
0.293
0.281
0.297
0.280
0.277
0.277
0.271
0.289
0.287
0.280
0.283
0.291
0.285
0.282
* 0.243
0.248
0.254
0.269
0.255
0.241
0.259
0.263
0.259
0.254
0.252
0.248
0.254
0.245
0.259
0.259
0.256
0.250
0.263
0.257
0.275
0.264
0.264
0.263
0.249
0.264
0.270
0.254
0.257
0.243
0.255
0.257
0.250
0.262
0.241
0.230
0.233
0.208
0.233
0.260
0.247
0.269
0.254
0.269
0.266
0.263
0.268
0.262
0.277
0.271
0.268
0.266
0.282
0.272
0.275
0.265
0.244
0.240
0.262
0.249
0.243
0.245
0.265
0.265
0.261
0.240
0.263
0.249
0.255
0.257
0.235
0.257
0.281
0.263
0.250
0.233
0.236
0.257
0.250
0.258
0.259
0.260
0.268
0.282
0.273
0.271
0.266
0.263
0.271
0.269
0.281
0.281
0.278
0.266
0.263
0.275
0.278
0.254
0.261
0.266
0.250
0.266
0.259
0.271
0.270
0.280
0.268
0.275
0.247
0.262
0.273
0.248
0.261
0.269
0.238
0.266
0.245
0.282
0.248
0.261
0.236
0.257
0.268
0.260
0.257
0.280
0.288
0.282
0.273
0.278
* 0.216
0.211
0.236
0.254
0.252
0.219
0.253
0.261
0.271
0.262
0.245
0.259
0.255
0.264
0.281
0.276
0.235
0.262
0.266
0.264
0.285
0.252
0.257
0.275
