0.268 0.240
0.153 0.240
0.187 0.240
0.229 0.240
* 0.247 0.240
0.255 0.240
0.272 0.240
0.256 0.240
0.267 0.240
0.251 0.240
0.243 0.240
0.243 0.240
0.266 0.240
0.272 0.240
0.263 0.240
0.239 0.240
0.250 0.240
0.263 0.240
0.210 0.240
0.267 0.240
0.234 0.240
0.256 0.240
0.271 0.240
0.259 0.240
0.276 0.240
0.235 0.240
0.260 0.240
0.251 0.240
0.264 0.240
0.255 0.240
0.268 0.240
0.267 0.240
0.272 0.240
0.268 0.240
0.263 0.240
0.268 0.240
0.314 0.240
0.295 0.240
0.300 0.240
0.267 0.240
0.272 0.240
0.287 0.240
0.259 0.240
0.267 0.240
0.275 0.240
0.279 0.240
0.272 0.240
0.284 0.240
0.250 0.240
0.279 0.240
0.267 0.240
0.251 0.240
0.268 0.240
0.264 0.240
0.263 0.240
0.271 0.240
0.264 0.240
0.268 0.240
0.267 0.240
0.263 0.240
0.263 0.240
0.264 0.240
0.267 0.240
0.263 0.240
0.268 0.240
0.252 0.240
0.264 0.240
0.258 0.240
0.284 0.240
0.247 0.240
0.276 0.240
0.279 0.240
0.259 0.240
0.272 0.240
0.285 0.240
0.264 0.240
0.268 0.240
0.268 0.240
0.276 0.240
0.284 0.240
0.268 0.240
0.268 0.240
0.276 0.240
0.292 0.240
0.264 0.240
0.267 0.240
0.259 0.240
0.200 0.240
0.203 0.240
0.202 0.240
0.234 0.240
0.234 0.240
0.234 0.240
0.235 0.240
0.225 0.240
* 0.242 0.240
0.235 0.240
0.234 0.240
0.242 0.240
0.239 0.240
0.268 0.240
0.259 0.240
0.251 0.240
0.243 0.240
0.268 0.240
0.234 0.240
0.227 0.240
0.260 0.240
0.252 0.240
0.256 0.240
0.268 0.240
0.268 0.240
0.255 0.240
0.250 0.240
0.242 0.240
0.281 0.240
0.267 0.240
0.272 0.240
0.292 0.240
0.268 0.240
0.272 0.240
0.234 0.240
0.251 0.240
0.251 0.240
0.243 0.240
0.251 0.240
0.243 0.240
0.267 0.240
0.243 0.240
0.247 0.240
0.236 0.240
0.260 0.240
0.243 0.240
0.256 0.240
0.242 0.240
0.235 0.240
0.251 0.240
0.267 0.240
0.267 0.240
0.251 0.240
0.234 0.240
0.243 0.240
0.272 0.240
0.243 0.240
0.251 0.240
0.267 0.240
0.234 0.240
0.259 0.240
0.238 0.240
0.259 0.240
0.242 0.240
0.242 0.240
0.233 0.240
0.255 0.240
0.268 0.240
0.239 0.240
0.251 0.240
0.234 0.240
0.248 0.240
0.242 0.240
0.242 0.240
0.267 0.240
0.272 0.240
0.267 0.240
0.272 0.240
0.256 0.240
0.301 0.240
0.284 0.240
0.267 0.240
0.267 0.240
0.297 0.240
0.281 0.240
0.263 0.240
0.276 0.240
0.242 0.240
0.272 0.240
0.267 0.240
0.259 0.240
0.264 0.240
0.267 0.240
0.280 0.240
0.276 0.240
0.263 0.240
0.301 0.240
0.287 0.240
0.276 0.240
0.275 0.240
0.267 0.240
0.267 0.240
0.259 0.240
0.276 0.240
0.273 0.240
0.280 0.240
0.260 0.240
0.267 0.240
0.284 0.240
0.276 0.240
0.251 0.240
0.307 0.240
0.277 0.240
0.281 0.240
0.247 0.240
0.256 0.240
0.286 0.240
0.272 0.240
0.276 0.240
0.276 0.240
0.293 0.240
0.259 0.240
0.293 0.240
0.276 0.240
0.284 0.240
0.267 0.240
0.281 0.240
0.276 0.240
0.264 0.240
0.268 0.240
0.251 0.240
0.287 0.240
0.271 0.240
0.276 0.240
0.268 0.240
0.259 0.240
0.276 0.240
0.259 0.240
0.270 0.240
0.267 0.240
0.292 0.240
0.256 0.240
0.268 0.240
0.231 0.240
0.250 0.240
0.243 0.240
0.259 0.240
0.260 0.240
0.259 0.240
0.272 0.240
0.268 0.240
0.260 0.240
0.246 0.240
0.260 0.240
0.275 0.240
0.267 0.240
0.217 0.240
0.186 0.240
0.198 0.240
0.217 0.240
0.231 0.240
0.234 0.240
* 0.258 0.240
0.243 0.240
0.267 0.240
0.292 0.240
0.284 0.240
0.280 0.240
0.284 0.240
0.238 0.240
0.276 0.240
0.279 0.240
0.280 0.240
0.272 0.240
0.279 0.240
0.262 0.240
0.267 0.240
0.271 0.240
0.274 0.240
0.274 0.240
0.288 0.240
0.279 0.240
0.267 0.240
0.262 0.240
0.255 0.240
0.267 0.240
0.279 0.240
0.267 0.240
0.259 0.240
0.276 0.240
0.267 0.240
0.276 0.240
0.275 0.240
0.280 0.240
0.292 0.240
0.283 0.240
0.297 0.240
0.288 0.240
0.292 0.240
0.300 0.240
0.306 0.240
0.265 0.240
0.272 0.240
0.268 0.240
0.268 0.240
0.267 0.240
0.267 0.240
0.268 0.240
0.239 0.240
0.272 0.240
0.276 0.240
0.240 0.240
0.268 0.240
0.285 0.240
0.274 0.240
0.272 0.240
0.251 0.240
0.276 0.240
0.259 0.240
0.289 0.240
0.276 0.240
0.284 0.240
0.255 0.240
0.260 0.240
0.251 0.240
0.296 0.240
0.301 0.240
0.301 0.240
0.268 0.240
0.272 0.240
0.288 0.240
0.267 0.240
0.302 0.240
0.281 0.240
0.277 0.240
0.267 0.240
0.282 0.240
0.268 0.240
0.298 0.240
0.272 0.240
0.275 0.240
0.284 0.240
0.267 0.240
0.243 0.240
0.269 0.240
0.196 0.240
0.172 0.240
0.234 0.240
* 0.247 0.240
0.247 0.240
0.235 0.240
0.264 0.240
0.247 0.240
0.280 0.240
0.261 0.240
0.252 0.240
0.265 0.240
0.268 0.240
0.255 0.240
0.272 0.240
0.254 0.240
0.235 0.240
0.272 0.240
0.234 0.240
0.243 0.240
0.234 0.240
0.235 0.240
0.260 0.240
0.260 0.240
0.237 0.240
0.235 0.240
0.273 0.240
0.246 0.240
0.267 0.240
0.264 0.240
0.255 0.240
0.297 0.240
0.268 0.240
0.268 0.240
0.272 0.240
0.246 0.240
0.255 0.240
0.247 0.240
0.252 0.240
0.264 0.240
0.242 0.240
0.255 0.240
0.255 0.240
0.259 0.240
0.277 0.240
0.270 0.240
0.261 0.240
0.267 0.240
0.267 0.240
0.275 0.240
0.260 0.240
0.252 0.240
0.255 0.240
0.230 0.240
0.255 0.240
0.230 0.240
0.250 0.240
0.268 0.240
0.285 0.240
0.277 0.240
0.260 0.240
0.247 0.240
0.256 0.240
0.268 0.240
0.259 0.240
0.256 0.240
0.271 0.240
0.259 0.240
0.268 0.240
0.251 0.240
0.247 0.240
0.263 0.240
0.255 0.240
0.272 0.240
0.259 0.240
0.260 0.240
0.260 0.240
0.259 0.240
0.252 0.240
0.258 0.240
0.256 0.240
0.287 0.240
0.256 0.240
0.256 0.240
0.255 0.240
0.247 0.240
0.263 0.240
0.268 0.240
0.277 0.240
0.268 0.240
0.283 0.240
0.268 0.240
0.268 0.240
0.285 0.240
0.268 0.240
0.268 0.240
0.265 0.240
0.277 0.240
0.268 0.240
0.260 0.240
0.251 0.240
0.246 0.240
0.268 0.240
0.263 0.240
0.277 0.240
0.272 0.240
0.257 0.240
0.255 0.240
0.259 0.240
0.269 0.240
0.260 0.240
0.277 0.240
0.272 0.240
0.285 0.240
0.268 0.240
0.182 0.240
0.182 0.240
0.209 0.240
0.225 0.240
0.223 0.240
0.235 0.240
* 0.243 0.240
0.247 0.240
0.234 0.240
0.222 0.240
0.247 0.240
0.251 0.240
0.235 0.240
0.251 0.240
0.247 0.240
0.260 0.240
0.247 0.240
0.260 0.240
0.251 0.240
0.268 0.240
0.251 0.240
0.267 0.240
0.251 0.240
0.256 0.240
0.251 0.240
0.265 0.240
0.267 0.240
0.264 0.240
0.264 0.240
0.256 0.240
0.251 0.240
0.250 0.240
0.268 0.240
0.243 0.240
0.260 0.240
0.264 0.240
0.260 0.240
0.272 0.240
0.263 0.240
0.255 0.240
0.255 0.240
0.272 0.240
0.237 0.240
0.162 0.240
0.180 0.240
0.225 0.240
0.226 0.240
* 0.240 0.240
0.234 0.240
0.226 0.240
0.226 0.240
* 0.247 0.240
0.229 0.240
0.252 0.240
0.226 0.240
0.239 0.240
0.260 0.240
0.252 0.240
0.251 0.240
0.255 0.240
0.243 0.240
0.268 0.240
0.255 0.240
0.247 0.240
0.243 0.240
0.277 0.240
0.242 0.240
0.243 0.240
0.239 0.240
0.243 0.240
0.247 0.240
0.263 0.240
0.256 0.240
0.260 0.240
0.243 0.240
0.242 0.240
0.243 0.240
0.259 0.240
0.260 0.240
0.260 0.240
0.287 0.240
0.268 0.240
0.272 0.240
0.280 0.240
0.264 0.240
0.255 0.240
0.263 0.247 0.263
0.242 0.247 0.263
0.272 0.247 0.263
0.251 0.247 0.263
0.267 0.247 0.263
0.268 0.247 0.263
0.255 0.247 0.263
0.294 0.247 0.263
0.268 0.247 0.263
0.260 0.247 0.263
0.276 0.247 0.263
0.255 0.247 0.263
0.272 0.247 0.263
0.235 0.247 0.263
0.272 0.247 0.263
0.260 0.247 0.263
0.268 0.248 0.263
0.259 0.248 0.263
0.264 0.248 0.263
0.259 0.248 0.263
0.267 0.248 0.263
0.259 0.248 0.263
0.277 0.248 0.263
0.272 0.248 0.263
0.275 0.248 0.263
0.259 0.248 0.263
0.264 0.248 0.263
0.272 0.248 0.263
0.268 0.248 0.263
0.280 0.248 0.263
0.272 0.248 0.263
0.276 0.248 0.263
0.264 0.248 0.263
0.247 0.248 0.263
0.260 0.248 0.263
0.264 0.248 0.263
0.256 0.248 0.263
0.264 0.248 0.263
0.247 0.248 0.263
0.256 0.248 0.263
0.260 0.248 0.263
0.267 0.248 0.263
0.252 0.248 0.263
0.268 0.248 0.263
0.272 0.248 0.263
0.268 0.248 0.263
0.247 0.248 0.263
0.272 0.248 0.263
0.260 0.248 0.263
0.268 0.248 0.263
0.272 0.248 0.263
0.268 0.248 0.263
0.272 0.248 0.263
0.256 0.248 0.263
0.250 0.248 0.263
0.268 0.248 0.263
0.251 0.248 0.263
0.248 0.248 0.263
0.248 0.248 0.263
0.259 0.248 0.263
0.251 0.248 0.263
0.239 0.248 0.263
0.243 0.248 0.263
0.277 0.247 0.263
0.267 0.248 0.263
0.273 0.248 0.263
0.272 0.248 0.263
0.267 0.248 0.263
0.263 0.248 0.263
0.267 0.248 0.263
0.255 0.248 0.263
0.269 0.248 0.263
0.260 0.248 0.263
0.277 0.248 0.263
0.273 0.248 0.263
0.259 0.248 0.263
0.277 0.248 0.263
0.259 0.248 0.263
0.268 0.248 0.263
0.243 0.248 0.263
0.268 0.247 0.263
0.242 0.247 0.263
0.252 0.247 0.262
0.252 0.247 0.262
0.264 0.247 0.262
0.239 0.247 0.262
0.237 0.247 0.262
0.251 0.247 0.262
0.246 0.247 0.262
0.265 0.247 0.263
0.242 0.247 0.263
0.272 0.247 0.262
0.251 0.247 0.262
0.239 0.247 0.262
0.242 0.247 0.262
0.235 0.247 0.262
* 0.255 0.247 0.263
0.264 0.247 0.263
0.242 0.247 0.263
0.264 0.248 0.263
0.263 0.248 0.263
0.273 0.248 0.263
0.259 0.248 0.263
0.268 0.248 0.263
0.247 0.248 0.263
0.250 0.248 0.263
0.273 0.248 0.263
0.269 0.248 0.263
0.247 0.248 0.263
0.263 0.248 0.263
0.276 0.248 0.263
0.264 0.248 0.263
0.260 0.248 0.263
0.273 0.248 0.263
0.255 0.248 0.263
0.268 0.248 0.263
0.268 0.248 0.263
0.259 0.248 0.263
0.278 0.248 0.263
0.265 0.248 0.263
0.260 0.248 0.263
0.273 0.248 0.263
0.269 0.248 0.263
0.242 0.248 0.263
0.268 0.248 0.263
0.268 0.248 0.263
0.281 0.248 0.263
0.242 0.248 0.263
0.251 0.248 0.263
0.239 0.248 0.263
0.251 0.248 0.263
0.235 0.248 0.263
0.247 0.248 0.263
0.239 0.248 0.263
0.239 0.248 0.263
* 0.264 0.248 0.263
0.264 0.248 0.263
0.251 0.248 0.263
0.268 0.249 0.263
0.263 0.248 0.263
0.225 0.248 0.263
0.264 0.248 0.263
0.243 0.248 0.263
0.241 0.248 0.263
0.243 0.248 0.263
* 0.251 0.248 0.263
0.276 0.249 0.263
0.264 0.249 0.263
0.277 0.249 0.263
0.251 0.249 0.263
0.260 0.249 0.263
0.247 0.249 0.263
0.243 0.249 0.263
0.247 0.249 0.263
0.239 0.249 0.263
0.247 0.249 0.263
* 0.259 0.249 0.263
0.276 0.249 0.263
0.264 0.249 0.263
0.242 0.249 0.263
0.243 0.249 0.263
0.252 0.249 0.263
0.263 0.249 0.263
0.267 0.249 0.263
0.234 0.249 0.263
0.234 0.249 0.263
0.243 0.249 0.263
* 0.255 0.249 0.263
0.248 0.249 0.263
0.256 0.249 0.263
0.234 0.249 0.263
0.235 0.249 0.263
0.256 0.249 0.263
0.243 0.249 0.263
0.243 0.249 0.263
0.259 0.249 0.263
0.239 0.249 0.263
0.219 0.249 0.263
0.251 0.248 0.263
0.259 0.248 0.263
0.217 0.248 0.263
0.216 0.248 0.263
0.243 0.248 0.263
0.243 0.248 0.263
0.238 0.248 0.263
* 0.251 0.248 0.263
0.234 0.248 0.263
0.226 0.248 0.263
0.237 0.248 0.263
0.227 0.248 0.263
0.241 0.248 0.263
0.233 0.248 0.263
0.242 0.248 0.263
0.241 0.248 0.263
0.235 0.248 0.263
0.229 0.248 0.263
0.235 0.248 0.263
0.247 0.248 0.263
0.235 0.248 0.263
* 0.277 0.248 0.263
0.251 0.248 0.263
0.255 0.248 0.263
0.243 0.248 0.263
0.238 0.248 0.263
0.247 0.248 0.263
* 0.273 0.248 0.263
0.268 0.248 0.263
0.247 0.248 0.263
0.255 0.248 0.263
0.255 0.248 0.263
0.267 0.248 0.263
0.247 0.248 0.263
0.246 0.248 0.263
0.273 0.248 0.262
0.251 0.248 0.262
0.235 0.248 0.262
0.243 0.248 0.262
0.251 0.248 0.262
0.239 0.248 0.262
0.252 0.248 0.262
0.248 0.248 0.262
0.252 0.248 0.262
0.244 0.248 0.262
0.265 0.248 0.262
0.276 0.248 0.262
0.268 0.248 0.262
0.267 0.248 0.262
0.273 0.248 0.262
0.268 0.248 0.262
0.264 0.248 0.262
0.260 0.248 0.262
0.293 0.248 0.262
0.272 0.248 0.262
0.259 0.248 0.262
0.263 0.248 0.262
0.268 0.248 0.262
0.268 0.248 0.262
0.259 0.248 0.262
0.269 0.248 0.262
0.272 0.248 0.262
0.277 0.248 0.262
0.247 0.248 0.262
0.265 0.248 0.262
0.276 0.248 0.262
0.247 0.248 0.262
0.250 0.248 0.262
0.267 0.248 0.262
0.251 0.248 0.262
0.259 0.248 0.262
0.254 0.247 0.262
0.272 0.247 0.262
0.298 0.247 0.262
0.281 0.247 0.262
0.264 0.247 0.262
0.264 0.247 0.262
0.277 0.247 0.262
0.260 0.247 0.262
0.272 0.247 0.262
0.272 0.248 0.262
0.259 0.248 0.262
0.260 0.248 0.262
0.281 0.248 0.262
0.259 0.248 0.262
0.280 0.248 0.262
0.277 0.248 0.262
0.255 0.248 0.262
0.229 0.248 0.262
0.238 0.248 0.262
0.254 0.248 0.262
0.254 0.248 0.262
0.242 0.248 0.262
0.259 0.247 0.262
0.243 0.247 0.262
0.233 0.247 0.262
0.241 0.247 0.262
0.237 0.247 0.262
* 0.255 0.247 0.262
0.273 0.247 0.262
0.262 0.247 0.262
0.255 0.247 0.262
0.267 0.247 0.262
0.259 0.247 0.262
0.264 0.247 0.261
0.260 0.248 0.262
0.243 0.248 0.262
0.187 0.248 0.262
0.160 0.248 0.262
0.189 0.248 0.262
0.213 0.248 0.262
0.204 0.248 0.262
0.241 0.248 0.262
0.242 0.248 0.262
0.243 0.248 0.262
0.242 0.248 0.262
0.243 0.248 0.262
0.239 0.248 0.262
* 0.261 0.248 0.261
0.247 0.248 0.261
0.242 0.248 0.261
0.234 0.248 0.261
* 0.257 0.247 0.261
0.243 0.247 0.261
0.265 0.247 0.261
0.264 0.247 0.261
0.269 0.247 0.261
0.259 0.247 0.261
0.256 0.247 0.261
0.262 0.247 0.261
0.278 0.247 0.261
0.268 0.247 0.261
0.243 0.247 0.261
0.254 0.247 0.261
0.276 0.247 0.261
0.259 0.247 0.261
0.267 0.247 0.261
0.268 0.247 0.261
0.268 0.247 0.261
0.254 0.247 0.261
0.253 0.247 0.261
0.268 0.247 0.261
0.264 0.247 0.261
0.268 0.247 0.261
0.247 0.247 0.261
0.230 0.247 0.261
0.265 0.247 0.261
0.275 0.247 0.261
0.255 0.247 0.261
0.257 0.247 0.261
0.251 0.247 0.261
0.267 0.247 0.260
0.266 0.247 0.260
0.256 0.247 0.260
0.246 0.247 0.260
0.273 0.247 0.260
0.280 0.247 0.260
0.277 0.247 0.260
0.247 0.247 0.260
0.262 0.247 0.260
0.261 0.247 0.260
0.267 0.247 0.260
0.256 0.247 0.260
0.285 0.247 0.260
0.269 0.247 0.260
0.291 0.247 0.261
0.276 0.247 0.261
0.269 0.247 0.261
0.278 0.247 0.261
0.283 0.247 0.261
0.290 0.247 0.261
0.287 0.247 0.261
0.279 0.247 0.261
0.290 0.247 0.261
0.282 0.247 0.261
0.279 0.247 0.261
0.283 0.247 0.261
0.297 0.247 0.261
0.271 0.247 0.261
0.287 0.247 0.261
0.281 0.247 0.261
0.288 0.247 0.261
0.281 0.247 0.261
0.285 0.247 0.261
0.280 0.247 0.261
0.248 0.247 0.261
0.273 0.247 0.261
0.279 0.247 0.261
0.283 0.247 0.261
0.278 0.247 0.261
0.281 0.247 0.261
0.282 0.247 0.261
0.270 0.247 0.261
0.281 0.247 0.261
0.272 0.247 0.261
0.287 0.247 0.261
0.272 0.247 0.261
0.269 0.248 0.261
0.268 0.248 0.261
0.287 0.248 0.261
0.286 0.248 0.261
0.274 0.248 0.261
0.290 0.248 0.261
0.282 0.248 0.261
0.259 0.248 0.261
0.264 0.248 0.261
0.247 0.248 0.261
0.253 0.248 0.261
0.281 0.248 0.261
0.249 0.248 0.261
0.258 0.248 0.261
0.253 0.248 0.261
0.253 0.248 0.261
0.251 0.248 0.261
0.251 0.248 0.261
0.249 0.248 0.261
0.251 0.248 0.261
0.253 0.248 0.261
0.240 0.248 0.261
0.260 0.248 0.261
0.267 0.248 0.261
0.278 0.248 0.261
0.268 0.248 0.261
0.248 0.248 0.261
0.241 0.248 0.261
0.176 0.248 0.261
0.203 0.248 0.261
0.234 0.248 0.261
0.234 0.248 0.261
* 0.256 0.248 0.261
0.255 0.248 0.261
0.255 0.248 0.261
0.267 0.248 0.261
0.220 0.248 0.261
0.259 0.248 0.261
0.247 0.248 0.261
0.251 0.248 0.261
0.255 0.248 0.261
0.281 0.248 0.261
0.251 0.248 0.261
0.233 0.248 0.261
0.265 0.248 0.261
0.261 0.248 0.261
0.250 0.248 0.261
0.259 0.248 0.261
0.265 0.248 0.261
0.257 0.248 0.261
0.256 0.248 0.261
0.254 0.248 0.261
0.254 0.248 0.261
0.242 0.248 0.261
0.242 0.248 0.261
0.234 0.248 0.261
* 0.258 0.248 0.261
0.251 0.248 0.261
0.254 0.248 0.261
0.262 0.248 0.261
0.238 0.248 0.261
0.285 0.248 0.261
0.281 0.248 0.261
0.275 0.248 0.261
0.263 0.248 0.261
0.255 0.248 0.261
0.258 0.248 0.261
0.280 0.248 0.261
0.264 0.248 0.261
0.275 0.248 0.261
0.264 0.248 0.261
0.246 0.248 0.261
0.254 0.248 0.261
0.263 0.248 0.261
0.255 0.248 0.261
0.246 0.248 0.261
0.234 0.248 0.261
0.250 0.248 0.261
0.250 0.248 0.261
0.243 0.248 0.261
0.247 0.248 0.261
0.267 0.248 0.261
0.267 0.248 0.261
0.254 0.248 0.261
0.272 0.248 0.261
0.246 0.248 0.261
0.263 0.248 0.261
0.280 0.248 0.261
0.267 0.248 0.261
0.267 0.248 0.261
0.272 0.248 0.261
0.264 0.248 0.261
0.271 0.248 0.261
0.259 0.248 0.261
0.271 0.248 0.261
0.289 0.248 0.261
0.264 0.248 0.261
0.246 0.248 0.261
0.272 0.248 0.261
0.259 0.248 0.261
0.267 0.248 0.261
0.267 0.248 0.261
0.275 0.248 0.261
0.255 0.248 0.261
0.250 0.248 0.261
0.271 0.248 0.261
0.272 0.248 0.261
0.272 0.248 0.261
0.272 0.248 0.261
0.263 0.248 0.261
0.276 0.248 0.261
0.272 0.248 0.261
0.272 0.248 0.261
0.272 0.248 0.261
0.267 0.248 0.261
0.287 0.248 0.261
0.254 0.248 0.261
0.255 0.248 0.261
0.285 0.248 0.261
0.264 0.248 0.261
0.246 0.248 0.261
0.263 0.248 0.261
0.246 0.248 0.261
0.250 0.248 0.261
0.276 0.248 0.261
0.259 0.248 0.261
0.268 0.248 0.261
0.268 0.248 0.261
0.275 0.248 0.261
0.271 0.248 0.262
0.263 0.248 0.262
0.280 0.248 0.262
0.268 0.248 0.262
0.268 0.248 0.262
0.256 0.248 0.262
0.254 0.248 0.262
0.280 0.248 0.262
0.267 0.248 0.262
0.255 0.248 0.262
0.263 0.248 0.262
0.280 0.248 0.262
0.267 0.248 0.262
0.272 0.249 0.262
0.275 0.249 0.262
0.258 0.249 0.262
0.271 0.249 0.262
0.272 0.249 0.262
0.251 0.249 0.262
0.275 0.249 0.262
0.264 0.249 0.262
0.259 0.249 0.262
0.276 0.249 0.262
0.281 0.249 0.262
0.275 0.249 0.262
0.306 0.249 0.262
0.272 0.249 0.262
0.255 0.249 0.262
0.267 0.249 0.262
0.280 0.249 0.262
0.297 0.249 0.262
0.263 0.249 0.262
0.285 0.249 0.262
0.264 0.249 0.262
0.264 0.249 0.263
0.272 0.249 0.263
0.259 0.249 0.263
0.272 0.249 0.263
0.259 0.249 0.263
0.276 0.249 0.263
0.272 0.250 0.263
0.285 0.250 0.263
0.280 0.250 0.263
0.272 0.250 0.263
0.272 0.250 0.263
0.289 0.250 0.263
0.267 0.250 0.263
0.293 0.250 0.263
0.275 0.250 0.263
0.264 0.250 0.263
0.238 0.250 0.263
0.268 0.250 0.263
0.242 0.250 0.263
0.272 0.250 0.263
0.289 0.250 0.263
0.281 0.250 0.263
0.272 0.250 0.263
0.285 0.250 0.263
0.277 0.250 0.263
0.290 0.250 0.263
0.293 0.250 0.263
0.260 0.250 0.263
0.260 0.250 0.263
0.280 0.250 0.263
0.271 0.250 0.263
0.277 0.250 0.264
0.277 0.250 0.264
0.268 0.250 0.264
0.259 0.250 0.264
0.272 0.250 0.264
0.272 0.250 0.264
0.254 0.250 0.264
0.277 0.250 0.264
0.272 0.250 0.264
0.272 0.250 0.264
0.280 0.250 0.264
0.259 0.250 0.264
0.289 0.250 0.264
0.267 0.250 0.264
0.271 0.250 0.264
0.271 0.250 0.264
0.280 0.250 0.264
0.267 0.250 0.264
0.246 0.250 0.264
0.280 0.250 0.264
0.268 0.250 0.264
0.271 0.250 0.264
0.264 0.250 0.264
0.271 0.250 0.264
0.254 0.250 0.264
0.246 0.250 0.264
0.167 0.250 0.264
0.173 0.250 0.264
0.178 0.250 0.264
0.203 0.250 0.264
0.201 0.250 0.264
0.212 0.250 0.264
0.204 0.250 0.264
0.207 0.250 0.264
0.212 0.250 0.264
0.211 0.250 0.264
0.193 0.250 0.264
0.222 0.250 0.264
0.211 0.250 0.264
0.220 0.250 0.264
0.220 0.250 0.264
0.244 0.250 0.264
0.202 0.250 0.264
0.188 0.250 0.264
0.214 0.250 0.264
0.223 0.250 0.264
0.200 0.250 0.264
0.217 0.250 0.264
0.213 0.250 0.264
0.205 0.250 0.264
0.217 0.250 0.264
0.242 0.250 0.264
0.242 0.250 0.264
* 0.268 0.250 0.264
0.264 0.250 0.264
0.255 0.250 0.264
0.246 0.250 0.264
0.255 0.250 0.264
0.264 0.250 0.264
0.272 0.250 0.264
0.260 0.250 0.264
0.275 0.250 0.264
0.251 0.250 0.264
0.263 0.250 0.264
0.269 0.250 0.264
0.259 0.250 0.264
0.251 0.250 0.264
0.235 0.250 0.264
0.272 0.250 0.264
0.259 0.250 0.264
0.246 0.250 0.264
0.272 0.250 0.264
0.235 0.250 0.264
0.241 0.250 0.264
0.235 0.250 0.264
* 0.268 0.250 0.264
0.255 0.250 0.264
0.234 0.250 0.264
0.231 0.250 0.264
0.234 0.250 0.264
* 0.251 0.250 0.264
0.268 0.250 0.264
0.254 0.250 0.264
0.259 0.250 0.263
0.268 0.250 0.264
0.264 0.250 0.264
0.276 0.250 0.264
0.285 0.250 0.264
0.293 0.250 0.264
0.276 0.250 0.264
0.268 0.250 0.264
0.271 0.250 0.264
0.259 0.250 0.264
0.251 0.250 0.264
0.277 0.250 0.264
0.271 0.250 0.264
0.277 0.250 0.264
0.268 0.250 0.264
0.268 0.250 0.264
0.272 0.250 0.264
0.256 0.250 0.264
0.276 0.250 0.264
0.267 0.250 0.264
0.268 0.251 0.264
0.280 0.251 0.264
0.272 0.251 0.264
0.297 0.251 0.264
0.268 0.250 0.264
0.259 0.250 0.264
0.256 0.250 0.264
0.261 0.251 0.264
0.276 0.251 0.264
0.256 0.251 0.264
0.259 0.251 0.264
0.272 0.251 0.264
0.247 0.251 0.264
0.242 0.251 0.264
0.243 0.251 0.264
0.242 0.251 0.264
* 0.251 0.251 0.264
0.268 0.251 0.264
0.259 0.251 0.264
0.230 0.251 0.264
0.235 0.251 0.264
0.242 0.251 0.264
* 0.277 0.251 0.264
0.268 0.251 0.264
0.252 0.251 0.264
0.251 0.251 0.264
0.268 0.251 0.264
0.260 0.251 0.264
0.255 0.251 0.264
0.260 0.251 0.264
0.259 0.251 0.264
0.276 0.251 0.264
0.276 0.251 0.264
0.264 0.251 0.264
0.272 0.251 0.264
0.289 0.251 0.264
0.293 0.251 0.265
0.280 0.251 0.265
0.284 0.251 0.265
0.272 0.251 0.265
0.255 0.251 0.265
0.280 0.251 0.265
0.256 0.251 0.265
0.272 0.251 0.265
0.268 0.251 0.265
0.276 0.251 0.265
0.256 0.251 0.265
0.277 0.251 0.265
0.285 0.251 0.265
0.260 0.251 0.265
0.272 0.251 0.265
0.272 0.251 0.265
0.286 0.251 0.265
0.281 0.251 0.265
0.277 0.251 0.265
0.264 0.251 0.265
0.268 0.251 0.265
0.302 0.251 0.265
0.268 0.251 0.265
0.276 0.251 0.265
0.293 0.251 0.265
0.293 0.252 0.265
0.276 0.252 0.265
0.272 0.252 0.265
0.268 0.252 0.265
0.276 0.252 0.265
0.277 0.252 0.265
0.268 0.252 0.265
0.267 0.252 0.265
0.277 0.252 0.265
0.276 0.252 0.265
0.268 0.252 0.265
0.251 0.252 0.265
0.269 0.252 0.265
0.272 0.252 0.265
0.271 0.252 0.265
0.263 0.252 0.265
0.268 0.252 0.265
0.276 0.252 0.265
0.264 0.252 0.266
0.272 0.252 0.266
0.268 0.252 0.266
0.276 0.252 0.266
0.268 0.252 0.266
0.276 0.252 0.266
0.251 0.252 0.266
0.255 0.252 0.266
0.264 0.252 0.266
0.272 0.253 0.266
0.260 0.253 0.266
0.251 0.253 0.266
0.251 0.253 0.266
0.251 0.253 0.266
0.243 0.253 0.266
* 0.268 0.253 0.266
0.243 0.253 0.266
0.243 0.253 0.266
0.235 0.253 0.266
* 0.273 0.253 0.266
0.255 0.253 0.266
0.280 0.253 0.266
0.269 0.253 0.266
0.277 0.253 0.266
0.272 0.253 0.266
0.259 0.253 0.266
0.242 0.253 0.266
0.272 0.253 0.266
0.272 0.253 0.266
0.272 0.253 0.266
0.272 0.253 0.266
0.259 0.253 0.266
0.272 0.253 0.266
0.269 0.253 0.266
0.242 0.253 0.266
0.281 0.253 0.266
0.284 0.253 0.266
0.280 0.253 0.266
0.302 0.254 0.266
0.281 0.254 0.267
0.272 0.254 0.267
0.259 0.254 0.267
0.259 0.254 0.267
0.281 0.254 0.267
0.277 0.254 0.267
0.263 0.254 0.267
0.272 0.254 0.267
0.255 0.254 0.267
0.276 0.254 0.267
0.239 0.254 0.267
0.265 0.254 0.267
0.260 0.254 0.267
0.298 0.254 0.267
0.259 0.254 0.267
0.268 0.254 0.267
0.246 0.254 0.267
0.251 0.254 0.267
0.259 0.254 0.267
0.247 0.254 0.267
0.264 0.254 0.267
0.272 0.254 0.267
0.272 0.254 0.267
0.268 0.254 0.267
0.277 0.254 0.267
0.276 0.254 0.267
0.268 0.254 0.267
0.288 0.254 0.267
0.277 0.254 0.267
0.269 0.254 0.267
0.251 0.254 0.267
0.263 0.254 0.267
0.268 0.254 0.267
0.247 0.254 0.267
0.246 0.254 0.267
0.269 0.254 0.267
0.272 0.254 0.267
0.277 0.254 0.267
0.268 0.254 0.267
0.260 0.254 0.267
0.272 0.254 0.267
0.272 0.254 0.267
0.268 0.254 0.267
0.252 0.254 0.267
0.252 0.254 0.267
0.263 0.254 0.267
0.269 0.254 0.267
0.267 0.254 0.267
0.268 0.254 0.267
0.272 0.254 0.267
0.277 0.254 0.267
0.222 0.254 0.267
0.177 0.254 0.267
0.173 0.254 0.267
0.205 0.254 0.267
0.242 0.254 0.267
0.230 0.254 0.267
0.252 0.254 0.267
0.241 0.254 0.267
* 0.263 0.254 0.267
0.222 0.254 0.267
0.233 0.254 0.267
0.222 0.254 0.267
0.242 0.254 0.267
0.241 0.254 0.267
0.217 0.254 0.267
0.226 0.254 0.267
0.243 0.254 0.267
0.234 0.254 0.267
0.234 0.254 0.267
0.234 0.254 0.267
0.239 0.254 0.267
0.233 0.254 0.267
0.239 0.254 0.267
* 0.259 0.254 0.267
0.255 0.254 0.267
0.229 0.254 0.267
0.226 0.254 0.267
0.231 0.254 0.267
0.238 0.254 0.267
0.239 0.254 0.267
0.243 0.254 0.267
0.242 0.254 0.267
0.242 0.254 0.267
0.234 0.254 0.267
0.238 0.254 0.267
* 0.260 0.254 0.267
0.268 0.254 0.267
0.218 0.254 0.267
0.230 0.254 0.267
0.226 0.254 0.267
0.238 0.254 0.267
0.234 0.254 0.267
0.241 0.254 0.267
0.234 0.254 0.267
0.239 0.254 0.267
0.250 0.254 0.267
0.246 0.254 0.267
0.242 0.254 0.267
0.243 0.254 0.267
0.230 0.254 0.267
0.235 0.254 0.267
0.238 0.254 0.267
* 0.256 0.254 0.267
0.235 0.254 0.267
0.242 0.254 0.267
0.246 0.254 0.267
0.222 0.254 0.267
0.210 0.254 0.267
* 0.256 0.254 0.267
0.251 0.254 0.267
0.268 0.254 0.267
0.259 0.254 0.267
0.268 0.254 0.267
0.238 0.254 0.267
0.259 0.254 0.267
0.260 0.254 0.267
0.259 0.254 0.267
0.246 0.254 0.267
0.251 0.254 0.267
0.259 0.254 0.267
0.234 0.254 0.267
0.225 0.254 0.267
0.251 0.254 0.267
0.222 0.254 0.267
0.226 0.254 0.267
0.242 0.254 0.267
0.218 0.254 0.267
0.234 0.254 0.267
* 0.259 0.254 0.267
0.255 0.254 0.267
0.247 0.254 0.267
0.273 0.254 0.267
0.271 0.254 0.267
0.268 0.254 0.267
0.259 0.254 0.267
0.268 0.254 0.267
0.259 0.254 0.267
0.269 0.254 0.267
0.277 0.254 0.267
0.281 0.254 0.267
0.268 0.254 0.267
0.273 0.254 0.267
0.273 0.254 0.267
0.277 0.254 0.267
0.268 0.254 0.267
0.269 0.254 0.267
0.264 0.254 0.267
0.259 0.254 0.267
0.272 0.255 0.267
0.268 0.255 0.267
0.269 0.255 0.267
0.256 0.255 0.267
0.272 0.255 0.267
0.260 0.255 0.267
0.264 0.255 0.267
0.277 0.255 0.267
0.260 0.255 0.267
0.250 0.255 0.267
0.264 0.255 0.267
0.263 0.255 0.267
0.259 0.255 0.267
0.272 0.255 0.267
0.248 0.255 0.267
0.243 0.255 0.267
0.246 0.255 0.267
0.251 0.255 0.267
0.247 0.255 0.267
0.234 0.255 0.267
0.249 0.255 0.267
* 0.265 0.255 0.267
0.243 0.255 0.267
0.260 0.255 0.267
0.263 0.255 0.267
0.260 0.255 0.267
0.247 0.255 0.267
0.248 0.255 0.267
0.242 0.255 0.267
0.242 0.255 0.267
* 0.259 0.255 0.267
0.248 0.255 0.267
0.243 0.255 0.267
0.234 0.255 0.267
* 0.259 0.255 0.267
0.271 0.255 0.267
0.259 0.255 0.267
0.252 0.255 0.267
0.247 0.255 0.267
0.260 0.254 0.267
0.268 0.254 0.267
0.252 0.254 0.267
0.248 0.254 0.267
0.253 0.254 0.267
* 0.256 0.254 0.267
0.251 0.254 0.267
0.250 0.254 0.267
0.239 0.254 0.267
* 0.258 0.254 0.267
0.269 0.254 0.267
0.237 0.254 0.267
0.242 0.254 0.267
0.234 0.254 0.267
0.234 0.254 0.267
0.243 0.254 0.267
0.247 0.254 0.267
0.243 0.254 0.267
* 0.260 0.254 0.267
0.260 0.254 0.267
0.251 0.254 0.267
0.234 0.254 0.267
0.238 0.254 0.267
0.235 0.254 0.267
0.231 0.254 0.267
0.225 0.254 0.267
0.241 0.254 0.267
0.239 0.254 0.267
* 0.256 0.254 0.266
0.254 0.254 0.266
0.230 0.254 0.266
0.226 0.254 0.266
0.148 0.254 0.266
0.200 0.254 0.266
0.185 0.254 0.266
0.201 0.254 0.266
0.200 0.254 0.266
0.195 0.254 0.266
0.192 0.254 0.266
0.226 0.254 0.266
0.230 0.254 0.266
0.213 0.254 0.266
0.226 0.254 0.266
0.226 0.254 0.266
0.239 0.254 0.266
0.217 0.254 0.266
0.219 0.254 0.266
0.226 0.254 0.266
0.216 0.254 0.266
0.252 0.254 0.266
0.211 0.254 0.266
0.239 0.254 0.266
0.235 0.254 0.266
0.230 0.254 0.266
0.225 0.254 0.266
0.233 0.254 0.266
0.224 0.254 0.266
* 0.255 0.254 0.266
0.247 0.254 0.266
0.233 0.254 0.266
0.223 0.254 0.266
0.238 0.254 0.266
0.242 0.254 0.266
0.250 0.254 0.266
* 0.264 0.254 0.266
0.254 0.254 0.266
0.273 0.254 0.266
0.264 0.254 0.266
0.251 0.254 0.266
0.247 0.254 0.266
0.264 0.254 0.266
0.233 0.254 0.266
0.269 0.254 0.266
0.260 0.254 0.266
0.259 0.254 0.266
0.259 0.254 0.266
0.254 0.254 0.266
0.268 0.254 0.266
0.250 0.254 0.266
0.268 0.254 0.266
0.247 0.254 0.266
0.251 0.254 0.266
0.234 0.254 0.266
0.238 0.254 0.266
0.211 0.254 0.266
0.166 0.254 0.266
0.186 0.254 0.266
0.199 0.254 0.266
0.207 0.254 0.266
0.222 0.254 0.266
0.228 0.254 0.266
0.226 0.254 0.266
0.230 0.254 0.266
0.242 0.254 0.266
0.235 0.254 0.266
0.229 0.254 0.266
0.225 0.254 0.266
0.239 0.254 0.266
0.217 0.254 0.266
* 0.272 0.254 0.266
0.234 0.254 0.266
0.230 0.254 0.266
0.238 0.254 0.266
* 0.260 0.254 0.266
0.247 0.254 0.266
0.268 0.254 0.266
0.255 0.254 0.266
0.276 0.254 0.266
0.239 0.254 0.266
0.259 0.253 0.265
0.277 0.253 0.265
0.282 0.253 0.265
0.242 0.253 0.265
0.246 0.253 0.265
0.272 0.253 0.265
0.234 0.253 0.265
0.281 0.253 0.265
0.224 0.253 0.265
0.230 0.253 0.265
0.234 0.253 0.265
* 0.264 0.253 0.265
0.247 0.253 0.265
0.246 0.253 0.265
0.235 0.253 0.265
0.231 0.253 0.265
* 0.254 0.253 0.265
0.264 0.253 0.265
0.268 0.253 0.266
0.260 0.253 0.266
0.268 0.254 0.266
0.263 0.254 0.266
0.259 0.254 0.266
0.294 0.254 0.266
0.272 0.254 0.266
0.268 0.254 0.266
0.255 0.254 0.266
0.267 0.254 0.266
0.267 0.254 0.266
0.276 0.254 0.266
0.260 0.254 0.266
0.277 0.254 0.266
0.271 0.254 0.266
0.259 0.254 0.266
0.259 0.254 0.266
0.258 0.254 0.266
0.255 0.254 0.266
0.272 0.254 0.266
0.250 0.254 0.266
0.268 0.254 0.266
0.259 0.254 0.266
0.260 0.254 0.266
0.277 0.254 0.266
0.276 0.254 0.266
0.271 0.254 0.266
0.260 0.254 0.266
0.259 0.254 0.266
0.251 0.254 0.266
0.250 0.254 0.266
0.259 0.254 0.266
0.268 0.254 0.266
0.276 0.254 0.266
0.272 0.254 0.266
0.250 0.254 0.266
0.263 0.255 0.266
0.263 0.255 0.266
0.268 0.255 0.266
0.242 0.255 0.266
0.251 0.255 0.266
0.254 0.255 0.266
0.250 0.255 0.266
* 0.268 0.255 0.266
0.264 0.255 0.266
0.263 0.255 0.266
0.276 0.255 0.266
0.282 0.255 0.266
0.268 0.255 0.266
0.251 0.255 0.266
0.259 0.255 0.266
0.264 0.255 0.266
0.284 0.255 0.266
0.268 0.255 0.266
0.260 0.255 0.266
0.263 0.255 0.266
0.260 0.255 0.266
0.254 0.255 0.266
0.259 0.255 0.266
0.263 0.255 0.266
0.259 0.255 0.266
0.267 0.255 0.266
0.260 0.255 0.266
0.267 0.255 0.266
0.263 0.255 0.266
0.259 0.255 0.266
0.260 0.255 0.266
0.272 0.255 0.266
0.264 0.255 0.266
0.246 0.255 0.266
0.250 0.255 0.266
0.264 0.255 0.266
0.246 0.255 0.266
0.263 0.255 0.266
0.255 0.255 0.266
0.259 0.255 0.266
0.251 0.255 0.266
0.255 0.255 0.266
0.268 0.255 0.266
0.260 0.255 0.266
0.259 0.255 0.266
0.263 0.255 0.266
0.259 0.255 0.266
0.250 0.255 0.266
0.259 0.255 0.266
0.246 0.255 0.266
0.259 0.255 0.266
0.259 0.255 0.266
0.246 0.255 0.266
0.273 0.255 0.266
0.263 0.255 0.266
0.264 0.255 0.266
0.259 0.254 0.266
0.271 0.254 0.266
0.281 0.254 0.266
0.267 0.255 0.266
0.268 0.255 0.266
0.251 0.255 0.266
0.264 0.255 0.266
0.247 0.255 0.266
0.246 0.255 0.266
0.241 0.255 0.266
0.233 0.255 0.266
* 0.259 0.255 0.266
0.251 0.255 0.266
0.276 0.255 0.266
0.263 0.255 0.266
0.243 0.255 0.266
0.259 0.255 0.266
0.250 0.255 0.266
0.223 0.255 0.266
0.197 0.255 0.266
0.214 0.255 0.266
0.225 0.255 0.266
0.241 0.255 0.266
* 0.268 0.255 0.266
0.246 0.255 0.266
0.246 0.255 0.266
0.237 0.255 0.266
0.252 0.255 0.266
0.254 0.255 0.266
0.237 0.255 0.266
0.251 0.255 0.266
* 0.268 0.255 0.266
0.245 0.255 0.266
0.242 0.255 0.266
0.268 0.254 0.266
0.241 0.254 0.266
0.242 0.254 0.266
0.251 0.254 0.266
0.252 0.254 0.266
0.251 0.254 0.266
* 0.259 0.254 0.266
0.268 0.254 0.266
0.251 0.254 0.266
0.242 0.254 0.266
0.268 0.254 0.266
0.246 0.254 0.266
0.278 0.254 0.266
0.251 0.254 0.266
0.246 0.254 0.266
0.263 0.254 0.266
0.251 0.254 0.266
0.247 0.254 0.266
0.246 0.254 0.266
* 0.273 0.254 0.266
0.267 0.254 0.266
0.276 0.254 0.266
0.268 0.254 0.266
0.250 0.254 0.266
0.263 0.254 0.266
0.233 0.254 0.266
0.255 0.254 0.265
0.259 0.254 0.265
0.262 0.254 0.265
0.276 0.254 0.265
0.272 0.254 0.265
0.272 0.254 0.265
0.259 0.254 0.265
0.254 0.254 0.265
0.252 0.254 0.265
0.260 0.254 0.265
0.264 0.254 0.265
0.252 0.254 0.265
0.250 0.254 0.265
0.267 0.254 0.265
0.263 0.254 0.265
0.260 0.254 0.265
0.260 0.254 0.265
0.254 0.254 0.265
0.252 0.254 0.265
0.229 0.254 0.265
0.264 0.253 0.265
0.268 0.253 0.265
0.225 0.253 0.265
0.241 0.253 0.265
0.277 0.253 0.265
0.251 0.253 0.265
0.268 0.253 0.265
0.269 0.253 0.265
0.259 0.253 0.265
0.277 0.253 0.265
0.254 0.253 0.265
0.259 0.253 0.265
0.272 0.253 0.265
0.251 0.253 0.265
0.250 0.253 0.265
0.260 0.253 0.265
0.243 0.253 0.265
0.259 0.253 0.264
0.260 0.253 0.264
0.251 0.253 0.264
0.276 0.253 0.264
0.276 0.253 0.264
0.268 0.253 0.264
0.260 0.253 0.264
0.259 0.253 0.264
0.234 0.253 0.264
0.259 0.253 0.264
0.268 0.253 0.264
0.258 0.253 0.264
0.265 0.253 0.264
0.259 0.253 0.264
0.252 0.253 0.264
0.259 0.253 0.264
0.276 0.253 0.264
0.260 0.253 0.264
0.267 0.253 0.264
0.276 0.253 0.264
0.251 0.253 0.264
0.267 0.253 0.264
0.233 0.253 0.264
0.250 0.253 0.264
0.273 0.253 0.264
0.259 0.252 0.264
0.242 0.252 0.264
0.245 0.252 0.264
0.259 0.252 0.264
0.259 0.252 0.264
0.233 0.252 0.264
0.272 0.252 0.264
0.267 0.252 0.264
0.250 0.252 0.264
0.248 0.252 0.264
0.267 0.252 0.264
0.277 0.252 0.264
0.250 0.252 0.264
0.267 0.252 0.264
0.241 0.252 0.264
0.258 0.252 0.264
0.235 0.252 0.264
0.237 0.252 0.264
0.251 0.252 0.264
0.251 0.252 0.264
* 0.254 0.252 0.264
0.246 0.252 0.264
0.250 0.252 0.264
0.250 0.252 0.264
* 0.256 0.252 0.264
0.235 0.252 0.264
0.272 0.252 0.264
0.259 0.252 0.264
0.272 0.252 0.264
0.250 0.252 0.264
0.259 0.252 0.264
0.251 0.252 0.264
0.254 0.252 0.264
0.263 0.252 0.264
0.248 0.252 0.264
0.243 0.252 0.264
0.265 0.252 0.263
0.267 0.252 0.264
0.268 0.252 0.264
0.276 0.252 0.264
0.260 0.252 0.264
0.246 0.252 0.264
0.259 0.252 0.264
0.277 0.252 0.264
0.264 0.252 0.263
0.238 0.252 0.263
0.285 0.252 0.263
0.269 0.252 0.263
0.252 0.252 0.263
0.256 0.252 0.263
0.268 0.252 0.263
0.247 0.252 0.263
0.276 0.252 0.263
0.259 0.252 0.263
0.251 0.252 0.263
0.260 0.252 0.263
0.272 0.252 0.263
0.272 0.252 0.263
0.273 0.252 0.263
0.254 0.252 0.263
0.276 0.252 0.263
0.268 0.252 0.263
0.255 0.252 0.263
0.277 0.252 0.263
0.267 0.252 0.263
0.247 0.252 0.263
0.268 0.252 0.263
0.277 0.252 0.263
0.264 0.252 0.263
0.250 0.252 0.263
0.268 0.252 0.263
0.277 0.252 0.263
0.259 0.252 0.263
0.259 0.252 0.263
0.260 0.252 0.263
0.259 0.252 0.263
0.260 0.252 0.263
0.250 0.252 0.263
0.255 0.252 0.263
0.251 0.252 0.263
0.259 0.252 0.263
0.239 0.252 0.263
0.250 0.252 0.263
0.238 0.252 0.263
0.250 0.252 0.263
* 0.268 0.252 0.263
0.272 0.252 0.263
0.255 0.252 0.263
0.256 0.252 0.263
0.280 0.252 0.263
0.268 0.252 0.263
0.268 0.252 0.263
0.260 0.252 0.263
0.263 0.252 0.263
0.250 0.252 0.263
0.259 0.252 0.263
0.260 0.252 0.263
0.268 0.252 0.263
0.268 0.252 0.263
0.277 0.252 0.263
0.268 0.252 0.263
0.277 0.252 0.263
0.259 0.252 0.263
0.276 0.252 0.263
0.276 0.252 0.263
0.268 0.252 0.263
0.277 0.252 0.263
0.268 0.252 0.263
0.272 0.252 0.263
0.251 0.252 0.263
0.259 0.252 0.263
0.260 0.252 0.263
0.259 0.252 0.263
0.281 0.252 0.263
0.277 0.252 0.263
0.277 0.252 0.263
0.272 0.252 0.263
0.264 0.252 0.263
0.272 0.252 0.263
0.273 0.252 0.263
0.268 0.252 0.263
0.268 0.252 0.263
0.263 0.252 0.263
0.263 0.252 0.263
0.264 0.252 0.263
0.272 0.252 0.263
0.251 0.252 0.263
0.255 0.252 0.262
0.267 0.252 0.262
0.269 0.252 0.263
0.206 0.252 0.263
0.179 0.252 0.263
0.176 0.252 0.263
0.179 0.252 0.263
0.197 0.252 0.263
0.224 0.252 0.263
0.247 0.252 0.263
0.216 0.252 0.263
0.224 0.252 0.263
0.233 0.252 0.263
0.238 0.252 0.263
0.216 0.252 0.263
0.246 0.252 0.263
0.248 0.252 0.263
0.242 0.252 0.263
0.229 0.252 0.263
0.239 0.252 0.263
0.228 0.252 0.263
0.229 0.252 0.263
* 0.263 0.252 0.262
0.242 0.252 0.262
0.230 0.252 0.262
0.246 0.252 0.262
0.225 0.252 0.262
0.247 0.252 0.262
0.242 0.252 0.262
0.242 0.252 0.262
0.241 0.252 0.262
0.248 0.252 0.262
0.233 0.252 0.262
0.250 0.252 0.262
0.242 0.252 0.262
0.191 0.252 0.262
0.173 0.252 0.262
0.159 0.252 0.262
0.182 0.252 0.262
0.207 0.252 0.262
0.207 0.252 0.262
0.182 0.252 0.262
0.209 0.252 0.262
0.200 0.252 0.262
0.209 0.252 0.262
0.221 0.252 0.262
0.212 0.252 0.262
0.233 0.252 0.262
0.217 0.252 0.262
0.217 0.252 0.262
0.205 0.252 0.262
0.215 0.252 0.262
0.216 0.252 0.262
0.233 0.252 0.262
0.224 0.252 0.262
0.243 0.252 0.262
0.238 0.252 0.262
0.251 0.252 0.262
0.242 0.252 0.262
0.247 0.252 0.262
* 0.255 0.252 0.262
0.241 0.252 0.262
0.243 0.252 0.262
0.241 0.252 0.262
0.242 0.252 0.262
0.242 0.252 0.262
0.239 0.252 0.262
0.234 0.252 0.262
0.230 0.252 0.262
0.234 0.252 0.262
0.233 0.252 0.262
0.174 0.252 0.262
0.207 0.252 0.262
0.207 0.252 0.262
0.213 0.252 0.262
0.242 0.252 0.262
0.236 0.252 0.262
0.228 0.252 0.262
* 0.259 0.252 0.262
0.237 0.252 0.262
0.238 0.252 0.262
0.230 0.252 0.262
0.246 0.252 0.262
0.228 0.252 0.262
0.234 0.252 0.262
* 0.259 0.252 0.262
0.260 0.252 0.262
0.263 0.252 0.262
0.242 0.252 0.262
0.247 0.252 0.262
0.255 0.251 0.262
0.242 0.251 0.262
0.250 0.251 0.262
0.260 0.251 0.262
0.267 0.251 0.262
0.269 0.251 0.262
0.267 0.251 0.262
0.277 0.251 0.262
0.243 0.251 0.262
0.260 0.251 0.262
0.269 0.251 0.262
0.272 0.251 0.262
0.239 0.251 0.262
0.274 0.251 0.262
0.251 0.251 0.262
0.259 0.251 0.262
0.242 0.251 0.262
0.217 0.251 0.262
0.239 0.251 0.262
0.241 0.251 0.262
0.233 0.251 0.262
0.227 0.251 0.262
0.247 0.251 0.262
0.251 0.251 0.262
* 0.254 0.251 0.262
0.243 0.251 0.262
0.251 0.251 0.262
0.240 0.251 0.262
0.233 0.251 0.262
0.281 0.251 0.262
0.257 0.251 0.262
0.241 0.251 0.262
0.274 0.251 0.262
0.283 0.251 0.262
0.243 0.251 0.262
0.256 0.251 0.262
0.259 0.251 0.262
0.281 0.251 0.262
0.296 0.251 0.262
0.281 0.251 0.262
0.286 0.251 0.262
0.286 0.251 0.262
0.306 0.251 0.262
0.308 0.251 0.262
0.237 0.251 0.262
0.182 0.251 0.262
0.223 0.251 0.262
* 0.260 0.251 0.262
0.279 0.251 0.262
0.209 0.251 0.262
0.190 0.251 0.262
0.206 0.251 0.262
* 0.253 0.251 0.262
0.269 0.251 0.262
0.288 0.251 0.262
0.310 0.251 0.262
0.260 0.251 0.262
0.283 0.251 0.262
0.301 0.251 0.262
0.274 0.251 0.262
0.287 0.251 0.262
0.266 0.251 0.262
0.259 0.251 0.262
0.286 0.251 0.262
0.270 0.251 0.262
0.284 0.251 0.262
0.273 0.251 0.262
0.269 0.251 0.262
0.273 0.251 0.262
0.250 0.251 0.262
0.243 0.251 0.262
0.277 0.251 0.262
0.265 0.251 0.262
0.255 0.250 0.262
0.242 0.250 0.262
0.272 0.250 0.262
0.259 0.250 0.262
0.243 0.250 0.262
0.269 0.250 0.262
0.273 0.250 0.262
0.255 0.250 0.262
0.268 0.250 0.262
0.273 0.250 0.262
0.269 0.250 0.262
0.243 0.250 0.262
0.259 0.250 0.262
0.269 0.250 0.262
0.272 0.250 0.262
0.255 0.250 0.262
0.269 0.250 0.262
0.255 0.250 0.262
0.233 0.250 0.262
0.263 0.250 0.262
0.272 0.250 0.262
0.268 0.250 0.262
0.264 0.250 0.262
0.256 0.250 0.262
0.268 0.250 0.262
0.263 0.250 0.262
0.272 0.250 0.262
0.256 0.250 0.262
0.264 0.250 0.262
0.277 0.250 0.262
0.287 0.250 0.262
0.260 0.250 0.262
0.243 0.250 0.262
0.268 0.250 0.262
0.273 0.250 0.262
0.259 0.250 0.262
0.268 0.250 0.262
0.255 0.250 0.262
0.260 0.250 0.262
0.237 0.250 0.262
0.260 0.250 0.262
0.252 0.250 0.262
0.260 0.250 0.262
0.255 0.250 0.262
0.259 0.250 0.262
0.264 0.250 0.262
0.269 0.250 0.262
0.272 0.250 0.262
0.260 0.250 0.262
0.247 0.250 0.262
0.250 0.250 0.262
0.260 0.250 0.262
0.264 0.250 0.262
0.255 0.250 0.262
0.281 0.250 0.262
0.268 0.250 0.262
0.268 0.250 0.262
0.250 0.250 0.262
0.199 0.250 0.262
0.186 0.250 0.262
0.244 0.250 0.262
0.234 0.250 0.262
* 0.252 0.250 0.262
0.252 0.250 0.262
0.246 0.250 0.262
0.239 0.250 0.262
0.260 0.250 0.262
0.254 0.250 0.262
0.247 0.250 0.262
0.256 0.250 0.262
0.260 0.250 0.262
0.243 0.250 0.262
0.260 0.250 0.262
0.243 0.250 0.262
0.260 0.250 0.262
0.242 0.250 0.262
0.255 0.250 0.262
0.251 0.250 0.262
0.260 0.250 0.262
0.265 0.250 0.262
0.270 0.250 0.262
0.247 0.250 0.262
0.268 0.250 0.262
0.281 0.250 0.262
0.260 0.250 0.262
0.297 0.250 0.262
0.251 0.250 0.262
0.264 0.250 0.262
0.277 0.250 0.262
0.270 0.250 0.262
0.260 0.250 0.262
0.271 0.250 0.262
0.271 0.250 0.262
0.255 0.250 0.262
0.256 0.250 0.262
0.269 0.250 0.262
0.243 0.250 0.262
0.269 0.250 0.262
0.256 0.250 0.262
0.255 0.250 0.262
0.243 0.250 0.262
0.243 0.250 0.262
0.243 0.250 0.262
0.246 0.250 0.262
* 0.270 0.250 0.262
0.247 0.250 0.262
0.243 0.250 0.262
0.242 0.250 0.262
* 0.264 0.250 0.262
0.260 0.250 0.262
0.284 0.250 0.262
0.272 0.250 0.262
0.265 0.250 0.262
0.243 0.250 0.262
0.247 0.250 0.262
0.265 0.250 0.262
0.255 0.250 0.262
0.264 0.250 0.262
0.256 0.250 0.262
0.261 0.250 0.262
0.252 0.250 0.262
0.260 0.250 0.262
0.247 0.250 0.262
0.243 0.250 0.262
0.247 0.250 0.262
* 0.264 0.250 0.262
0.238 0.250 0.262
0.255 0.250 0.262
0.257 0.250 0.262
0.267 0.250 0.262
0.237 0.250 0.262
0.251 0.250 0.262
0.239 0.250 0.262
0.246 0.250 0.262
0.246 0.250 0.262
0.243 0.250 0.262
* 0.256 0.250 0.262
0.216 0.250 0.262
0.218 0.250 0.262
0.220 0.250 0.262
0.242 0.250 0.262
0.235 0.250 0.262
0.215 0.250 0.262
0.234 0.250 0.262
0.250 0.250 0.262
* 0.255 0.250 0.262
0.287 0.250 0.262
0.263 0.250 0.262
0.270 0.250 0.262
0.307 0.250 0.262
0.311 0.250 0.262
0.271 0.250 0.262
0.267 0.250 0.262
0.287 0.250 0.262
0.262 0.250 0.262
0.276 0.250 0.262
0.268 0.250 0.262
0.259 0.250 0.262
0.263 0.250 0.262
0.262 0.250 0.262
0.262 0.250 0.262
0.267 0.250 0.262
0.283 0.250 0.262
0.278 0.250 0.262
0.279 0.250 0.262
0.267 0.250 0.262
0.295 0.250 0.262
0.283 0.250 0.262
0.287 0.250 0.262
0.262 0.250 0.262
0.320 0.250 0.262
0.291 0.250 0.262
0.242 0.250 0.262
0.255 0.250 0.262
0.226 0.250 0.262
0.238 0.250 0.262
0.238 0.250 0.262
0.216 0.250 0.262
0.242 0.250 0.262
0.207 0.250 0.262
0.197 0.250 0.262
0.211 0.250 0.262
0.198 0.250 0.262
0.202 0.250 0.262
* 0.250 0.250 0.262
0.203 0.250 0.262
0.212 0.250 0.262
0.204 0.250 0.262
0.198 0.250 0.262
0.200 0.250 0.262
0.222 0.250 0.262
0.210 0.250 0.262
0.195 0.250 0.262
0.243 0.250 0.262
0.199 0.250 0.262
0.189 0.250 0.262
* 0.276 0.250 0.262
0.267 0.250 0.262
0.243 0.250 0.262
0.172 0.250 0.262
0.229 0.250 0.262
0.211 0.250 0.262
0.180 0.250 0.262
0.206 0.250 0.262
0.225 0.250 0.262
0.226 0.250 0.262
0.186 0.250 0.262
* 0.258 0.250 0.262
0.202 0.250 0.262
0.168 0.250 0.262
0.188 0.250 0.262
0.198 0.250 0.262
0.175 0.250 0.262
0.247 0.250 0.262
0.215 0.250 0.262
0.185 0.250 0.262
0.203 0.250 0.262
0.207 0.250 0.262
0.205 0.250 0.262
0.238 0.250 0.262
0.189 0.250 0.262
0.242 0.250 0.262
0.247 0.250 0.262
0.198 0.250 0.262
0.202 0.250 0.262
0.242 0.250 0.262
0.236 0.250 0.262
0.239 0.250 0.262
* 0.255 0.250 0.262
0.198 0.250 0.262
0.228 0.250 0.262
0.220 0.250 0.262
0.220 0.250 0.262
0.218 0.250 0.262
0.193 0.250 0.262
* 0.256 0.250 0.262
0.222 0.250 0.262
0.217 0.250 0.262
0.203 0.250 0.262
0.202 0.250 0.262
0.221 0.250 0.262
* 0.251 0.249 0.262
0.225 0.249 0.262
0.213 0.249 0.262
0.259 0.249 0.262
0.208 0.249 0.262
0.220 0.249 0.262
0.251 0.249 0.262
0.199 0.249 0.262
0.174 0.249 0.262
0.203 0.249 0.262
0.243 0.249 0.262
0.187 0.249 0.262
0.188 0.249 0.262
0.211 0.249 0.262
* 0.271 0.249 0.262
0.279 0.249 0.262
0.276 0.249 0.262
0.271 0.249 0.262
0.197 0.249 0.262
0.197 0.249 0.262
0.187 0.249 0.262
0.230 0.249 0.262
0.225 0.249 0.262
0.194 0.249 0.262
0.226 0.249 0.262
0.202 0.249 0.262
0.213 0.249 0.262
0.197 0.249 0.262
0.207 0.249 0.262
0.187 0.249 0.262
0.227 0.249 0.262
0.238 0.249 0.262
0.218 0.249 0.262
0.218 0.249 0.262
0.213 0.249 0.262
* 0.256 0.249 0.262
0.284 0.249 0.262
0.213 0.249 0.262
0.218 0.249 0.262
0.246 0.249 0.262
0.226 0.249 0.262
0.238 0.249 0.262
* 0.267 0.249 0.262
0.230 0.249 0.262
0.226 0.249 0.262
0.250 0.248 0.262
0.242 0.248 0.262
0.211 0.248 0.262
0.177 0.248 0.262
0.224 0.248 0.262
0.213 0.248 0.262
0.181 0.248 0.262
0.206 0.248 0.262
* 0.271 0.248 0.262
0.209 0.248 0.262
0.263 0.248 0.262
0.258 0.248 0.262
0.197 0.248 0.262
0.292 0.247 0.262
0.238 0.247 0.262
0.212 0.247 0.262
0.228 0.247 0.262
0.243 0.247 0.262
0.244 0.247 0.262
0.237 0.247 0.262
0.225 0.247 0.262
0.246 0.247 0.262
0.215 0.247 0.262
0.243 0.247 0.262
0.228 0.247 0.262
0.223 0.247 0.262
0.220 0.247 0.262
0.213 0.247 0.262
0.222 0.247 0.262
0.218 0.247 0.262
0.205 0.247 0.262
0.204 0.247 0.262
0.233 0.247 0.262
0.239 0.247 0.262
0.211 0.247 0.262
0.201 0.247 0.262
0.230 0.247 0.262
0.206 0.247 0.262
0.182 0.247 0.262
0.213 0.247 0.262
0.242 0.247 0.262
0.246 0.247 0.262
0.235 0.247 0.262
0.219 0.247 0.262
0.205 0.247 0.262
0.209 0.247 0.262
0.239 0.247 0.262
0.247 0.247 0.262
0.242 0.247 0.262
* 0.250 0.247 0.262
0.290 0.247 0.262
0.268 0.247 0.262
0.269 0.247 0.262
0.286 0.247 0.262
0.255 0.247 0.262
0.251 0.247 0.262
0.260 0.247 0.262
0.250 0.247 0.262
0.259 0.247 0.262
0.260 0.247 0.262
0.279 0.247 0.262
0.260 0.247 0.262
0.269 0.247 0.262
0.279 0.247 0.262
0.259 0.247 0.262
0.269 0.247 0.262
0.264 0.247 0.262
0.263 0.247 0.262
0.265 0.247 0.262
0.264 0.247 0.262
0.274 0.248 0.262
0.256 0.248 0.262
0.254 0.248 0.262
0.265 0.248 0.262
0.270 0.248 0.262
0.265 0.248 0.262
0.265 0.248 0.262
0.274 0.248 0.262
0.237 0.248 0.262
0.251 0.248 0.262
0.259 0.248 0.262
0.223 0.248 0.262
0.232 0.248 0.262
0.233 0.248 0.262
0.234 0.248 0.262
0.242 0.248 0.262
0.214 0.248 0.262
0.229 0.248 0.262
* 0.287 0.248 0.262
0.264 0.248 0.262
0.278 0.248 0.262
0.276 0.248 0.262
0.285 0.248 0.262
0.264 0.248 0.262
0.255 0.248 0.262
0.265 0.248 0.262
0.255 0.248 0.262
0.274 0.248 0.262
0.260 0.248 0.262
0.278 0.248 0.262
0.287 0.248 0.262
0.251 0.248 0.262
0.264 0.248 0.262
0.274 0.248 0.262
0.255 0.248 0.262
0.250 0.248 0.262
0.269 0.248 0.262
0.254 0.248 0.262
0.232 0.248 0.262
0.255 0.248 0.262
0.233 0.248 0.262
0.250 0.247 0.262
0.251 0.247 0.262
0.260 0.247 0.262
0.255 0.247 0.262
0.233 0.247 0.262
0.246 0.247 0.262
0.259 0.247 0.262
0.231 0.247 0.262
0.223 0.247 0.262
0.237 0.247 0.262
0.241 0.247 0.262
0.242 0.247 0.262
* 0.251 0.247 0.262
0.237 0.247 0.262
0.265 0.247 0.262
0.264 0.247 0.262
0.246 0.247 0.262
0.232 0.247 0.262
0.260 0.247 0.262
0.242 0.247 0.262
0.263 0.247 0.262
0.264 0.247 0.262
0.247 0.247 0.262
0.277 0.247 0.262
0.268 0.247 0.262
0.256 0.247 0.262
0.273 0.247 0.262
0.279 0.247 0.262
0.282 0.247 0.262
0.254 0.247 0.262
0.277 0.247 0.262
0.264 0.247 0.262
0.259 0.247 0.262
0.287 0.247 0.262
0.245 0.247 0.262
0.273 0.247 0.262
0.255 0.247 0.262
0.229 0.247 0.262
0.263 0.247 0.262
0.273 0.247 0.262
0.283 0.247 0.262
0.266 0.247 0.262
0.254 0.247 0.262
0.282 0.247 0.262
0.291 0.247 0.262
0.263 0.247 0.262
0.259 0.247 0.262
0.268 0.247 0.262
0.269 0.248 0.262
0.241 0.248 0.262
0.241 0.248 0.262
0.241 0.248 0.262
0.242 0.248 0.262
0.241 0.248 0.262
0.247 0.248 0.262
0.238 0.248 0.262
* 0.268 0.248 0.262
0.237 0.248 0.262
0.246 0.248 0.262
0.268 0.247 0.262
0.250 0.247 0.262
0.263 0.247 0.262
0.256 0.247 0.262
0.286 0.247 0.262
0.282 0.247 0.262
0.281 0.247 0.262
0.268 0.248 0.262
0.250 0.248 0.262
0.196 0.248 0.262
0.189 0.248 0.262
0.236 0.248 0.262
0.237 0.248 0.262
* 0.273 0.248 0.262
0.250 0.248 0.262
0.260 0.248 0.262
0.250 0.248 0.262
0.263 0.248 0.262
0.259 0.248 0.262
0.259 0.248 0.262
0.255 0.248 0.262
0.225 0.248 0.262
0.250 0.247 0.262
0.269 0.247 0.262
0.287 0.247 0.262
0.282 0.247 0.262
0.276 0.247 0.262
0.281 0.247 0.262
0.286 0.248 0.262
0.269 0.248 0.263
0.269 0.248 0.263
0.283 0.248 0.263
0.291 0.248 0.263
