0.235
0.243
0.247
0.247
0.266
0.246
0.260
0.231
0.256
0.252
0.256
0.250
0.232
0.241
0.239
0.243
0.245
0.245
0.219
0.226
0.233
0.254
0.252
0.236
0.252
0.231
0.237
0.225
0.237
0.241
0.226
0.224
0.228
0.223
0.229
0.231
0.243
0.242
0.256
0.248
0.242
0.226
0.232
0.240
0.266
0.261
0.269
0.250
0.247
0.252
0.255
* 0.187
0.165
0.185
0.213
0.210
0.224
0.208
0.214
0.214
0.222
0.220
0.228
0.225
0.216
0.237
0.206
0.208
0.227
0.249
0.236
0.243
0.225
0.252
0.249
0.263
0.248
0.214
0.216
0.204
0.184
0.181
0.205
0.255
0.263
0.250
0.261
0.271
0.253
0.250
0.260
0.255
0.252
0.225
* 0.199
0.204
0.191
0.195
0.195
0.231
0.245
0.232
0.247
0.259
0.240
0.258
0.255
0.253
0.263
0.260
0.272
0.245
0.266
0.269
0.255
0.262
0.264
0.262
0.255
0.267
0.267
0.260
0.261
0.257
0.266
0.262
0.269
0.268
0.262
0.262
0.259
0.255
0.267
0.248
* 0.164
0.209
0.236
0.266
0.259
0.238
0.263
0.261
0.263
0.266
0.256
0.259
0.263
0.257
0.243
0.250
0.243
0.225
0.235
0.244
0.213
0.225
0.250
0.224
0.216
0.188
0.210
0.242
0.224
0.246
0.246
0.226
0.239
0.244
0.244
0.269
0.237
0.265
0.250
0.235
0.239
0.237
0.246
0.242
0.254
0.250
0.248
0.247
0.239
0.254
0.242
0.256
0.258
0.248
0.250
0.252
0.267
0.243
0.260
0.244
* 0.163
0.179
0.212
0.240
0.242
0.238
0.234
0.232
x
x
x
0.195
x
x
0.261
0.268
0.259
0.270
0.260
0.281
0.285
0.260
0.270
0.261
0.269
0.258
0.249
0.250
0.259
0.260
0.256
* 0.142
0.197
0.223
0.236
0.244
0.253
0.231
0.243
0.231
0.238
0.235
0.248
0.268
0.263
0.268
0.271
0.268
0.250
0.265
0.267
0.260
0.263
0.260
0.257
0.249
0.262
0.260
0.245
0.239
0.255
0.249
0.245
0.268
0.260
0.239
0.241
0.256
0.260
0.239
0.249
0.232
0.237
0.234
0.242
0.232
0.239
0.250
0.250
0.258
0.267
0.253
0.271
0.284
0.270
0.269
0.265
0.262
0.256
0.271
0.278
0.270
0.267
0.278
0.268
0.289
0.276
0.268
0.280
0.264
0.262
* 0.175
0.200
0.193
0.223
0.204
0.228
0.214
0.224
0.226
0.220
0.217
0.237
0.242
0.246
0.246
0.238
0.241
0.242
0.244
0.222
0.232
0.241
0.245
0.232
0.239
0.235
0.238
0.228
0.248
0.246
0.236
0.258
0.250
0.241
0.251
0.244
0.250
0.231
0.244
0.235
0.226
0.218
0.208
0.242
0.230
0.225
0.236
0.236
0.244
0.220
0.232
0.232
0.234
0.224
0.246
0.233
0.230
0.240
0.240
0.224
0.232
0.242
0.211
0.233
0.240
0.234
0.240
0.236
0.248
0.254
0.250
0.244
0.236
0.240
0.236
0.228
0.217
0.244
0.244
0.231
0.236
0.248
0.247
0.247
0.250
0.237
0.231
0.240
0.240
0.233
0.230
0.240
0.235
0.237
0.231
0.250
0.235
0.235
0.225
0.249
0.234
0.240
0.234
0.214
0.229
0.229
0.221
0.230
0.239
0.234
0.237
0.242
0.233
0.239
0.232
0.226
0.230
0.247
0.250
0.221
0.253
0.262
0.252
0.245
0.245
0.247
0.247
0.230
0.230
0.254
0.243
0.261
0.248
0.257
0.253
0.236
0.254
* 0.181
0.210
0.240
0.232
0.232
0.250
0.237
0.231
0.222
0.240
0.232
0.223
0.239
0.224
0.244
0.240
0.257
0.230
0.257
0.255
0.265
0.227
0.242
0.237
0.257
0.256
0.252
0.246
0.239
0.252
0.244
0.255
0.242
0.265
0.258
0.254
0.245
0.267
0.262
0.244
0.250
0.252
0.235
0.247
0.257
* 0.187
0.167
0.221
0.242
0.262
0.249
0.259
0.264
0.261
0.255
0.262
0.269
0.257
0.274
0.265
0.262
0.259
0.258
0.261
0.247
0.265
0.279
0.256
0.259
0.256
0.274
0.245
0.245
0.236
0.250
0.255
0.251
0.249
0.257
0.275
0.254
0.267
0.252
0.249
0.249
0.259
0.264
0.248
0.251
0.250
0.237
0.252
0.267
0.266
0.240
0.265
0.261
0.254
0.257
0.263
0.253
0.254
0.257
0.254
0.257
0.257
0.237
* 0.166
0.167
0.207
0.209
0.213
0.218
0.222
0.205
0.219
0.209
0.217
0.210
0.218
0.218
0.196
0.201
0.217
0.192
0.215
0.219
0.205
0.209
0.206
0.219
0.208
0.218
0.212
0.209
0.212
0.206
0.217
0.218
0.222
0.205
0.229
0.207
0.233
0.218
0.216
0.217
0.214
0.224
0.219
0.221
0.210
0.216
0.234
0.248
0.250
0.238
0.250
0.236
0.248
0.234
0.260
0.228
0.236
0.242
0.256
0.254
0.246
0.256
0.254
0.252
0.252
0.254
0.266
0.244
0.246
0.259
0.250
0.246
0.250
0.242
0.251
0.244
0.246
0.238
0.248
0.238
0.234
0.244
0.240
0.236
0.244
0.230
0.236
0.240
0.238
0.207
0.230
0.227
0.224
0.210
0.242
0.223
0.224
0.205
0.202
0.211
0.221
0.221
0.217
0.205
0.225
0.210
0.208
0.203
0.205
0.207
0.202
0.213
0.227
0.232
0.216
0.213
0.213
0.212
0.216
0.188
0.207
0.214
0.191
0.203
0.212
0.212
0.205
0.212
0.224
0.208
0.208
0.224
0.215
0.215
0.202
0.222
0.212
0.225
0.227
0.220
0.221
0.232
0.234
0.228
0.241
0.246
0.237
0.244
0.224
0.228
0.235
0.244
0.249
0.244
0.251
0.249
0.243
0.249
0.240
0.241
0.248
0.256
* 0.150
0.157
0.211
0.230
0.227
0.209
0.223
0.232
0.216
0.220
0.231
0.216
0.233
0.219
0.226
0.238
0.215
0.240
0.215
0.228
0.229
0.236
0.234
0.219
0.240
0.251
0.252
0.256
0.252
0.238
0.242
0.273
0.250
0.246
0.244
0.241
0.244
0.247
0.254
0.226
0.249
0.243
0.248
0.234
0.254
0.246
0.247
0.231
0.231
0.239
0.249
0.253
0.234
0.232
0.221
0.228
0.261
0.232
0.234
0.254
0.234
0.237
0.229
0.221
0.205
0.215
0.258
0.263
0.259
0.275
0.251
0.270
0.267
0.199
* 0.150
0.156
0.152
0.175
0.185
0.175
0.172
0.171
0.172
0.201
0.183
0.216
0.224
0.208
0.197
0.210
0.205
0.228
0.222
0.245
0.251
0.263
0.228
0.250
0.241
0.239
0.225
0.234
0.231
0.244
0.241
0.247
0.250
0.242
0.258
0.262
0.252
0.266
0.229
0.234
0.240
0.268
0.264
0.262
0.272
0.265
0.267
0.259
0.250
0.248
0.254
0.248
0.250
0.248
0.262
0.268
0.258
0.256
0.254
0.258
0.271
0.264
0.272
0.263
0.248
0.259
0.257
0.230
0.233
0.215
0.212
0.184
0.197
0.191
0.175
0.195
0.221
0.224
0.246
0.263
0.252
0.248
0.248
0.269
0.257
0.259
0.267
0.265
0.262
0.277
0.266
0.264
0.265
0.269
0.264
0.283
0.271
0.269
0.260
0.258
0.248
0.247
0.254
0.256
0.261
0.257
0.273
0.258
0.235
* 0.179
0.175
0.213
0.224
0.242
0.264
0.247
0.250
0.258
0.250
0.273
0.258
0.251
0.257
0.275
0.265
0.240
0.242
0.258
0.244
0.254
0.232
0.243
0.249
0.260
0.252
0.239
0.241
0.244
0.254
0.245
0.252
0.262
0.244
0.231
0.231
0.233
0.242
0.252
0.231
0.222
0.242
0.242
0.222
0.241
0.243
0.247
0.265
0.260
0.240
0.202
0.254
0.247
0.254
0.247
0.261
0.238
0.247
0.231
0.239
0.232
0.237
0.255
0.238
0.254
0.244
0.241
0.249
0.245
0.252
0.231
0.244
0.243
0.242
0.251
0.243
0.258
0.228
0.241
0.244
0.226
0.251
0.235
0.232
0.244
0.247
0.242
0.257
0.234
0.236
0.212
0.246
0.242
0.239
0.225
0.252
0.240
0.236
* 0.159
0.183
0.216
0.231
0.220
0.220
0.239
0.227
0.225
0.237
0.220
0.241
0.231
0.238
0.242
0.245
0.232
0.239
0.242
0.228
0.230
0.238
0.231
0.247
0.229
0.235
0.249
0.226
0.229
0.231
0.238
0.251
0.242
0.231
0.242
0.229
0.228
0.228
0.236
0.221
0.244
0.233
0.242
0.231
0.239
0.240
0.239
0.239
0.242
0.238
0.218
0.224
* 0.162
0.192
0.210
0.224
0.215
0.237
0.226
0.239
0.224
0.246
0.237
0.228
0.252
0.237
0.223
0.238
0.250
0.226
0.239
0.222
0.229
0.229
0.217
0.221
0.233
0.231
0.244
0.239
0.233
0.228
0.231
0.247
0.247
0.238
0.239
0.242
0.237
0.231
0.240
0.252
0.239
0.240
0.230
0.237
0.239
0.226
0.236
0.230
0.244
0.233
0.225
0.220
0.246
0.231
* 0.184
0.195
0.202
0.210
0.226
0.220
0.221
0.237
0.237
0.210
0.227
0.226
0.223
0.232
0.220
0.236
0.227
0.229
0.230
0.235
0.237
0.240
0.230
0.229
0.235
0.242
0.246
0.246
0.241
0.242
0.251
0.245
0.240
0.245
0.236
0.260
0.250
0.254
0.242
0.260
0.250
0.252
0.235
0.257
0.253
0.234
0.239
0.240
0.234
0.258
0.252
0.239
0.260
0.247
* 0.189
0.206
0.221
0.233
0.242
0.237
0.231
0.247
0.246
0.225
0.247
0.224
0.249
0.249
0.239
0.225
0.244
0.265
0.254
0.246
0.239
0.247
0.251
0.241
0.250
0.250
0.241
0.232
0.239
0.239
0.229
0.236
0.225
0.224
0.241
0.219
0.225
0.234
0.234
0.223
0.242
0.237
0.254
0.240
0.242
0.241
0.236
0.240
0.237
0.240
0.238
0.234
0.218
0.232
0.229
0.240
0.232
0.250
0.252
0.250
0.257
0.237
0.231
0.240
0.235
0.239
0.239
0.245
0.233
0.232
0.249
0.242
0.230
0.239
0.229
0.222
0.226
0.237
0.239
0.250
0.240
0.244
0.237
0.245
0.229
0.233
0.229
0.237
0.250
0.231
0.225
0.234
0.237
0.228
0.224
0.257
0.240
0.250
0.237
* 0.177
0.212
0.228
0.240
0.239
0.236
0.250
0.248
0.255
0.248
0.237
0.235
0.225
0.233
0.240
0.233
0.239
0.246
0.246
0.235
0.240
0.235
0.232
0.213
0.222
0.228
0.244
0.238
0.238
0.249
0.246
0.226
0.237
0.242
0.241
0.255
0.258
0.242
0.250
0.262
0.255
0.259
0.248
0.264
0.264
0.236
0.250
0.256
0.246
0.249
0.246
0.256
0.235
0.257
0.255
0.254
0.244
0.265
0.235
0.234
0.249
0.239
0.244
0.247
0.238
0.261
0.231
0.247
0.257
0.252
0.242
0.244
0.246
0.267
0.250
0.260
0.258
0.270
0.242
0.232
0.237
0.233
0.234
0.239
0.243
0.248
0.254
0.243
0.248
0.256
0.243
* 0.167
0.158
0.183
0.245
0.251
0.228
0.258
0.260
0.250
0.257
0.226
0.227
0.244
0.234
0.221
0.204
0.194
0.205
0.185
0.213
0.197
0.189
0.180
0.189
0.202
0.222
0.227
0.227
0.208
0.240
0.242
0.247
0.249
0.240
0.233
0.233
0.238
0.245
0.262
0.252
0.255
0.248
0.247
0.230
0.236
0.233
0.223
0.252
0.227
0.252
0.235
0.255
0.237
0.240
0.248
0.228
0.235
0.259
0.240
0.215
0.255
0.245
0.259
0.233
0.266
0.249
0.228
0.229
0.242
0.235
0.250
0.243
0.250
0.226
0.257
0.242
0.259
0.247
0.255
0.238
0.257
0.230
0.211
0.210
0.222
0.238
0.226
0.250
0.248
0.242
0.232
0.238
0.216
* 0.181
0.192
0.185
0.198
0.186
0.189
0.199
0.240
0.238
0.248
0.247
0.242
0.266
0.252
0.249
0.226
0.216
0.203
0.203
0.186
0.199
0.192
0.195
0.197
0.228
0.234
0.232
0.240
0.246
0.235
0.263
0.232
0.262
0.238
0.242
0.259
0.242
0.237
0.254
0.248
0.236
0.244
0.259
0.246
0.259
0.257
0.242
0.221
0.232
0.224
0.232
0.260
0.230
0.242
0.262
0.255
0.245
0.242
0.250
0.242
0.252
0.244
0.261
0.266
0.270
0.279
0.261
0.280
0.254
0.263
0.261
0.250
0.233
0.275
0.259
0.250
0.264
0.264
0.248
0.254
0.257
0.226
0.250
0.255
0.257
0.257
0.262
0.252
0.251
0.250
0.248
0.246
0.259
0.261
0.257
0.236
* 0.162
0.196
0.239
0.220
0.240
0.238
0.234
0.233
0.216
0.220
0.235
0.218
0.229
0.233
0.233
0.233
0.233
0.229
0.245
0.224
0.241
0.238
0.234
0.253
0.238
0.240
0.233
0.231
0.228
0.236
0.248
0.243
0.231
0.243
0.238
0.241
0.246
0.257
0.229
0.225
0.248
0.234
0.234
0.248
0.243
0.232
0.242
0.233
0.222
0.229
0.243
0.241
0.237
0.243
0.241
0.248
0.253
0.250
0.247
0.254
0.240
0.247
0.241
0.240
0.234
0.250
0.233
0.241
0.236
0.250
0.250
0.238
0.234
0.245
0.248
0.246
0.224
0.235
0.255
0.248
0.245
0.238
0.250
0.245
0.236
0.243
0.247
0.231
0.245
0.233
0.232
0.229
0.240
0.240
0.235
0.228
0.261
0.243
0.266
0.232
0.259
0.245
0.248
0.248
0.252
0.252
0.242
0.236
0.263
0.231
* 0.191
0.187
0.199
0.194
0.186
0.191
0.215
0.252
0.255
0.267
0.257
0.257
0.264
0.263
0.264
0.254
0.242
* 0.216
0.207
0.213
0.201
0.189
0.202
0.206
0.190
0.206
0.193
0.211
0.204
0.196
0.204
0.214
0.197
0.223
0.242
0.238
0.254
0.266
0.262
0.265
0.260
0.248
0.250
0.252
0.259
0.255
0.232
0.217
0.238
0.243
0.252
0.243
0.241
0.236
0.236
0.226
0.240
0.250
0.252
0.243
0.242
0.257
0.259
0.263
0.261
0.264
0.273
0.254
0.272
0.268
0.261
0.268
0.260
0.255
0.259
0.257
0.252
0.262
0.256
0.271
0.251
0.273
0.269
0.268
0.252
0.266
0.264
0.257
0.252
0.245
0.257
0.247
0.248
0.254
0.263
0.260
0.268
0.250
0.257
0.256
0.264
0.249
0.262
0.271
0.259
0.275
0.277
0.269
0.266
0.287
0.268
0.266
0.264
0.278
0.274
0.263
0.261
0.272
0.268
0.259
0.255
0.261
0.235
0.231
0.210
0.194
0.214
0.200
0.197
0.204
0.206
0.204
0.233
0.238
0.235
0.257
0.230
0.238
0.268
0.240
0.264
0.250
0.262
0.250
0.269
0.226
0.207
0.220
0.213
0.207
0.220
0.245
0.252
0.234
0.245
0.248
0.242
0.212
0.194
0.201
0.207
0.238
0.243
0.257
0.261
0.255
0.236
0.233
0.220
0.233
0.235
0.204
0.212
0.186
0.194
0.200
0.229
0.182
0.210
0.243
0.237
0.259
0.271
0.259
0.246
0.227
0.272
0.219
0.194
0.219
0.236
0.250
0.275
0.261
0.273
0.263
0.266
0.273
0.266
0.261
0.264
0.256
* 0.187
0.160
0.200
0.229
0.222
0.216
0.247
0.231
0.219
0.250
0.244
0.234
0.252
0.248
0.237
0.258
0.252
0.257
0.241
0.258
0.270
0.274
0.274
0.262
0.266
* 0.203
0.172
0.197
0.222
0.227
0.253
0.270
0.254
0.262
0.253
0.266
0.266
0.263
0.254
0.259
0.254
0.249
0.260
0.249
0.265
0.263
0.248
0.248
0.251
0.254
0.252
0.270
0.247
0.242
0.270
0.256
0.243
0.246
0.270
0.255
0.258
0.232
0.226
0.201
0.204
0.201
0.169
0.206
0.192
0.207
0.209
0.225
0.247
0.242
0.251
0.259
0.277
0.271
0.259
0.257
0.220
0.214
0.232
0.235
0.267
0.265
0.262
0.263
0.273
0.259
0.255
0.250
0.261
0.244
0.231
0.228
0.240
0.243
0.269
0.268
0.266
0.250
0.212
0.221
0.228
0.240
0.270
0.270
0.264
0.261
0.266
0.259
0.266
0.270
0.255
0.245
0.245
0.272
0.287
0.277
0.258
0.247
0.261
0.268
0.252
0.254
0.270
0.254
0.244
0.215
0.226
0.238
0.236
0.209
0.243
0.273
0.257
0.269
0.264
0.254
0.253
0.247
0.248
0.268
0.248
0.265
0.246
0.251
0.243
0.235
0.238
0.241
0.227
0.235
0.228
0.241
0.240
0.230
0.244
0.242
0.244
0.228
0.233
0.252
0.237
0.234
0.241
0.235
0.255
0.247
0.240
0.244
0.228
0.230
0.243
0.239
0.241
0.246
0.237
0.233
0.246
0.246
0.227
0.242
0.232
0.256
0.245
0.204
0.197
0.204
0.213
0.193
0.202
0.205
0.200
0.205
0.206
0.200
0.220
0.230
0.243
0.244
0.256
0.240
0.250
0.263
0.245
0.235
0.231
0.230
0.250
0.245
0.231
0.223
0.203
0.218
0.208
0.199
0.192
0.203
0.210
0.244
0.250
0.254
0.244
0.244
0.248
0.242
0.240
0.210
0.211
0.229
0.247
0.240
0.254
0.244
0.247
0.250
0.259
0.254
0.250
0.261
0.244
0.254
0.256
0.265
0.244
0.252
0.254
0.265
0.248
0.249
* 0.169
x
x
0.196
0.195
0.177
0.229
0.193
0.239
0.243
0.257
0.242
0.242
0.235
0.239
0.252
0.254
0.254
0.231
0.211
0.242
0.245
0.270
0.259
0.245
0.242
0.252
0.242
0.240
0.242
0.250
0.245
0.254
0.262
0.254
0.273
0.247
0.242
0.256
0.247
0.255
0.260
0.256
0.252
0.259
0.271
0.257
0.268
0.264
0.262
0.264
0.250
0.240
0.242
0.269
0.260
0.268
0.268
0.256
0.253
0.262
0.219
* 0.175
0.179
0.232
0.238
0.255
0.245
0.240
0.244
0.242
0.248
0.253
0.238
0.244
0.240
0.232
0.226
0.257
0.244
0.236
0.256
0.254
0.251
0.251
0.247
0.252
0.242
0.244
0.260
0.251
0.266
0.247
0.250
0.238
0.245
0.256
0.243
0.258
0.265
0.252
0.249
0.259
0.230
0.245
0.252
0.260
0.258
0.254
0.282
0.248
0.255
0.248
0.250
0.252
0.251
0.248
0.252
0.254
0.242
0.256
0.249
0.234
0.217
0.214
0.218
0.218
0.205
0.249
0.251
0.249
0.254
0.266
0.252
0.250
0.243
0.243
0.242
0.252
0.244
0.244
0.257
0.271
0.244
0.243
0.254
0.252
0.245
0.233
0.230
0.239
0.235
0.237
0.245
0.236
0.231
0.235
0.213
0.252
0.244
0.251
0.237
0.239
0.255
0.254
0.254
0.258
0.244
0.245
0.247
0.266
0.264
0.285
0.292
0.254
0.256
0.242
0.278
0.270
0.273
0.264
0.270
0.256
0.268
0.259
0.250
0.270
0.271
0.235
0.232
0.251
0.240
0.263
* 0.189
0.194
0.230
0.235
0.233
0.247
0.247
0.243
0.226
0.240
0.237
0.252
0.235
0.244
0.238
0.239
0.231
0.237
0.272
0.234
0.259
0.270
0.273
0.257
0.237
0.254
0.257
0.267
0.265
0.278
0.245
0.261
0.249
0.242
0.258
0.228
* 0.159
0.202
0.247
0.240
0.239
0.263
0.252
0.240
0.252
0.249
0.247
0.243
0.257
0.245
0.242
0.259
0.238
0.240
0.256
0.245
0.257
0.244
0.233
0.231
0.243
0.238
0.236
0.243
0.254
0.240
0.243
0.251
0.243
0.240
0.244
0.256
0.243
0.230
0.240
0.245
0.233
0.251
0.250
0.247
0.254
0.254
0.244
0.234
0.245
0.238
0.240
0.234
0.248
0.248
0.246
0.250
0.228
0.251
0.246
0.249
0.252
0.246
0.256
0.242
0.242
0.238
0.252
0.232
0.230
0.226
0.246
0.232
0.222
0.221
0.236
0.233
0.234
0.212
0.244
0.242
0.238
0.244
0.246
0.250
0.240
0.250
0.244
0.254
0.265
0.257
0.275
0.254
0.267
0.260
0.265
0.246
0.248
0.263
0.256
0.257
0.263
0.258
0.261
0.267
0.257
0.252
0.256
0.252
0.256
0.263
0.261
0.271
0.259
0.254
0.250
0.263
0.252
0.256
0.284
0.267
0.273
0.258
0.270
0.256
0.252
0.254
0.254
0.250
0.250
0.244
0.250
0.254
0.248
0.244
0.252
0.252
0.236
0.229
0.246
0.264
0.260
0.259
0.248
0.256
0.250
0.255
0.250
0.250
0.252
0.220
0.234
0.255
0.237
0.247
0.247
0.238
0.244
0.242
0.232
0.252
0.238
0.226
0.236
0.219
0.252
0.236
0.217
0.236
0.240
0.249
0.234
0.228
0.242
0.246
0.238
0.254
0.244
0.231
0.201
0.200
0.220
0.224
0.220
0.217
0.244
0.257
0.244
0.238
0.230
0.249
0.239
0.221
0.206
0.217
0.207
0.223
0.225
0.222
0.234
0.237
0.249
0.250
0.235
0.206
0.235
0.233
0.249
0.237
0.211
0.230
0.244
0.230
0.233
0.243
0.245
0.249
0.242
0.247
0.258
0.230
0.233
0.233
0.231
0.242
0.244
0.250
0.245
0.240
0.247
0.223
0.241
0.237
0.225
0.222
0.226
0.246
0.240
0.250
0.247
0.250
0.241
0.254
0.236
0.251
0.231
0.238
0.247
0.254
0.230
0.237
0.232
0.220
0.242
0.256
0.238
0.225
0.233
0.250
0.235
0.247
0.233
0.251
0.253
0.240
0.247
0.233
0.237
0.252
0.266
0.256
0.247
0.252
0.263
0.277
0.261
0.263
0.256
0.257
0.263
0.256
0.259
0.275
0.262
0.251
0.238
0.247
0.254
0.249
0.258
0.242
0.254
0.252
0.254
0.243
0.258
0.256
0.259
0.250
0.261
0.280
0.264
0.270
0.261
0.259
0.254
0.262
0.264
0.257
0.271
0.252
0.245
0.261
0.252
0.252
0.245
0.250
0.250
0.249
0.261
0.259
0.220
0.214
0.198
0.219
0.256
0.259
0.254
0.252
0.260
0.261
0.259
0.240
0.233
0.218
0.198
0.221
0.208
0.213
0.220
0.222
0.226
0.248
0.242
0.265
0.250
0.264
0.269
0.261
0.264
0.278
0.261
0.267
0.267
0.259
0.263
0.257
0.255
0.265
0.253
0.264
* 0.206
0.199
0.224
0.238
0.248
0.265
0.270
0.242
0.268
0.266
0.273
0.281
0.258
0.267
0.277
0.275
0.285
0.280
0.282
0.268
0.286
0.269
0.295
0.283
0.267
0.284
0.278
0.279
0.259
0.261
0.267
0.286
0.276
0.243
0.262
0.293
0.274
0.266
0.252
0.280
0.271
0.262
0.268
0.274
0.283
0.269
0.271
0.278
0.288
0.274
0.254
0.263
0.257
0.266
0.274
0.264
0.285
0.260
0.272
0.227
* 0.168
0.205
0.223
0.248
0.261
0.255
0.254
0.250
0.247
0.261
0.261
0.259
0.262
0.248
0.270
0.280
0.257
0.259
0.270
0.281
0.266
0.264
0.258
0.265
0.259
0.266
0.260
0.257
0.267
0.254
0.267
0.254
0.254
0.250
0.255
0.267
0.269
0.278
0.257
0.257
0.222
0.244
0.230
0.256
0.259
0.268
0.275
0.262
0.261
0.268
0.265
0.259
0.275
0.252
0.245
0.240
0.246
0.252
0.254
0.247
0.250
0.244
0.218
0.211
0.197
0.209
0.205
0.206
0.214
0.232
0.243
0.226
0.231
0.237
0.238
0.259
0.219
0.226
0.231
0.238
0.243
0.225
0.237
0.229
0.260
0.254
0.275
0.263
0.249
0.253
0.279
0.278
0.259
0.264
* 0.191
0.184
0.206
0.237
0.242
0.244
0.248
0.248
0.237
0.230
0.241
0.235
0.247
0.240
0.242
0.230
0.241
0.240
0.231
0.237
0.246
0.232
0.233
0.236
0.232
0.230
0.249
0.240
0.232
0.233
0.224
0.202
0.232
0.218
0.217
0.223
0.219
0.232
0.237
0.238
0.253
0.235
0.245
0.227
0.240
0.231
0.257
0.238
0.255
0.243
0.250
0.245
0.250
0.259
0.247
* 0.174
0.166
0.205
0.204
0.215
0.229
0.238
0.236
0.238
0.234
0.236
0.240
0.240
0.243
0.231
0.242
0.226
0.245
0.255
0.248
0.226
0.247
0.245
0.248
0.249
0.254
0.236
0.254
0.243
0.239
0.221
0.217
0.234
0.234
0.235
0.245
0.243
0.252
0.243
0.234
0.241
0.243
0.263
0.254
0.247
0.236
0.247
0.254
0.224
0.240
0.247
0.240
0.238
0.230
0.245
0.232
0.238
0.219
0.220
0.240
0.240
0.261
0.270
0.264
0.259
0.257
0.250
0.252
0.254
0.256
0.252
0.255
0.253
0.255
0.245
0.248
0.245
0.241
0.257
0.243
0.258
0.255
0.259
0.249
0.261
0.247
0.261
0.262
0.255
0.252
0.250
0.268
0.248
0.254
0.266
0.248
0.263
0.266
0.255
0.241
0.257
0.252
0.247
0.256
0.238
0.240
0.250
0.238
0.250
0.234
0.243
0.241
0.252
0.240
0.247
0.233
0.256
0.235
0.233
0.242
0.236
0.239
0.236
0.215
0.226
0.223
0.222
0.217
0.229
0.222
0.226
0.238
0.234
0.245
0.227
0.241
0.234
0.229
0.243
0.231
0.255
0.245
0.256
* 0.172
0.154
0.165
0.185
0.199
0.207
0.195
0.209
0.212
0.224
0.220
0.204
0.223
0.225
0.232
0.220
0.228
0.220
0.215
0.231
0.227
0.250
0.241
0.234
0.238
0.238
0.234
0.248
0.243
0.254
0.254
0.273
0.257
0.256
0.256
0.252
0.272
0.272
0.261
0.245
0.257
0.261
0.266
0.261
0.268
0.259
0.262
0.248
0.252
0.273
0.243
0.248
0.259
0.257
0.268
0.249
0.229
0.254
0.252
0.245
0.264
0.247
0.259
0.257
0.245
0.254
0.268
0.252
0.250
0.266
0.257
0.264
0.273
0.226
0.243
0.259
0.266
0.270
0.273
0.272
0.264
0.270
0.255
0.259
0.280
0.280
0.270
0.264
0.263
0.275
0.266
0.282
0.275
0.268
0.266
0.248
0.255
0.259
0.244
0.247
0.255
0.270
x
x
x
x
x
x
x
x
x
x
x
x
0.211
0.211
0.234
0.239
0.222
0.238
0.250
0.232
0.235
0.252
0.245
0.245
0.252
0.229
0.259
0.263
0.256
0.240
0.249
0.266
0.242
0.245
0.247
0.230
0.240
0.243
0.272
0.260
0.275
0.275
0.273
0.275
0.264
0.269
0.245
0.243
0.242
0.227
0.242
0.234
0.237
0.255
0.259
0.249
0.248
0.262
0.244
* 0.178
0.208
0.221
0.237
0.244
0.240
0.254
0.253
0.240
0.249
0.249
0.233
0.232
0.236
0.237
0.250
0.249
0.259
0.252
0.251
0.251
0.255
0.266
0.266
0.255
0.264
0.251
0.255
0.247
0.255
0.235
0.240
0.242
0.228
0.241
0.239
0.237
0.248
0.230
0.242
0.231
0.237
* 0.186
0.225
0.229
0.218
0.250
0.233
0.234
0.238
0.246
0.242
0.214
0.224
0.234
0.242
0.232
0.242
0.223
0.220
0.226
0.231
0.238
0.246
0.238
0.235
0.226
