0.276 0.240
0.278 0.240
0.266 0.240
0.269 0.240
0.251 0.240
0.238 0.240
0.147 0.240
0.166 0.240
0.214 0.240
0.237 0.240
* 0.254 0.240
0.246 0.240
x
0.263 0.240
x
0.248 0.240
0.251 0.240
0.262 0.240
0.269 0.240
0.274 0.240
0.268 0.240
0.270 0.240
0.264 0.240
0.248 0.240
0.268 0.240
0.258 0.240
0.276 0.240
0.269 0.240
0.271 0.240
0.246 0.240
0.276 0.240
0.273 0.240
0.277 0.240
0.257 0.240
0.267 0.240
0.249 0.240
0.254 0.240
0.272 0.240
0.252 0.240
0.278 0.240
0.260 0.240
0.281 0.240
0.264 0.240
0.262 0.240
0.266 0.240
0.275 0.240
0.273 0.240
0.229 0.240
0.147 0.240
0.219 0.240
* 0.241 0.240
0.264 0.240
0.260 0.240
0.270 0.240
0.273 0.240
0.259 0.240
0.262 0.240
0.268 0.240
0.265 0.240
0.277 0.240
0.266 0.240
0.265 0.240
0.269 0.240
0.277 0.240
0.283 0.240
0.261 0.240
0.284 0.240
0.281 0.240
0.283 0.240
0.276 0.240
0.253 0.240
0.265 0.240
0.262 0.240
0.255 0.240
0.263 0.240
0.254 0.240
0.261 0.240
0.248 0.240
0.263 0.240
0.263 0.240
0.259 0.240
0.241 0.240
0.255 0.240
0.236 0.240
0.247 0.240
0.240 0.240
0.249 0.240
0.249 0.240
0.251 0.240
0.266 0.240
0.272 0.240
0.270 0.240
0.268 0.240
0.266 0.240
0.262 0.240
0.280 0.240
0.260 0.240
0.277 0.240
0.278 0.240
0.272 0.240
0.271 0.240
0.279 0.240
0.279 0.240
0.259 0.240
0.269 0.240
0.258 0.240
0.247 0.240
0.262 0.240
0.255 0.240
0.266 0.240
0.258 0.240
0.266 0.240
0.264 0.240
0.262 0.240
0.253 0.240
0.249 0.240
0.253 0.240
0.271 0.240
0.228 0.240
0.225 0.240
0.223 0.240
* 0.245 0.240
0.218 0.240
0.218 0.240
0.219 0.240
0.220 0.240
0.215 0.240
0.217 0.240
0.236 0.240
* 0.270 0.240
0.265 0.240
0.295 0.240
0.305 0.240
0.298 0.240
0.289 0.240
0.308 0.240
0.326 0.240
0.325 0.240
0.320 0.240
0.306 0.240
0.301 0.240
0.306 0.240
0.323 0.240
0.347 0.240
0.327 0.240
0.300 0.240
0.329 0.240
0.300 0.240
0.316 0.240
0.317 0.240
0.322 0.240
0.332 0.240
0.315 0.240
0.335 0.240
0.316 0.240
0.319 0.240
0.313 0.240
0.308 0.240
0.314 0.240
0.313 0.240
0.324 0.240
0.322 0.240
0.230 0.240
0.266 0.240
0.283 0.240
0.279 0.240
0.295 0.240
0.279 0.240
0.310 0.240
0.292 0.240
0.309 0.240
0.288 0.240
0.290 0.240
0.303 0.240
0.291 0.240
0.293 0.240
0.248 0.240
0.249 0.240
0.254 0.240
0.265 0.240
0.252 0.240
0.256 0.240
0.249 0.240
0.252 0.240
0.244 0.240
0.251 0.240
0.265 0.240
0.251 0.240
0.246 0.240
0.266 0.240
0.272 0.240
0.266 0.240
0.263 0.240
0.260 0.240
0.246 0.240
0.254 0.240
0.261 0.240
0.256 0.240
0.239 0.240
0.247 0.240
0.246 0.240
0.252 0.240
0.243 0.240
0.261 0.240
0.253 0.240
0.255 0.240
0.241 0.240
0.250 0.240
0.235 0.240
0.240 0.240
0.265 0.240
0.259 0.240
0.251 0.240
0.242 0.240
0.247 0.240
0.260 0.240
0.248 0.240
0.249 0.240
0.259 0.240
0.247 0.240
0.239 0.240
0.259 0.240
0.254 0.240
0.251 0.240
0.254 0.240
0.248 0.240
0.252 0.240
0.256 0.240
0.249 0.240
0.244 0.240
0.247 0.240
0.241 0.240
0.258 0.240
0.246 0.240
0.247 0.240
0.254 0.240
0.258 0.240
0.234 0.240
0.229 0.240
0.215 0.240
0.226 0.240
0.231 0.240
0.225 0.240
0.213 0.240
0.209 0.240
0.208 0.240
0.209 0.240
0.212 0.240
0.208 0.240
0.212 0.240
0.219 0.240
0.225 0.240
0.207 0.240
0.212 0.240
0.235 0.240
0.221 0.240
0.233 0.240
0.219 0.240
0.211 0.240
0.240 0.240
0.218 0.240
0.221 0.240
0.209 0.240
0.228 0.240
0.237 0.240
0.233 0.240
0.219 0.240
0.219 0.240
0.225 0.240
0.222 0.240
0.227 0.240
0.214 0.240
0.216 0.240
0.230 0.240
0.215 0.240
0.231 0.240
0.237 0.240
0.214 0.240
0.226 0.240
0.218 0.240
0.225 0.240
0.216 0.240
0.228 0.240
0.234 0.240
0.218 0.240
0.233 0.240
0.226 0.240
* 0.290 0.240
0.275 0.240
0.290 0.240
0.276 0.240
0.284 0.240
0.295 0.240
0.282 0.240
0.271 0.240
0.292 0.240
0.291 0.240
0.283 0.240
0.292 0.240
0.300 0.240
0.291 0.240
0.288 0.240
0.288 0.240
0.282 0.240
0.281 0.240
0.284 0.240
0.280 0.240
0.296 0.240
0.275 0.240
0.289 0.240
0.308 0.240
0.278 0.240
0.279 0.240
0.295 0.240
0.302 0.240
0.305 0.240
0.309 0.240
0.307 0.240
0.297 0.240
0.314 0.240
0.315 0.240
0.290 0.240
0.302 0.240
0.289 0.240
0.306 0.240
0.300 0.240
0.289 0.240
0.245 0.240
0.203 0.240
0.250 0.240
0.260 0.240
0.272 0.240
0.279 0.240
0.247 0.240
0.256 0.240
0.275 0.240
0.267 0.240
0.262 0.240
0.265 0.240
0.252 0.240
0.251 0.240
0.258 0.240
0.275 0.240
0.272 0.240
0.267 0.240
0.266 0.240
0.262 0.240
0.236 0.240
0.236 0.240
0.246 0.240
0.247 0.240
0.275 0.240
0.262 0.240
0.259 0.240
0.247 0.240
0.250 0.240
0.228 0.240
0.242 0.240
0.240 0.240
0.236 0.240
0.245 0.240
0.248 0.240
0.236 0.240
0.248 0.240
0.253 0.240
0.250 0.240
0.245 0.240
0.252 0.240
0.268 0.240
0.251 0.240
0.249 0.240
0.253 0.240
0.233 0.240
0.161 0.240
0.198 0.240
* 0.247 0.240
0.242 0.240
0.257 0.240
0.253 0.240
0.258 0.240
0.256 0.240
0.267 0.240
0.257 0.240
0.274 0.240
0.284 0.240
0.280 0.240
0.281 0.240
0.268 0.240
0.253 0.240
0.293 0.240
0.264 0.240
0.244 0.240
0.243 0.240
0.250 0.240
0.256 0.240
0.261 0.240
0.257 0.240
0.256 0.240
0.257 0.240
0.240 0.240
0.256 0.240
0.223 0.240
0.226 0.240
0.221 0.240
* 0.259 0.240
0.228 0.240
0.253 0.240
0.253 0.240
0.265 0.240
0.262 0.240
0.251 0.240
0.280 0.240
0.200 0.240
0.243 0.240
0.266 0.240
0.275 0.240
0.235 0.240
0.231 0.240
0.246 0.240
0.251 0.240
0.251 0.240
0.255 0.240
0.244 0.240
0.251 0.240
0.262 0.240
0.235 0.240
0.251 0.240
0.250 0.240
0.250 0.240
0.269 0.240
0.250 0.240
0.260 0.240
0.286 0.240
0.274 0.240
0.272 0.240
0.224 0.240
0.256 0.240
0.250 0.240
0.236 0.240
0.264 0.240
0.243 0.240
0.243 0.240
0.250 0.240
0.245 0.240
0.256 0.240
0.263 0.240
0.263 0.240
0.252 0.240
0.262 0.240
0.246 0.240
0.253 0.240
0.260 0.240
0.245 0.240
0.237 0.240
0.252 0.240
0.241 0.240
0.259 0.240
0.245 0.240
0.271 0.240
0.267 0.240
0.259 0.240
0.263 0.240
0.263 0.240
0.267 0.240
0.280 0.240
0.267 0.240
0.282 0.240
0.277 0.240
0.286 0.240
0.276 0.240
0.267 0.240
0.269 0.240
0.263 0.240
0.287 0.240
0.265 0.240
0.274 0.240
0.256 0.240
0.254 0.240
0.271 0.240
0.244 0.240
0.256 0.240
0.274 0.240
0.246 0.240
0.259 0.240
0.259 0.240
0.253 0.240
0.250 0.240
0.269 0.240
0.284 0.240
0.250 0.240
0.252 0.240
0.250 0.240
0.252 0.240
0.284 0.240
0.252 0.240
0.259 0.240
0.276 0.240
0.263 0.240
0.262 0.240
0.271 0.240
0.199 0.240
0.208 0.240
0.209 0.240
0.214 0.240
0.237 0.240
0.238 0.240
* 0.246 0.240
0.252 0.240
0.269 0.240
0.254 0.240
0.273 0.240
0.256 0.240
0.263 0.240
0.248 0.240
0.258 0.240
0.250 0.240
0.269 0.240
0.260 0.240
0.259 0.240
0.261 0.240
0.261 0.240
0.241 0.240
0.258 0.240
0.239 0.240
0.246 0.240
0.256 0.240
0.263 0.240
0.259 0.240
0.254 0.240
0.265 0.240
0.248 0.240
0.256 0.240
0.265 0.240
0.254 0.240
0.256 0.240
0.256 0.240
0.263 0.240
0.263 0.240
0.244 0.240
0.231 0.240
0.269 0.240
0.265 0.240
0.267 0.240
0.264 0.240
0.268 0.240
0.240 0.240
0.246 0.240
0.265 0.240
0.244 0.240
0.246 0.240
0.260 0.240
0.250 0.240
0.263 0.240
0.267 0.240
0.263 0.240
0.260 0.240
0.244 0.240
0.271 0.240
0.267 0.240
0.280 0.240
0.250 0.240
0.279 0.240
0.280 0.240
0.284 0.240
0.280 0.240
0.277 0.240
0.290 0.240
0.273 0.240
0.310 0.240
0.298 0.240
0.259 0.240
0.303 0.240
0.309 0.240
0.289 0.240
0.299 0.240
0.285 0.240
0.263 0.240
0.291 0.240
0.276 0.240
0.269 0.240
0.263 0.240
0.258 0.233 0.266
0.241 0.233 0.266
0.267 0.233 0.266
0.258 0.233 0.266
0.272 0.233 0.266
0.263 0.233 0.266
0.245 0.233 0.266
0.229 0.233 0.266
0.239 0.233 0.266
0.243 0.233 0.266
0.239 0.233 0.266
0.248 0.233 0.266
0.275 0.233 0.266
0.261 0.233 0.266
0.261 0.233 0.266
0.275 0.233 0.266
0.254 0.233 0.266
0.276 0.233 0.266
0.273 0.233 0.266
0.271 0.233 0.266
0.244 0.233 0.266
0.246 0.233 0.266
0.277 0.233 0.266
0.284 0.233 0.266
0.284 0.233 0.266
0.302 0.233 0.266
0.269 0.233 0.266
0.306 0.233 0.266
0.299 0.233 0.266
0.299 0.233 0.266
0.293 0.233 0.266
0.279 0.233 0.266
0.283 0.233 0.266
0.284 0.233 0.266
0.299 0.233 0.266
0.292 0.233 0.266
0.283 0.233 0.266
0.266 0.233 0.266
0.272 0.233 0.266
0.239 0.232 0.266
0.262 0.232 0.266
0.265 0.232 0.266
0.292 0.232 0.266
0.296 0.232 0.267
0.305 0.232 0.267
0.290 0.232 0.267
0.292 0.232 0.267
0.309 0.232 0.267
0.306 0.232 0.267
0.208 0.232 0.267
0.243 0.232 0.267
0.278 0.232 0.267
0.277 0.232 0.267
0.286 0.232 0.267
0.278 0.232 0.267
0.261 0.232 0.267
0.269 0.232 0.267
0.248 0.232 0.267
0.233 0.232 0.267
0.218 0.232 0.267
0.213 0.232 0.267
0.206 0.232 0.267
0.211 0.232 0.267
0.209 0.232 0.267
0.203 0.232 0.267
0.201 0.232 0.267
0.215 0.232 0.267
0.209 0.232 0.267
0.218 0.232 0.267
0.228 0.232 0.267
* 0.247 0.232 0.267
0.256 0.232 0.266
0.237 0.232 0.266
0.262 0.232 0.266
0.252 0.232 0.266
0.277 0.232 0.266
0.281 0.232 0.267
0.279 0.232 0.267
0.260 0.232 0.267
0.254 0.232 0.267
0.254 0.232 0.267
0.256 0.232 0.267
0.256 0.232 0.267
0.268 0.232 0.267
0.280 0.232 0.267
0.273 0.232 0.267
0.279 0.232 0.267
0.282 0.232 0.267
0.276 0.232 0.267
0.276 0.232 0.267
0.270 0.232 0.267
0.282 0.232 0.267
0.297 0.232 0.267
0.271 0.232 0.267
0.271 0.232 0.267
0.292 0.232 0.267
0.297 0.232 0.267
0.280 0.232 0.267
0.275 0.232 0.267
0.304 0.232 0.267
0.281 0.232 0.267
0.299 0.232 0.267
0.280 0.232 0.267
0.285 0.232 0.267
0.265 0.232 0.267
0.270 0.232 0.267
0.287 0.232 0.267
0.274 0.232 0.267
0.292 0.232 0.268
0.286 0.232 0.268
0.258 0.232 0.268
0.262 0.232 0.268
0.282 0.232 0.268
0.290 0.232 0.268
0.269 0.232 0.268
0.287 0.232 0.268
0.266 0.232 0.268
0.264 0.232 0.268
0.273 0.232 0.268
0.275 0.232 0.268
0.280 0.232 0.268
0.274 0.232 0.268
0.271 0.232 0.268
0.272 0.232 0.268
0.284 0.232 0.268
0.283 0.232 0.268
0.266 0.232 0.268
0.275 0.232 0.268
0.281 0.233 0.268
0.287 0.233 0.268
0.281 0.233 0.267
0.283 0.233 0.267
0.255 0.233 0.267
0.300 0.233 0.267
0.278 0.233 0.267
0.280 0.234 0.267
0.266 0.234 0.267
0.264 0.234 0.267
0.268 0.234 0.267
0.291 0.234 0.267
0.293 0.234 0.267
0.262 0.234 0.267
0.292 0.234 0.267
0.284 0.235 0.266
0.273 0.235 0.266
0.256 0.235 0.266
0.285 0.235 0.266
0.279 0.235 0.266
0.266 0.235 0.266
0.274 0.235 0.266
0.274 0.236 0.266
0.290 0.236 0.266
0.270 0.236 0.266
0.262 0.236 0.266
0.275 0.236 0.266
0.287 0.236 0.266
0.281 0.236 0.266
0.288 0.236 0.266
0.292 0.236 0.266
0.285 0.236 0.266
0.278 0.236 0.266
0.297 0.236 0.266
0.279 0.236 0.266
0.277 0.236 0.266
0.279 0.236 0.266
0.280 0.237 0.266
0.274 0.237 0.265
0.273 0.237 0.265
0.285 0.237 0.265
0.264 0.237 0.266
0.262 0.237 0.266
0.287 0.237 0.266
0.277 0.237 0.266
0.285 0.237 0.266
0.289 0.237 0.266
0.275 0.237 0.266
0.283 0.237 0.266
0.282 0.237 0.266
0.268 0.237 0.266
0.254 0.237 0.266
0.294 0.237 0.266
0.283 0.237 0.266
0.277 0.237 0.266
0.273 0.237 0.266
0.260 0.237 0.266
0.268 0.237 0.266
0.252 0.237 0.266
0.260 0.237 0.266
0.264 0.237 0.266
0.273 0.237 0.266
0.279 0.237 0.266
0.291 0.237 0.266
0.279 0.237 0.266
0.279 0.237 0.266
0.282 0.237 0.267
0.279 0.237 0.267
0.281 0.237 0.267
0.281 0.237 0.267
0.267 0.238 0.267
0.281 0.238 0.267
0.272 0.238 0.267
0.266 0.238 0.267
0.282 0.238 0.267
0.274 0.238 0.267
0.259 0.238 0.267
0.262 0.238 0.267
0.288 0.238 0.267
0.280 0.238 0.267
0.302 0.238 0.267
0.301 0.238 0.267
0.321 0.238 0.268
0.334 0.238 0.268
0.307 0.238 0.268
0.318 0.238 0.268
0.341 0.237 0.268
0.339 0.237 0.268
0.336 0.237 0.268
0.315 0.237 0.269
0.321 0.237 0.269
0.306 0.237 0.269
0.315 0.237 0.269
0.338 0.236 0.269
0.332 0.236 0.269
0.327 0.236 0.270
0.324 0.236 0.270
0.321 0.236 0.270
0.332 0.236 0.270
0.329 0.236 0.270
0.336 0.235 0.270
0.326 0.235 0.270
0.337 0.235 0.270
0.347 0.235 0.271
0.323 0.234 0.271
0.339 0.234 0.271
0.320 0.234 0.271
0.331 0.234 0.271
0.313 0.234 0.271
0.324 0.234 0.271
0.330 0.234 0.271
0.339 0.233 0.271
0.337 0.233 0.271
0.323 0.233 0.271
0.320 0.233 0.271
0.321 0.233 0.272
0.333 0.233 0.272
0.321 0.232 0.272
0.314 0.232 0.272
0.330 0.232 0.272
0.309 0.232 0.272
0.320 0.232 0.272
0.332 0.232 0.272
0.335 0.232 0.272
0.287 0.232 0.272
0.273 0.232 0.272
0.267 0.232 0.272
0.273 0.232 0.272
0.272 0.232 0.272
0.280 0.232 0.272
0.276 0.232 0.272
0.275 0.232 0.272
0.277 0.232 0.272
0.274 0.232 0.272
0.258 0.232 0.272
0.268 0.232 0.272
0.273 0.232 0.271
0.264 0.232 0.271
0.262 0.232 0.271
0.271 0.232 0.271
0.286 0.232 0.271
0.289 0.232 0.271
0.283 0.233 0.272
0.273 0.233 0.272
0.267 0.233 0.272
0.281 0.233 0.272
0.264 0.233 0.272
0.263 0.233 0.272
0.286 0.233 0.272
0.281 0.233 0.272
0.265 0.233 0.272
0.265 0.233 0.272
0.271 0.233 0.272
0.271 0.233 0.272
0.258 0.233 0.272
0.271 0.233 0.272
0.260 0.233 0.272
0.281 0.233 0.272
0.287 0.233 0.272
0.296 0.233 0.272
0.271 0.233 0.272
0.297 0.233 0.272
0.283 0.233 0.272
0.275 0.233 0.272
0.292 0.233 0.272
0.281 0.233 0.272
0.290 0.233 0.272
0.278 0.233 0.272
0.273 0.233 0.272
0.295 0.233 0.272
0.269 0.234 0.273
0.279 0.234 0.273
0.265 0.234 0.273
0.285 0.234 0.273
0.283 0.234 0.273
0.274 0.234 0.273
0.279 0.234 0.273
0.284 0.234 0.273
0.277 0.234 0.273
0.286 0.235 0.273
0.288 0.235 0.273
0.273 0.235 0.273
0.286 0.235 0.273
0.279 0.235 0.273
0.203 0.235 0.273
0.201 0.235 0.273
0.190 0.235 0.273
0.203 0.235 0.273
0.207 0.235 0.273
0.210 0.235 0.273
0.204 0.235 0.273
0.202 0.235 0.273
0.211 0.235 0.273
* 0.287 0.235 0.274
0.300 0.235 0.274
0.293 0.235 0.274
0.305 0.235 0.274
0.286 0.235 0.274
0.302 0.235 0.274
0.285 0.235 0.274
0.280 0.235 0.274
0.281 0.235 0.274
0.272 0.235 0.274
0.251 0.235 0.274
0.262 0.235 0.274
0.261 0.235 0.274
0.270 0.235 0.274
0.273 0.235 0.274
0.283 0.235 0.274
0.275 0.235 0.274
0.256 0.235 0.274
0.273 0.235 0.274
0.279 0.235 0.274
0.276 0.235 0.274
0.270 0.235 0.274
0.273 0.236 0.274
0.280 0.236 0.274
0.273 0.236 0.274
0.255 0.236 0.274
0.271 0.236 0.274
0.262 0.236 0.274
0.275 0.236 0.274
0.279 0.236 0.275
0.276 0.236 0.275
0.277 0.236 0.275
0.240 0.236 0.275
0.258 0.236 0.275
0.270 0.236 0.275
0.278 0.236 0.275
0.272 0.237 0.275
0.251 0.237 0.275
0.285 0.237 0.275
0.272 0.237 0.275
0.262 0.237 0.275
0.269 0.237 0.275
0.264 0.237 0.275
0.266 0.237 0.275
0.277 0.237 0.275
0.295 0.237 0.275
0.288 0.237 0.275
0.287 0.237 0.275
0.276 0.237 0.275
0.266 0.238 0.275
0.268 0.238 0.275
0.268 0.238 0.275
0.268 0.238 0.275
0.260 0.238 0.275
0.268 0.238 0.275
0.282 0.238 0.276
0.283 0.238 0.276
0.252 0.238 0.275
0.263 0.238 0.275
0.263 0.238 0.276
0.264 0.238 0.276
0.281 0.238 0.276
0.260 0.238 0.276
0.260 0.238 0.276
0.265 0.238 0.276
0.287 0.239 0.276
0.314 0.239 0.276
0.258 0.239 0.276
0.249 0.239 0.276
0.259 0.239 0.276
0.251 0.239 0.276
0.264 0.239 0.276
0.273 0.239 0.276
0.286 0.239 0.276
0.254 0.239 0.276
0.274 0.239 0.276
0.277 0.239 0.276
0.263 0.239 0.276
0.268 0.239 0.276
0.279 0.239 0.276
0.291 0.239 0.276
0.264 0.239 0.276
0.262 0.239 0.276
0.247 0.239 0.276
0.258 0.239 0.276
0.264 0.239 0.276
0.281 0.239 0.276
0.265 0.239 0.276
0.268 0.239 0.276
0.262 0.239 0.276
0.285 0.239 0.276
0.283 0.239 0.276
0.260 0.239 0.276
0.268 0.239 0.276
0.256 0.239 0.276
0.277 0.239 0.276
0.268 0.239 0.276
0.253 0.239 0.276
0.280 0.239 0.276
0.259 0.239 0.276
0.234 0.239 0.276
0.243 0.239 0.276
0.235 0.239 0.276
0.235 0.239 0.276
0.221 0.239 0.276
0.213 0.239 0.276
0.217 0.239 0.276
0.207 0.239 0.276
0.210 0.239 0.276
0.207 0.239 0.276
0.225 0.239 0.276
0.235 0.239 0.276
* 0.250 0.239 0.276
0.271 0.239 0.276
0.256 0.239 0.276
0.270 0.239 0.276
0.268 0.239 0.276
0.291 0.239 0.276
0.286 0.239 0.276
0.276 0.239 0.276
0.275 0.239 0.276
0.266 0.239 0.276
0.260 0.239 0.276
0.284 0.239 0.276
0.287 0.239 0.276
0.268 0.239 0.277
0.285 0.240 0.277
0.284 0.240 0.277
0.293 0.240 0.277
0.273 0.240 0.277
0.277 0.240 0.277
0.281 0.240 0.277
0.293 0.240 0.277
0.270 0.240 0.277
0.292 0.240 0.277
0.301 0.240 0.277
0.311 0.240 0.277
0.320 0.240 0.277
0.298 0.240 0.277
0.309 0.240 0.277
0.312 0.240 0.277
0.290 0.240 0.278
0.327 0.240 0.278
0.307 0.240 0.278
0.323 0.240 0.278
0.320 0.240 0.278
0.318 0.240 0.278
0.312 0.240 0.278
0.316 0.240 0.278
0.239 0.240 0.278
0.206 0.240 0.278
0.200 0.240 0.278
0.188 0.240 0.278
0.200 0.240 0.278
0.190 0.240 0.278
0.189 0.240 0.278
0.180 0.240 0.278
0.180 0.240 0.278
0.197 0.240 0.278
0.192 0.240 0.278
0.183 0.240 0.278
0.187 0.240 0.278
0.175 0.240 0.278
0.168 0.240 0.278
0.182 0.240 0.278
0.202 0.240 0.278
0.173 0.240 0.278
0.176 0.240 0.278
0.177 0.240 0.278
0.189 0.240 0.278
0.188 0.240 0.278
0.187 0.240 0.278
0.171 0.240 0.278
0.180 0.240 0.278
0.194 0.240 0.278
0.171 0.240 0.278
0.176 0.240 0.278
0.161 0.240 0.278
0.177 0.240 0.278
0.183 0.240 0.278
0.182 0.240 0.278
0.161 0.240 0.278
0.159 0.240 0.278
0.151 0.240 0.278
0.192 0.240 0.278
0.213 0.240 0.278
0.195 0.240 0.278
0.166 0.240 0.278
0.153 0.240 0.278
0.183 0.240 0.278
0.180 0.240 0.278
0.187 0.240 0.278
0.174 0.240 0.278
0.199 0.240 0.278
0.199 0.240 0.278
0.217 0.240 0.278
0.202 0.240 0.278
0.225 0.240 0.278
0.230 0.240 0.278
0.233 0.240 0.278
0.223 0.240 0.278
0.230 0.240 0.278
* 0.251 0.240 0.278
0.287 0.240 0.278
0.272 0.240 0.278
0.287 0.240 0.279
0.312 0.240 0.279
0.314 0.240 0.279
0.295 0.240 0.279
0.305 0.240 0.279
0.307 0.240 0.279
0.303 0.240 0.279
0.262 0.241 0.279
0.287 0.241 0.279
0.269 0.241 0.279
0.261 0.241 0.279
0.279 0.241 0.279
0.293 0.241 0.279
0.277 0.241 0.279
0.293 0.241 0.279
0.304 0.241 0.280
0.300 0.241 0.280
0.289 0.241 0.280
0.302 0.241 0.280
0.291 0.241 0.280
0.306 0.241 0.280
0.317 0.241 0.280
0.302 0.242 0.280
0.306 0.242 0.280
0.296 0.242 0.280
0.249 0.242 0.280
0.294 0.242 0.280
0.308 0.242 0.281
0.285 0.242 0.281
0.302 0.242 0.281
0.306 0.242 0.281
0.305 0.242 0.281
0.268 0.242 0.281
0.262 0.242 0.281
0.275 0.242 0.281
0.283 0.242 0.281
0.259 0.242 0.281
0.259 0.242 0.281
0.276 0.242 0.281
0.269 0.242 0.281
0.262 0.242 0.281
0.267 0.242 0.281
0.262 0.242 0.281
0.252 0.242 0.281
0.264 0.242 0.281
0.270 0.242 0.281
0.265 0.242 0.281
0.251 0.242 0.280
0.269 0.242 0.280
0.277 0.242 0.280
0.285 0.242 0.280
0.291 0.242 0.280
0.267 0.242 0.280
0.286 0.242 0.280
0.295 0.242 0.280
0.301 0.242 0.280
0.298 0.242 0.280
0.306 0.242 0.281
0.312 0.242 0.281
0.295 0.242 0.281
0.279 0.242 0.281
0.276 0.242 0.281
0.285 0.242 0.281
0.286 0.242 0.281
0.291 0.243 0.281
0.297 0.243 0.281
0.288 0.243 0.281
0.295 0.243 0.281
0.262 0.243 0.281
0.274 0.243 0.281
0.267 0.243 0.281
0.254 0.243 0.281
0.265 0.243 0.281
0.267 0.243 0.281
0.278 0.243 0.281
0.269 0.243 0.281
0.261 0.243 0.281
0.228 0.243 0.281
0.217 0.243 0.281
0.203 0.243 0.281
0.206 0.243 0.281
0.209 0.243 0.281
0.195 0.243 0.281
* 0.247 0.243 0.281
0.275 0.244 0.281
0.274 0.243 0.281
0.269 0.243 0.281
0.264 0.243 0.281
0.275 0.243 0.281
0.268 0.243 0.281
0.272 0.243 0.281
0.249 0.243 0.281
0.253 0.243 0.281
0.258 0.243 0.281
0.249 0.243 0.281
0.259 0.243 0.281
0.259 0.243 0.281
0.229 0.243 0.281
0.233 0.243 0.281
0.231 0.243 0.281
0.219 0.243 0.281
* 0.253 0.243 0.281
0.256 0.243 0.281
0.253 0.243 0.281
0.259 0.242 0.281
0.277 0.243 0.281
0.255 0.243 0.281
0.241 0.243 0.281
0.255 0.242 0.281
0.272 0.242 0.281
0.293 0.242 0.281
0.272 0.242 0.280
0.269 0.242 0.280
0.296 0.242 0.280
0.259 0.242 0.280
0.276 0.242 0.280
0.278 0.243 0.280
0.291 0.243 0.281
0.279 0.243 0.281
0.277 0.243 0.281
0.255 0.243 0.280
0.261 0.243 0.280
0.240 0.243 0.280
0.244 0.243 0.280
0.252 0.243 0.280
0.263 0.243 0.280
0.264 0.243 0.280
0.275 0.243 0.280
0.265 0.243 0.281
0.246 0.243 0.280
0.205 0.243 0.280
0.215 0.243 0.280
0.250 0.242 0.280
0.246 0.242 0.280
0.254 0.242 0.280
0.277 0.242 0.280
0.258 0.242 0.280
0.266 0.242 0.280
0.270 0.242 0.280
0.247 0.242 0.280
0.272 0.242 0.280
0.242 0.242 0.280
0.256 0.242 0.280
0.237 0.242 0.280
0.242 0.241 0.280
0.232 0.241 0.280
0.244 0.241 0.280
0.246 0.241 0.280
0.239 0.241 0.280
0.244 0.241 0.280
0.252 0.240 0.279
0.236 0.240 0.279
0.235 0.240 0.279
0.220 0.240 0.279
0.234 0.240 0.279
0.227 0.240 0.279
0.239 0.240 0.279
* 0.258 0.240 0.279
0.247 0.240 0.279
0.237 0.240 0.279
0.238 0.240 0.279
0.252 0.240 0.279
0.247 0.240 0.279
0.242 0.240 0.279
0.254 0.239 0.279
0.231 0.239 0.279
0.260 0.239 0.279
0.238 0.239 0.279
0.269 0.239 0.279
0.256 0.239 0.279
0.247 0.239 0.278
0.259 0.239 0.278
0.244 0.239 0.278
0.273 0.239 0.278
0.246 0.239 0.278
0.244 0.238 0.278
0.269 0.238 0.278
0.259 0.238 0.278
0.249 0.238 0.278
0.255 0.238 0.278
0.245 0.238 0.278
0.258 0.238 0.278
0.268 0.238 0.278
0.273 0.238 0.278
0.273 0.238 0.278
0.238 0.238 0.278
0.247 0.238 0.278
0.224 0.238 0.278
0.267 0.238 0.278
0.259 0.237 0.278
0.252 0.237 0.278
0.258 0.237 0.278
0.273 0.237 0.278
0.267 0.237 0.278
0.264 0.237 0.278
0.240 0.237 0.277
0.243 0.237 0.277
0.249 0.237 0.277
0.243 0.237 0.277
0.247 0.237 0.277
0.250 0.237 0.277
0.243 0.237 0.277
0.238 0.236 0.277
0.239 0.236 0.277
0.251 0.236 0.277
0.232 0.236 0.277
0.235 0.236 0.277
0.245 0.236 0.277
0.256 0.236 0.277
0.240 0.236 0.277
0.226 0.236 0.277
0.249 0.235 0.276
0.245 0.235 0.276
0.260 0.235 0.276
0.266 0.235 0.276
0.242 0.235 0.276
0.235 0.235 0.276
0.247 0.235 0.276
0.249 0.235 0.276
0.236 0.234 0.276
0.253 0.234 0.276
0.232 0.234 0.276
0.249 0.234 0.276
0.273 0.234 0.276
0.292 0.234 0.276
0.270 0.234 0.276
0.278 0.234 0.276
0.264 0.234 0.276
0.246 0.234 0.276
0.226 0.234 0.276
0.249 0.234 0.275
0.242 0.234 0.275
0.259 0.234 0.275
0.242 0.233 0.275
0.260 0.233 0.275
0.235 0.233 0.275
0.240 0.233 0.275
0.225 0.233 0.275
0.250 0.233 0.275
0.243 0.233 0.275
0.237 0.233 0.275
0.249 0.232 0.275
0.255 0.232 0.275
0.275 0.232 0.275
0.260 0.232 0.275
0.270 0.232 0.275
0.293 0.232 0.275
0.283 0.232 0.275
0.276 0.233 0.275
0.249 0.232 0.275
0.260 0.232 0.275
0.234 0.232 0.275
0.254 0.232 0.275
0.238 0.232 0.274
0.224 0.232 0.274
0.225 0.232 0.274
0.242 0.232 0.274
0.237 0.231 0.274
0.238 0.231 0.274
0.225 0.231 0.274
0.253 0.231 0.274
0.238 0.231 0.274
0.238 0.231 0.274
0.250 0.231 0.274
0.238 0.231 0.274
0.235 0.230 0.273
0.222 0.230 0.273
0.273 0.230 0.273
0.243 0.230 0.273
0.233 0.230 0.273
0.238 0.230 0.273
0.236 0.230 0.273
0.244 0.230 0.273
0.236 0.230 0.273
0.241 0.230 0.273
0.250 0.230 0.272
0.232 0.230 0.272
0.254 0.230 0.272
0.245 0.230 0.272
0.234 0.230 0.272
0.238 0.230 0.271
0.235 0.230 0.271
0.242 0.230 0.271
0.250 0.230 0.271
0.260 0.230 0.271
0.265 0.230 0.271
0.255 0.231 0.271
0.263 0.231 0.270
0.250 0.231 0.270
0.231 0.231 0.270
0.264 0.231 0.270
0.241 0.231 0.270
0.225 0.231 0.270
0.252 0.231 0.269
0.245 0.231 0.269
0.249 0.232 0.269
0.259 0.232 0.269
0.235 0.232 0.269
0.242 0.232 0.269
0.251 0.232 0.268
0.258 0.232 0.268
0.248 0.232 0.268
0.254 0.232 0.268
0.245 0.233 0.268
0.239 0.233 0.268
0.260 0.233 0.268
0.244 0.233 0.267
0.244 0.233 0.267
0.243 0.233 0.267
0.239 0.233 0.267
0.244 0.233 0.267
0.239 0.233 0.267
0.244 0.233 0.266
0.230 0.233 0.266
0.239 0.233 0.266
0.241 0.233 0.266
0.245 0.233 0.266
0.253 0.233 0.266
0.238 0.233 0.266
0.223 0.233 0.266
0.223 0.233 0.266
0.245 0.233 0.266
0.257 0.233 0.266
0.223 0.233 0.266
0.232 0.233 0.266
0.241 0.232 0.265
0.237 0.232 0.265
0.240 0.232 0.265
0.244 0.232 0.265
0.238 0.232 0.265
0.220 0.232 0.265
0.235 0.232 0.265
0.243 0.232 0.265
0.254 0.232 0.265
0.241 0.231 0.265
0.239 0.231 0.265
0.258 0.231 0.265
0.237 0.231 0.265
0.245 0.231 0.265
0.263 0.231 0.264
0.262 0.231 0.264
0.233 0.231 0.264
0.263 0.231 0.264
0.236 0.231 0.264
0.244 0.231 0.264
0.255 0.231 0.264
0.250 0.231 0.264
0.237 0.231 0.264
0.259 0.231 0.264
0.259 0.231 0.264
0.248 0.231 0.264
0.240 0.231 0.264
0.256 0.231 0.264
0.227 0.231 0.264
0.256 0.231 0.264
0.257 0.231 0.264
0.197 0.231 0.264
0.253 0.230 0.263
0.257 0.230 0.263
0.233 0.230 0.263
0.211 0.230 0.263
0.253 0.230 0.263
0.244 0.230 0.263
0.247 0.230 0.263
0.238 0.230 0.263
0.230 0.230 0.263
0.252 0.230 0.263
0.270 0.230 0.263
0.251 0.230 0.263
0.254 0.229 0.263
0.241 0.229 0.262
0.278 0.229 0.262
0.263 0.229 0.262
0.264 0.229 0.262
0.256 0.229 0.262
0.239 0.229 0.262
0.222 0.229 0.262
0.246 0.229 0.262
0.232 0.229 0.262
0.233 0.229 0.262
0.255 0.229 0.262
0.267 0.229 0.262
0.285 0.229 0.262
0.251 0.229 0.262
0.263 0.229 0.262
0.246 0.229 0.262
0.255 0.229 0.262
0.257 0.229 0.262
0.258 0.229 0.261
0.229 0.229 0.261
0.273 0.229 0.261
0.284 0.229 0.261
0.284 0.229 0.261
0.242 0.229 0.261
0.277 0.229 0.261
0.288 0.229 0.261
0.314 0.229 0.261
0.295 0.229 0.262
0.293 0.229 0.262
0.312 0.229 0.262
0.302 0.229 0.262
0.282 0.229 0.262
0.302 0.229 0.262
0.318 0.228 0.262
0.288 0.228 0.262
0.304 0.228 0.262
0.299 0.228 0.262
0.321 0.228 0.262
0.304 0.228 0.262
0.327 0.228 0.262
0.310 0.228 0.262
0.301 0.228 0.263
0.301 0.228 0.263
0.315 0.228 0.263
0.310 0.228 0.263
0.297 0.227 0.263
0.316 0.227 0.263
0.309 0.227 0.263
0.296 0.227 0.263
0.310 0.227 0.263
0.314 0.227 0.263
0.307 0.227 0.263
0.318 0.227 0.263
0.283 0.227 0.263
0.291 0.227 0.263
0.303 0.227 0.263
0.309 0.227 0.264
0.293 0.227 0.264
0.312 0.227 0.264
0.321 0.226 0.264
0.327 0.226 0.264
0.324 0.226 0.264
0.350 0.226 0.264
0.339 0.226 0.264
0.331 0.225 0.264
0.331 0.225 0.265
0.323 0.225 0.265
0.292 0.225 0.265
0.346 0.225 0.265
0.303 0.225 0.265
0.329 0.225 0.265
0.336 0.224 0.265
0.324 0.224 0.265
0.350 0.224 0.265
0.329 0.224 0.266
0.322 0.224 0.266
0.315 0.224 0.266
0.328 0.223 0.266
0.315 0.223 0.266
0.325 0.223 0.266
0.351 0.223 0.266
0.324 0.223 0.266
0.316 0.223 0.266
0.311 0.223 0.267
0.295 0.223 0.267
0.291 0.223 0.267
0.295 0.223 0.267
0.314 0.223 0.267
0.301 0.223 0.267
0.302 0.223 0.267
0.293 0.223 0.267
0.310 0.223 0.267
0.286 0.223 0.267
0.298 0.222 0.267
0.296 0.222 0.267
0.308 0.222 0.267
0.285 0.222 0.267
0.298 0.222 0.267
0.299 0.222 0.267
0.285 0.222 0.267
0.300 0.222 0.268
0.292 0.222 0.268
0.295 0.222 0.268
0.296 0.222 0.268
0.313 0.222 0.268
0.276 0.222 0.268
0.304 0.222 0.268
0.281 0.222 0.268
0.316 0.222 0.268
0.289 0.222 0.268
0.264 0.222 0.268
0.301 0.222 0.268
0.288 0.222 0.268
0.278 0.222 0.268
0.300 0.222 0.268
0.304 0.222 0.268
0.247 0.222 0.268
0.271 0.222 0.268
0.309 0.222 0.268
0.312 0.222 0.268
0.287 0.222 0.268
0.308 0.222 0.269
0.297 0.222 0.269
0.313 0.222 0.269
0.315 0.222 0.269
0.293 0.222 0.269
0.296 0.222 0.269
0.296 0.222 0.269
0.305 0.222 0.269
0.297 0.222 0.269
0.322 0.222 0.269
0.329 0.222 0.269
0.310 0.222 0.269
0.305 0.222 0.269
0.290 0.222 0.269
0.206 0.222 0.269
0.189 0.222 0.269
0.173 0.222 0.269
0.196 0.222 0.269
0.198 0.222 0.269
* 0.226 0.222 0.269
0.171 0.222 0.269
0.207 0.222 0.269
0.277 0.221 0.268
0.272 0.221 0.268
0.279 0.221 0.268
0.285 0.221 0.268
0.282 0.221 0.268
0.276 0.222 0.268
0.254 0.221 0.268
0.280 0.221 0.268
0.296 0.221 0.268
0.244 0.221 0.268
0.270 0.222 0.268
0.292 0.222 0.268
0.293 0.222 0.268
0.277 0.222 0.267
0.285 0.222 0.267
0.276 0.222 0.267
0.254 0.222 0.267
0.301 0.222 0.267
0.272 0.222 0.267
0.286 0.222 0.267
0.272 0.222 0.267
0.277 0.222 0.267
0.283 0.222 0.267
0.274 0.222 0.267
0.274 0.222 0.267
0.255 0.222 0.267
0.258 0.222 0.267
0.252 0.222 0.267
0.248 0.222 0.267
0.213 0.222 0.267
0.247 0.222 0.267
0.238 0.222 0.267
0.246 0.222 0.266
0.231 0.221 0.266
0.183 0.221 0.266
0.209 0.221 0.266
0.257 0.221 0.266
0.252 0.221 0.266
0.250 0.221 0.266
0.245 0.221 0.266
0.261 0.221 0.266
0.258 0.221 0.266
0.268 0.221 0.266
0.260 0.221 0.265
0.249 0.221 0.265
0.262 0.221 0.265
0.287 0.221 0.265
0.293 0.221 0.266
0.286 0.221 0.266
0.290 0.221 0.266
0.297 0.221 0.266
0.280 0.221 0.266
0.265 0.221 0.266
0.260 0.221 0.266
0.290 0.221 0.266
0.289 0.221 0.266
0.266 0.221 0.266
0.279 0.221 0.266
0.287 0.221 0.266
0.273 0.221 0.266
0.259 0.221 0.266
0.251 0.221 0.266
0.254 0.221 0.266
0.263 0.221 0.266
0.284 0.221 0.266
0.283 0.221 0.266
0.263 0.221 0.265
0.256 0.221 0.265
0.264 0.221 0.265
0.261 0.221 0.265
0.271 0.221 0.265
0.245 0.221 0.265
0.257 0.221 0.265
0.271 0.221 0.265
0.250 0.221 0.265
0.276 0.221 0.265
0.262 0.221 0.265
0.235 0.221 0.265
0.259 0.221 0.265
0.228 0.221 0.265
0.260 0.221 0.265
0.247 0.221 0.265
0.247 0.221 0.265
0.218 0.221 0.265
0.243 0.220 0.265
0.240 0.220 0.265
0.254 0.220 0.264
0.247 0.220 0.264
0.262 0.220 0.264
0.259 0.220 0.264
0.258 0.220 0.264
0.269 0.220 0.264
0.269 0.220 0.264
0.296 0.220 0.264
0.272 0.220 0.264
0.266 0.220 0.265
0.282 0.220 0.265
0.271 0.220 0.265
0.300 0.220 0.265
0.280 0.220 0.265
0.259 0.220 0.265
0.256 0.220 0.265
0.262 0.220 0.265
0.252 0.220 0.265
0.257 0.220 0.265
0.216 0.220 0.265
0.223 0.220 0.265
0.264 0.220 0.265
0.239 0.220 0.264
0.269 0.220 0.264
0.271 0.220 0.264
0.238 0.220 0.264
0.218 0.220 0.264
0.240 0.220 0.264
0.240 0.220 0.264
0.240 0.220 0.264
0.267 0.220 0.264
0.249 0.220 0.264
0.251 0.220 0.264
0.219 0.220 0.264
0.224 0.219 0.264
0.259 0.219 0.264
0.247 0.219 0.264
0.253 0.219 0.264
0.223 0.219 0.264
0.182 0.219 0.264
0.193 0.219 0.264
0.226 0.218 0.263
0.234 0.219 0.263
0.244 0.219 0.263
0.219 0.219 0.263
0.240 0.219 0.263
0.234 0.219 0.263
0.240 0.218 0.263
0.228 0.218 0.263
0.235 0.218 0.263
0.250 0.218 0.263
0.265 0.218 0.263
0.255 0.218 0.263
0.236 0.218 0.263
0.231 0.218 0.263
0.250 0.218 0.263
0.241 0.218 0.263
0.260 0.218 0.263
0.248 0.218 0.263
0.237 0.218 0.263
0.239 0.218 0.263
0.224 0.218 0.263
0.219 0.218 0.263
0.227 0.218 0.263
0.222 0.218 0.263
0.231 0.218 0.263
0.239 0.218 0.263
0.235 0.218 0.263
0.222 0.218 0.263
0.217 0.218 0.263
0.224 0.218 0.263
0.227 0.218 0.263
0.221 0.217 0.263
0.242 0.217 0.263
0.220 0.217 0.263
0.255 0.217 0.263
0.248 0.217 0.263
0.253 0.217 0.263
0.252 0.217 0.263
0.227 0.217 0.262
0.248 0.217 0.262
0.219 0.217 0.262
0.230 0.217 0.262
0.225 0.217 0.262
0.230 0.217 0.262
0.218 0.217 0.262
0.255 0.217 0.262
0.243 0.217 0.262
0.206 0.217 0.262
0.223 0.216 0.262
0.222 0.216 0.262
0.216 0.216 0.262
0.208 0.216 0.262
0.218 0.216 0.262
0.214 0.216 0.262
0.209 0.216 0.262
0.228 0.216 0.261
0.225 0.215 0.261
0.223 0.215 0.261
0.212 0.215 0.261
0.218 0.215 0.261
0.217 0.215 0.261
0.221 0.215 0.261
0.249 0.215 0.261
0.246 0.215 0.261
0.251 0.215 0.261
0.248 0.215 0.261
0.254 0.215 0.261
0.266 0.215 0.261
0.267 0.215 0.261
0.248 0.215 0.261
0.280 0.215 0.261
0.260 0.215 0.261
0.257 0.215 0.261
0.263 0.215 0.261
0.251 0.215 0.261
0.234 0.215 0.261
0.222 0.215 0.261
0.244 0.215 0.261
0.239 0.215 0.261
0.234 0.215 0.261
0.243 0.215 0.261
0.239 0.215 0.261
0.224 0.215 0.261
0.229 0.215 0.261
0.259 0.215 0.261
0.239 0.215 0.261
0.250 0.215 0.261
0.244 0.215 0.261
0.240 0.215 0.261
0.235 0.215 0.261
0.239 0.215 0.261
0.238 0.215 0.261
0.232 0.215 0.261
0.245 0.215 0.261
0.234 0.215 0.261
0.221 0.215 0.261
0.245 0.215 0.261
0.211 0.215 0.261
0.215 0.214 0.261
0.232 0.214 0.261
0.245 0.214 0.261
0.217 0.214 0.260
0.237 0.214 0.261
0.227 0.214 0.260
0.241 0.214 0.260
0.240 0.214 0.260
0.250 0.214 0.260
0.240 0.214 0.260
0.248 0.214 0.260
0.248 0.214 0.260
0.228 0.214 0.260
0.229 0.214 0.260
0.228 0.214 0.260
0.241 0.214 0.260
0.229 0.214 0.260
0.258 0.214 0.260
0.248 0.214 0.260
0.230 0.214 0.260
0.258 0.214 0.260
0.256 0.214 0.260
0.265 0.214 0.260
0.291 0.214 0.260
0.277 0.214 0.260
0.294 0.214 0.260
0.280 0.214 0.260
0.276 0.214 0.261
0.290 0.214 0.261
0.259 0.214 0.261
0.248 0.214 0.261
0.251 0.214 0.261
0.253 0.214 0.261
0.241 0.214 0.261
0.254 0.214 0.261
0.246 0.214 0.261
0.249 0.214 0.261
0.286 0.214 0.261
0.248 0.215 0.261
0.242 0.214 0.261
0.250 0.215 0.261
0.255 0.215 0.261
0.253 0.215 0.261
0.234 0.215 0.261
0.253 0.215 0.261
0.272 0.215 0.261
0.288 0.215 0.261
0.240 0.215 0.261
0.241 0.215 0.261
0.243 0.215 0.261
0.237 0.215 0.261
0.263 0.215 0.261
0.259 0.215 0.261
0.274 0.215 0.261
0.272 0.215 0.261
0.288 0.215 0.261
0.261 0.215 0.261
0.292 0.215 0.261
0.289 0.215 0.261
0.296 0.215 0.262
0.283 0.215 0.262
0.271 0.215 0.262
0.269 0.215 0.262
0.281 0.215 0.262
0.267 0.215 0.262
0.277 0.215 0.262
0.274 0.215 0.262
0.250 0.215 0.262
0.255 0.215 0.262
0.256 0.215 0.262
0.297 0.215 0.262
0.280 0.215 0.262
0.295 0.215 0.262
0.300 0.215 0.262
0.278 0.215 0.262
0.292 0.215 0.262
0.277 0.215 0.263
0.277 0.215 0.263
0.288 0.215 0.263
0.283 0.215 0.263
0.295 0.215 0.263
0.290 0.215 0.263
0.280 0.215 0.263
0.287 0.215 0.263
0.286 0.215 0.263
0.295 0.216 0.263
0.310 0.216 0.264
0.290 0.216 0.264
0.290 0.216 0.264
0.295 0.216 0.264
0.309 0.216 0.264
0.282 0.216 0.264
0.305 0.216 0.264
0.292 0.216 0.264
0.284 0.216 0.264
0.290 0.216 0.265
0.302 0.216 0.265
0.282 0.216 0.265
0.301 0.216 0.265
0.296 0.216 0.265
0.296 0.216 0.265
0.298 0.216 0.265
0.283 0.216 0.265
0.322 0.216 0.265
0.305 0.216 0.266
0.317 0.216 0.266
0.290 0.216 0.266
0.309 0.216 0.266
0.309 0.216 0.266
0.296 0.216 0.266
0.299 0.216 0.266
0.313 0.216 0.266
0.288 0.216 0.266
0.291 0.216 0.267
0.303 0.216 0.267
0.290 0.216 0.267
0.307 0.216 0.267
0.315 0.216 0.267
0.311 0.216 0.267
0.307 0.216 0.267
0.291 0.216 0.267
0.308 0.216 0.267
0.321 0.216 0.268
0.331 0.216 0.268
0.316 0.216 0.268
0.293 0.216 0.268
0.306 0.216 0.268
0.306 0.217 0.268
0.319 0.217 0.268
0.313 0.217 0.269
0.323 0.216 0.269
0.317 0.216 0.269
0.288 0.217 0.269
0.317 0.217 0.269
0.312 0.217 0.269
0.294 0.217 0.269
0.295 0.217 0.269
0.301 0.217 0.270
0.289 0.217 0.270
0.289 0.217 0.270
0.270 0.217 0.270
0.288 0.217 0.270
0.272 0.217 0.270
0.263 0.217 0.270
0.270 0.217 0.270
0.268 0.217 0.270
0.272 0.217 0.270
0.276 0.217 0.270
0.284 0.217 0.270
0.254 0.217 0.270
0.279 0.217 0.270
0.270 0.217 0.270
0.251 0.217 0.270
0.278 0.217 0.270
0.275 0.217 0.270
0.259 0.217 0.270
0.270 0.217 0.270
0.276 0.217 0.270
0.257 0.217 0.270
0.249 0.217 0.270
0.253 0.217 0.270
0.238 0.217 0.270
0.237 0.217 0.270
0.250 0.217 0.270
0.267 0.217 0.270
0.263 0.217 0.270
0.256 0.217 0.270
0.260 0.217 0.270
0.245 0.217 0.270
0.281 0.217 0.269
0.267 0.217 0.269
0.264 0.217 0.269
0.248 0.217 0.269
0.274 0.217 0.269
0.266 0.217 0.269
0.257 0.217 0.269
0.291 0.217 0.269
0.295 0.218 0.269
0.307 0.218 0.269
0.266 0.218 0.269
0.302 0.218 0.269
0.259 0.218 0.269
0.268 0.218 0.269
0.292 0.218 0.269
0.285 0.218 0.269
0.274 0.218 0.268
0.257 0.218 0.268
0.265 0.218 0.268
0.265 0.218 0.268
0.245 0.218 0.268
0.248 0.218 0.268
0.253 0.218 0.268
0.268 0.218 0.268
0.225 0.218 0.268
0.262 0.218 0.268
0.247 0.218 0.267
0.254 0.218 0.267
0.247 0.218 0.267
0.251 0.218 0.267
0.254 0.218 0.267
0.261 0.218 0.267
0.263 0.219 0.267
0.264 0.219 0.266
0.261 0.219 0.266
0.263 0.219 0.266
0.253 0.219 0.266
0.257 0.219 0.266
0.242 0.219 0.266
0.249 0.219 0.266
0.243 0.219 0.265
0.254 0.220 0.265
0.245 0.220 0.265
0.251 0.220 0.265
0.243 0.220 0.265
0.265 0.220 0.265
0.237 0.220 0.264
0.263 0.220 0.264
0.255 0.221 0.264
0.269 0.221 0.264
0.240 0.221 0.264
0.258 0.221 0.264
0.256 0.221 0.264
0.252 0.221 0.264
0.261 0.221 0.264
0.268 0.221 0.263
0.263 0.221 0.263
0.256 0.221 0.263
0.230 0.221 0.263
0.227 0.221 0.263
0.218 0.221 0.263
0.220 0.221 0.263
0.210 0.221 0.263
* 0.249 0.221 0.263
0.240 0.221 0.263
0.221 0.221 0.263
0.233 0.221 0.263
0.218 0.221 0.263
0.205 0.221 0.263
0.230 0.220 0.262
0.214 0.220 0.262
0.221 0.220 0.262
0.229 0.220 0.262
0.254 0.220 0.262
0.224 0.220 0.261
0.237 0.220 0.261
0.226 0.220 0.261
0.221 0.220 0.261
0.232 0.220 0.261
0.223 0.220 0.261
0.238 0.220 0.261
0.224 0.219 0.261
0.231 0.219 0.260
0.229 0.219 0.260
0.231 0.219 0.260
0.230 0.219 0.260
0.237 0.219 0.260
0.226 0.219 0.260
0.240 0.219 0.260
0.245 0.219 0.260
0.247 0.219 0.260
0.249 0.219 0.259
0.249 0.219 0.259
0.264 0.219 0.259
0.240 0.219 0.259
0.252 0.219 0.259
0.264 0.219 0.259
0.257 0.219 0.259
0.273 0.220 0.259
0.272 0.220 0.259
0.263 0.220 0.259
0.263 0.220 0.259
0.247 0.220 0.258
0.256 0.220 0.258
0.257 0.220 0.258
0.243 0.220 0.258
0.234 0.220 0.258
0.250 0.221 0.258
0.245 0.221 0.258
0.246 0.221 0.258
0.241 0.221 0.258
0.243 0.221 0.258
0.261 0.221 0.258
0.247 0.221 0.258
