0.276 0.240
0.278 0.240
0.266 0.240
0.269 0.240
0.251 0.240
0.238 0.240
0.147 0.240
0.166 0.240
0.214 0.240
0.237 0.240
* 0.254 0.240
0.246 0.240
x
0.263 0.240
x
0.248 0.240
0.251 0.240
0.262 0.240
0.269 0.240
0.274 0.240
0.268 0.240
0.270 0.240
0.264 0.240
0.248 0.240
0.268 0.240
0.258 0.240
0.276 0.240
0.269 0.240
0.271 0.240
0.246 0.240
0.276 0.240
0.273 0.240
0.277 0.240
0.257 0.240
0.267 0.240
0.249 0.240
0.254 0.240
0.272 0.240
0.252 0.240
0.278 0.240
0.260 0.240
0.281 0.240
0.264 0.240
0.262 0.240
0.266 0.240
0.275 0.240
0.273 0.240
0.229 0.240
0.147 0.240
0.219 0.240
* 0.241 0.240
0.264 0.240
0.260 0.240
0.270 0.240
0.273 0.240
0.259 0.240
0.262 0.240
0.268 0.240
0.265 0.240
0.277 0.240
0.266 0.240
0.265 0.240
0.269 0.240
0.277 0.240
0.283 0.240
0.261 0.240
0.284 0.240
0.281 0.240
0.283 0.240
0.276 0.240
0.253 0.240
0.265 0.240
0.262 0.240
0.255 0.240
0.263 0.240
0.254 0.240
0.261 0.240
0.248 0.240
0.263 0.240
0.263 0.240
0.259 0.240
0.241 0.240
0.255 0.240
0.236 0.240
0.247 0.240
0.240 0.240
0.249 0.240
0.249 0.240
0.251 0.240
0.266 0.240
0.272 0.240
0.270 0.240
0.268 0.240
0.266 0.240
0.262 0.240
0.280 0.240
0.260 0.240
0.277 0.240
0.278 0.240
0.272 0.240
0.271 0.240
0.279 0.240
0.279 0.240
0.259 0.240
0.269 0.240
0.258 0.240
0.247 0.240
0.262 0.240
0.255 0.240
0.266 0.247 0.264
0.258 0.247 0.264
0.266 0.247 0.264
0.264 0.247 0.264
0.262 0.247 0.264
0.253 0.247 0.264
0.249 0.247 0.264
0.253 0.247 0.264
0.271 0.247 0.264
0.228 0.247 0.264
0.225 0.247 0.264
0.223 0.247 0.264
0.245 0.247 0.264
0.218 0.247 0.264
0.218 0.247 0.264
0.219 0.247 0.264
0.220 0.247 0.264
0.215 0.247 0.264
0.217 0.247 0.264
0.236 0.247 0.264
* 0.270 0.248 0.264
0.265 0.248 0.264
0.295 0.247 0.264
0.305 0.247 0.265
0.298 0.246 0.265
0.289 0.246 0.265
0.308 0.245 0.266
0.326 0.244 0.266
0.325 0.243 0.267
0.320 0.242 0.267
0.306 0.241 0.268
0.301 0.241 0.268
0.306 0.241 0.269
0.323 0.240 0.269
0.347 0.238 0.270
0.327 0.237 0.271
0.300 0.237 0.271
0.329 0.236 0.271
0.300 0.236 0.272
0.316 0.235 0.272
0.317 0.235 0.273
0.322 0.235 0.274
0.332 0.234 0.274
0.315 0.234 0.275
0.335 0.233 0.275
0.316 0.233 0.276
0.319 0.233 0.276
0.313 0.233 0.277
0.308 0.233 0.277
0.314 0.232 0.278
0.313 0.232 0.278
0.324 0.232 0.279
0.322 0.232 0.280
0.230 0.232 0.280
0.266 0.231 0.279
0.283 0.231 0.279
0.279 0.231 0.279
0.295 0.232 0.280
0.279 0.232 0.280
0.310 0.232 0.280
0.292 0.232 0.281
0.309 0.232 0.281
0.288 0.232 0.281
0.290 0.232 0.281
0.303 0.232 0.282
0.291 0.233 0.282
0.293 0.233 0.282
0.248 0.232 0.282
0.249 0.232 0.282
0.254 0.231 0.281
0.265 0.231 0.281
0.252 0.231 0.281
0.256 0.231 0.281
0.249 0.230 0.281
0.252 0.230 0.281
0.244 0.230 0.281
0.251 0.230 0.280
0.265 0.230 0.281
0.251 0.230 0.280
0.246 0.230 0.280
0.266 0.230 0.280
0.272 0.230 0.280
0.266 0.230 0.281
0.263 0.230 0.281
0.260 0.231 0.281
0.246 0.231 0.281
0.254 0.231 0.281
0.261 0.232 0.281
0.256 0.232 0.281
0.239 0.231 0.281
0.247 0.231 0.281
0.246 0.231 0.281
0.252 0.231 0.281
0.243 0.230 0.280
0.261 0.230 0.280
0.253 0.230 0.280
0.255 0.229 0.280
0.241 0.229 0.280
0.250 0.229 0.280
0.235 0.228 0.279
0.240 0.227 0.279
0.265 0.227 0.279
0.259 0.227 0.279
0.251 0.226 0.278
0.242 0.226 0.278
0.247 0.226 0.278
0.260 0.226 0.278
0.248 0.225 0.278
0.249 0.225 0.278
0.259 0.225 0.278
0.247 0.225 0.278
0.239 0.225 0.277
0.259 0.225 0.277
0.254 0.224 0.277
0.251 0.224 0.277
0.254 0.224 0.277
0.248 0.224 0.277
0.252 0.224 0.277
0.256 0.224 0.277
0.249 0.224 0.277
0.244 0.223 0.277
0.247 0.223 0.276
0.241 0.223 0.276
0.258 0.222 0.275
0.246 0.222 0.275
0.247 0.222 0.275
0.254 0.222 0.274
0.258 0.222 0.273
0.234 0.222 0.272
0.229 0.222 0.271
0.215 0.222 0.271
0.226 0.220 0.270
0.231 0.220 0.269
0.225 0.219 0.268
0.213 0.219 0.268
0.209 0.219 0.268
0.208 0.219 0.268
0.209 0.219 0.268
0.212 0.219 0.268
0.208 0.219 0.268
0.212 0.219 0.268
0.219 0.219 0.268
* 0.225 0.220 0.267
0.207 0.220 0.267
0.212 0.220 0.267
0.235 0.219 0.264
0.221 0.218 0.263
0.233 0.219 0.262
0.219 0.218 0.261
0.211 0.218 0.261
0.240 0.219 0.259
0.218 0.219 0.259
0.221 0.219 0.257
0.209 0.219 0.257
0.228 0.219 0.255
0.237 0.220 0.254
0.233 0.220 0.254
0.219 0.220 0.254
0.219 0.220 0.254
0.225 0.221 0.251
0.222 0.222 0.250
0.227 0.222 0.250
0.214 0.222 0.250
0.216 0.222 0.250
0.230 0.221 0.248
0.215 0.221 0.248
0.231 0.220 0.247
0.237 0.221 0.246
0.214 0.221 0.246
0.226 0.221 0.244
0.218 0.221 0.244
0.225 0.222 0.243
0.216 0.222 0.243
0.228 0.222 0.242
0.234 0.223 0.241
0.218 0.223 0.241
0.233 0.222 0.241
0.226 0.222 0.240
0.290 0.222 0.241
0.275 0.221 0.241
0.290 0.221 0.241
0.276 0.221 0.241
0.284 0.220 0.242
0.295 0.220 0.242
0.282 0.220 0.242
0.271 0.220 0.243
0.292 0.219 0.243
0.291 0.219 0.243
0.283 0.219 0.244
0.292 0.218 0.244
0.300 0.218 0.244
0.291 0.217 0.244
0.288 0.217 0.245
0.288 0.217 0.245
0.282 0.217 0.245
0.281 0.217 0.246
0.284 0.216 0.246
0.280 0.216 0.246
0.296 0.216 0.247
0.275 0.216 0.247
0.289 0.216 0.247
0.308 0.215 0.248
0.278 0.215 0.248
0.279 0.215 0.248
0.295 0.215 0.249
0.302 0.215 0.249
0.305 0.214 0.250
0.309 0.214 0.251
0.307 0.213 0.251
0.297 0.213 0.252
0.314 0.213 0.252
0.315 0.212 0.253
0.290 0.212 0.253
0.302 0.212 0.254
0.289 0.212 0.254
0.306 0.211 0.255
0.300 0.211 0.255
0.289 0.211 0.256
0.245 0.211 0.256
0.203 0.211 0.256
0.250 0.210 0.255
0.260 0.210 0.255
0.272 0.210 0.255
0.279 0.210 0.256
0.247 0.210 0.256
0.256 0.210 0.256
0.275 0.210 0.256
0.267 0.210 0.256
0.262 0.211 0.256
0.265 0.211 0.256
0.252 0.211 0.257
0.251 0.211 0.257
0.258 0.211 0.257
0.275 0.211 0.257
0.272 0.211 0.257
0.267 0.211 0.257
0.266 0.211 0.258
0.262 0.211 0.258
0.236 0.212 0.258
0.236 0.212 0.258
0.246 0.212 0.258
0.247 0.213 0.259
0.275 0.213 0.259
0.262 0.214 0.260
0.259 0.215 0.260
0.247 0.215 0.260
0.250 0.215 0.260
0.228 0.215 0.260
0.242 0.216 0.261
0.240 0.216 0.261
0.236 0.216 0.261
0.245 0.217 0.261
0.248 0.217 0.261
0.236 0.218 0.262
0.248 0.218 0.262
0.253 0.218 0.262
0.250 0.219 0.262
0.245 0.219 0.262
0.252 0.220 0.263
0.268 0.221 0.263
0.251 0.221 0.263
0.249 0.222 0.264
0.253 0.222 0.264
0.233 0.223 0.264
0.161 0.223 0.264
0.198 0.223 0.264
0.247 0.220 0.264
0.242 0.220 0.264
0.257 0.221 0.264
0.253 0.221 0.264
0.258 0.222 0.265
0.256 0.222 0.265
0.267 0.223 0.266
0.257 0.224 0.266
0.274 0.224 0.266
0.284 0.225 0.267
0.280 0.226 0.267
0.281 0.227 0.268
0.268 0.227 0.268
0.253 0.227 0.267
0.293 0.227 0.267
0.264 0.226 0.267
0.244 0.226 0.267
0.243 0.226 0.266
0.250 0.226 0.266
0.256 0.226 0.266
0.261 0.226 0.266
0.257 0.226 0.265
0.256 0.226 0.265
0.257 0.226 0.265
0.240 0.225 0.264
0.256 0.225 0.264
0.223 0.225 0.264
0.226 0.224 0.262
0.221 0.224 0.262
0.259 0.223 0.262
0.228 0.223 0.261
0.253 0.223 0.261
0.253 0.223 0.260
0.265 0.223 0.260
0.262 0.223 0.260
0.251 0.223 0.259
0.280 0.223 0.259
0.200 0.223 0.259
0.243 0.222 0.258
0.266 0.222 0.258
0.275 0.223 0.258
0.235 0.223 0.257
0.231 0.223 0.256
0.246 0.223 0.256
0.251 0.224 0.255
0.251 0.225 0.254
0.255 0.225 0.254
0.244 0.225 0.253
0.251 0.225 0.253
0.262 0.226 0.252
0.235 0.226 0.252
0.251 0.226 0.251
0.250 0.226 0.252
0.250 0.228 0.252
0.269 0.228 0.252
0.250 0.228 0.252
0.260 0.228 0.252
0.286 0.227 0.252
0.274 0.228 0.252
0.272 0.227 0.252
0.224 0.227 0.252
0.256 0.227 0.252
0.250 0.227 0.252
0.236 0.227 0.251
0.264 0.227 0.252
0.243 0.227 0.251
0.243 0.227 0.251
0.250 0.227 0.251
0.245 0.227 0.251
0.256 0.227 0.251
0.263 0.227 0.251
0.263 0.227 0.251
0.252 0.227 0.251
0.262 0.227 0.251
0.246 0.227 0.251
0.253 0.227 0.251
0.260 0.227 0.251
0.245 0.227 0.251
0.237 0.227 0.251
0.252 0.227 0.251
0.241 0.227 0.251
0.259 0.227 0.251
0.245 0.227 0.251
0.271 0.227 0.251
0.267 0.228 0.252
0.259 0.228 0.252
0.263 0.228 0.252
0.263 0.228 0.252
0.267 0.228 0.252
0.280 0.228 0.253
0.267 0.228 0.253
0.282 0.228 0.253
0.277 0.228 0.253
0.286 0.228 0.254
0.276 0.228 0.254
0.267 0.228 0.254
0.269 0.228 0.254
0.263 0.228 0.254
0.287 0.232 0.256
0.265 0.234 0.256
0.274 0.234 0.257
0.256 0.234 0.257
0.254 0.234 0.257
0.271 0.234 0.257
0.244 0.234 0.257
0.256 0.234 0.257
0.274 0.234 0.257
0.246 0.234 0.257
0.259 0.234 0.257
0.259 0.234 0.256
0.253 0.234 0.256
0.250 0.234 0.256
0.269 0.234 0.256
0.284 0.234 0.256
0.250 0.234 0.256
0.252 0.234 0.256
0.250 0.234 0.256
0.252 0.235 0.256
0.284 0.234 0.256
0.252 0.234 0.256
0.259 0.234 0.256
0.276 0.234 0.256
0.263 0.234 0.256
0.262 0.234 0.256
0.271 0.235 0.257
0.199 0.235 0.257
0.208 0.235 0.257
0.209 0.235 0.257
0.214 0.235 0.257
* 0.237 0.234 0.256
0.238 0.235 0.257
0.246 0.235 0.257
0.252 0.236 0.257
0.269 0.236 0.257
0.254 0.237 0.257
0.273 0.237 0.258
0.256 0.237 0.258
0.263 0.237 0.258
0.248 0.237 0.258
0.258 0.237 0.258
0.250 0.237 0.257
0.269 0.239 0.258
0.260 0.239 0.258
0.259 0.239 0.258
0.261 0.239 0.258
0.261 0.240 0.258
0.241 0.240 0.258
0.258 0.240 0.258
0.239 0.240 0.258
0.246 0.240 0.258
0.256 0.240 0.258
0.263 0.240 0.258
0.259 0.240 0.259
0.254 0.240 0.258
0.265 0.241 0.259
0.248 0.241 0.259
0.256 0.241 0.259
0.265 0.241 0.259
0.254 0.241 0.259
0.256 0.241 0.259
0.256 0.241 0.259
0.263 0.241 0.259
0.263 0.241 0.258
0.244 0.241 0.258
0.231 0.241 0.258
0.269 0.241 0.258
0.265 0.241 0.259
0.267 0.242 0.259
0.264 0.242 0.259
0.268 0.242 0.259
0.240 0.242 0.259
0.246 0.242 0.259
0.265 0.242 0.259
0.244 0.242 0.259
0.246 0.242 0.259
0.260 0.242 0.259
0.250 0.242 0.259
0.263 0.242 0.259
0.267 0.242 0.259
0.263 0.242 0.259
0.260 0.242 0.259
0.244 0.242 0.259
0.271 0.243 0.260
0.267 0.243 0.260
0.280 0.243 0.260
0.250 0.243 0.260
0.279 0.243 0.260
0.280 0.243 0.260
0.284 0.243 0.261
0.280 0.243 0.261
0.277 0.243 0.261
0.290 0.243 0.261
0.273 0.243 0.261
0.310 0.242 0.262
0.298 0.241 0.262
0.259 0.241 0.262
0.303 0.241 0.262
0.309 0.240 0.262
0.289 0.240 0.262
0.299 0.239 0.263
0.285 0.239 0.263
0.263 0.239 0.263
0.291 0.239 0.263
0.276 0.239 0.263
0.269 0.239 0.263
0.263 0.239 0.263
0.258 0.239 0.263
0.241 0.239 0.263
0.267 0.239 0.263
0.258 0.239 0.263
0.272 0.239 0.263
0.263 0.239 0.263
0.245 0.239 0.263
0.229 0.239 0.263
0.239 0.239 0.263
0.243 0.238 0.262
0.239 0.238 0.262
0.248 0.237 0.262
0.275 0.238 0.262
0.261 0.238 0.262
0.261 0.238 0.262
0.275 0.238 0.262
0.254 0.238 0.262
0.276 0.238 0.262
0.273 0.238 0.263
0.271 0.238 0.262
0.244 0.238 0.262
0.246 0.238 0.262
0.277 0.238 0.262
0.284 0.238 0.263
0.284 0.238 0.263
0.302 0.238 0.264
0.269 0.238 0.264
0.306 0.238 0.264
0.299 0.238 0.265
0.299 0.238 0.265
0.293 0.237 0.265
0.279 0.238 0.265
0.283 0.238 0.266
0.284 0.238 0.266
0.299 0.238 0.267
0.292 0.238 0.267
0.283 0.238 0.267
0.266 0.238 0.267
0.272 0.238 0.267
0.239 0.237 0.267
0.262 0.238 0.267
0.265 0.238 0.267
0.292 0.238 0.268
0.296 0.239 0.268
0.305 0.238 0.269
0.290 0.238 0.269
0.292 0.238 0.269
0.309 0.238 0.270
0.306 0.238 0.270
0.208 0.238 0.270
0.243 0.236 0.270
0.278 0.236 0.270
0.277 0.236 0.270
0.286 0.237 0.270
0.278 0.237 0.271
0.261 0.237 0.271
0.269 0.237 0.271
0.248 0.237 0.271
0.233 0.237 0.271
0.218 0.237 0.271
0.213 0.237 0.271
0.206 0.237 0.271
0.211 0.237 0.271
0.209 0.237 0.271
0.203 0.237 0.271
0.201 0.237 0.271
0.215 0.237 0.271
0.209 0.237 0.271
0.218 0.237 0.271
0.228 0.237 0.271
* 0.247 0.237 0.271
0.256 0.237 0.271
0.237 0.237 0.271
0.262 0.237 0.270
0.252 0.236 0.270
0.277 0.236 0.270
0.281 0.237 0.271
0.279 0.237 0.271
0.260 0.237 0.271
0.254 0.238 0.271
0.254 0.238 0.271
0.256 0.238 0.271
0.256 0.238 0.271
0.268 0.238 0.271
0.280 0.238 0.271
0.273 0.238 0.272
0.279 0.238 0.272
0.282 0.239 0.272
0.276 0.239 0.272
0.276 0.239 0.272
0.270 0.239 0.272
0.282 0.239 0.272
0.297 0.239 0.273
0.271 0.239 0.273
0.271 0.239 0.272
0.292 0.239 0.273
0.297 0.239 0.273
0.280 0.239 0.273
0.275 0.239 0.273
0.304 0.239 0.273
0.281 0.239 0.272
0.299 0.239 0.273
0.280 0.239 0.273
0.285 0.240 0.272
0.265 0.240 0.272
0.270 0.240 0.272
0.287 0.240 0.272
0.274 0.240 0.272
0.292 0.240 0.272
0.286 0.240 0.272
0.258 0.240 0.272
0.262 0.240 0.272
0.282 0.240 0.272
0.290 0.241 0.273
0.269 0.241 0.273
0.287 0.241 0.273
0.266 0.241 0.273
0.264 0.241 0.273
0.273 0.241 0.273
0.275 0.243 0.274
0.280 0.243 0.274
0.274 0.244 0.274
0.271 0.245 0.275
0.272 0.245 0.275
0.284 0.245 0.275
0.283 0.246 0.275
0.266 0.246 0.275
0.275 0.246 0.275
0.281 0.246 0.276
0.287 0.246 0.276
0.281 0.246 0.276
0.283 0.246 0.276
0.255 0.247 0.276
0.300 0.247 0.277
0.278 0.247 0.277
0.280 0.247 0.277
0.266 0.247 0.276
0.264 0.247 0.276
0.268 0.247 0.276
0.291 0.247 0.276
0.293 0.247 0.276
0.262 0.247 0.275
0.292 0.247 0.275
0.284 0.247 0.275
0.273 0.247 0.275
0.256 0.247 0.275
0.285 0.247 0.275
0.279 0.247 0.275
0.266 0.247 0.275
0.274 0.247 0.275
0.274 0.247 0.275
0.290 0.248 0.275
0.270 0.248 0.275
0.262 0.248 0.275
0.275 0.248 0.275
0.287 0.248 0.275
0.281 0.249 0.275
0.288 0.249 0.275
0.292 0.249 0.275
0.285 0.249 0.275
0.278 0.249 0.274
0.297 0.252 0.275
0.279 0.253 0.276
0.277 0.253 0.276
0.279 0.253 0.276
0.280 0.253 0.275
0.274 0.253 0.275
0.273 0.254 0.276
0.285 0.254 0.276
0.264 0.254 0.276
0.262 0.255 0.276
0.287 0.255 0.276
0.277 0.257 0.277
0.285 0.257 0.277
0.289 0.258 0.277
0.275 0.258 0.277
0.283 0.258 0.277
0.282 0.258 0.277
0.268 0.258 0.277
0.254 0.258 0.277
0.294 0.259 0.278
0.283 0.259 0.278
0.277 0.260 0.278
0.273 0.260 0.278
0.260 0.259 0.278
0.268 0.259 0.278
0.252 0.259 0.278
0.260 0.258 0.278
0.264 0.258 0.278
0.273 0.258 0.277
0.279 0.258 0.278
0.291 0.258 0.278
0.279 0.258 0.277
0.279 0.258 0.278
0.282 0.258 0.278
0.279 0.258 0.278
0.281 0.259 0.277
0.281 0.259 0.277
0.267 0.258 0.277
0.281 0.259 0.277
0.272 0.259 0.277
0.266 0.259 0.277
0.282 0.259 0.277
0.274 0.259 0.277
0.259 0.258 0.277
0.262 0.258 0.276
0.288 0.258 0.276
0.280 0.258 0.277
0.302 0.258 0.277
0.301 0.258 0.277
0.321 0.257 0.277
0.334 0.255 0.278
0.307 0.255 0.278
0.318 0.254 0.279
0.341 0.253 0.279
0.339 0.251 0.280
0.336 0.250 0.281
0.315 0.250 0.281
0.321 0.249 0.282
0.306 0.249 0.282
0.315 0.249 0.282
0.338 0.248 0.283
0.332 0.247 0.283
0.327 0.247 0.284
0.324 0.246 0.284
0.321 0.246 0.285
0.332 0.246 0.285
0.329 0.245 0.286
0.336 0.244 0.287
0.326 0.244 0.287
0.337 0.243 0.287
0.347 0.242 0.288
0.323 0.243 0.289
0.339 0.242 0.289
0.320 0.242 0.290
0.331 0.242 0.290
0.313 0.242 0.291
0.324 0.242 0.291
0.330 0.242 0.292
0.339 0.241 0.292
0.337 0.241 0.293
0.323 0.241 0.293
0.320 0.241 0.294
0.321 0.241 0.294
0.333 0.241 0.295
0.321 0.242 0.295
0.314 0.242 0.296
0.330 0.242 0.296
0.309 0.242 0.297
0.320 0.243 0.297
0.332 0.243 0.298
0.335 0.242 0.298
0.287 0.243 0.298
0.273 0.243 0.298
0.267 0.243 0.298
0.273 0.242 0.298
0.272 0.242 0.298
0.280 0.242 0.298
0.276 0.242 0.298
0.275 0.242 0.298
0.277 0.242 0.298
0.274 0.241 0.297
0.258 0.241 0.297
0.268 0.240 0.297
0.273 0.240 0.297
0.264 0.240 0.297
0.262 0.240 0.297
0.271 0.240 0.297
0.286 0.240 0.297
0.289 0.240 0.297
0.283 0.241 0.297
0.273 0.240 0.297
0.267 0.240 0.297
0.281 0.240 0.297
0.264 0.239 0.297
0.263 0.239 0.297
0.286 0.239 0.297
0.281 0.239 0.297
0.265 0.239 0.297
0.265 0.240 0.297
0.271 0.239 0.296
0.271 0.239 0.296
0.258 0.238 0.296
0.271 0.238 0.296
0.260 0.238 0.296
0.281 0.239 0.296
0.287 0.240 0.297
0.296 0.240 0.297
0.271 0.240 0.297
0.297 0.241 0.297
0.283 0.241 0.297
0.275 0.241 0.297
0.292 0.241 0.297
0.281 0.241 0.297
0.290 0.241 0.297
0.278 0.241 0.297
0.273 0.241 0.297
0.295 0.241 0.297
0.269 0.241 0.297
0.279 0.241 0.297
0.265 0.241 0.297
0.285 0.241 0.297
0.283 0.241 0.297
0.274 0.241 0.297
0.279 0.242 0.298
0.284 0.242 0.298
0.277 0.242 0.298
0.286 0.242 0.298
0.288 0.242 0.298
0.273 0.242 0.297
0.286 0.242 0.297
0.279 0.242 0.297
0.203 0.242 0.297
0.201 0.242 0.297
0.190 0.242 0.297
0.203 0.242 0.297
0.207 0.242 0.297
0.210 0.242 0.297
0.204 0.242 0.297
0.202 0.242 0.297
0.211 0.242 0.297
* 0.287 0.242 0.296
0.300 0.242 0.296
0.293 0.242 0.296
0.305 0.243 0.295
0.286 0.243 0.295
0.302 0.243 0.295
0.285 0.243 0.294
0.280 0.243 0.294
0.281 0.243 0.294
0.272 0.243 0.293
0.251 0.243 0.292
0.262 0.242 0.292
0.261 0.242 0.291
0.270 0.242 0.290
0.273 0.242 0.290
0.283 0.243 0.289
0.275 0.243 0.289
0.256 0.243 0.288
0.273 0.243 0.287
0.279 0.244 0.287
0.276 0.245 0.286
0.270 0.245 0.286
0.273 0.245 0.285
0.280 0.246 0.285
0.273 0.246 0.284
0.255 0.246 0.284
0.271 0.247 0.283
0.262 0.247 0.282
0.275 0.248 0.282
0.279 0.249 0.281
0.276 0.250 0.281
0.277 0.250 0.280
0.240 0.250 0.280
0.258 0.250 0.279
0.270 0.251 0.278
0.278 0.252 0.278
0.272 0.252 0.277
0.251 0.252 0.277
0.285 0.254 0.276
0.272 0.256 0.276
0.262 0.256 0.275
0.269 0.256 0.275
0.264 0.256 0.275
0.266 0.255 0.275
0.277 0.256 0.275
0.295 0.255 0.275
0.288 0.255 0.275
0.287 0.255 0.276
0.276 0.255 0.276
0.266 0.255 0.276
0.268 0.255 0.276
0.268 0.255 0.276
0.268 0.255 0.276
0.260 0.255 0.276
0.268 0.255 0.276
0.282 0.255 0.276
0.283 0.255 0.276
0.252 0.255 0.276
0.263 0.255 0.275
0.263 0.255 0.275
0.264 0.254 0.275
0.281 0.254 0.275
0.260 0.254 0.275
0.260 0.254 0.275
0.265 0.254 0.275
0.287 0.254 0.275
0.314 0.253 0.275
0.258 0.253 0.275
0.249 0.253 0.275
0.259 0.252 0.275
0.251 0.252 0.275
0.264 0.252 0.275
0.273 0.252 0.275
0.286 0.252 0.275
0.254 0.252 0.275
0.274 0.252 0.274
0.277 0.252 0.274
0.263 0.252 0.274
0.268 0.252 0.274
0.279 0.252 0.274
0.291 0.252 0.274
0.264 0.252 0.274
0.262 0.252 0.273
0.247 0.252 0.273
0.258 0.251 0.273
0.264 0.251 0.273
0.281 0.251 0.273
0.265 0.251 0.273
0.268 0.251 0.273
0.262 0.251 0.272
0.285 0.251 0.272
0.283 0.251 0.273
0.260 0.250 0.272
0.268 0.250 0.272
0.256 0.250 0.272
0.277 0.250 0.272
0.268 0.250 0.272
0.253 0.250 0.272
0.280 0.250 0.271
0.259 0.249 0.271
0.234 0.249 0.271
0.243 0.249 0.271
0.235 0.249 0.271
0.235 0.249 0.271
0.221 0.249 0.271
0.213 0.249 0.271
0.217 0.249 0.271
0.207 0.249 0.271
0.210 0.249 0.271
0.207 0.249 0.271
0.225 0.249 0.271
0.235 0.249 0.271
* 0.250 0.249 0.271
0.271 0.249 0.271
0.256 0.249 0.270
0.270 0.250 0.270
0.268 0.250 0.270
0.291 0.250 0.270
0.286 0.250 0.270
0.276 0.250 0.270
0.275 0.250 0.269
0.266 0.250 0.269
0.260 0.250 0.270
0.284 0.250 0.270
0.287 0.251 0.270
0.268 0.250 0.270
0.285 0.250 0.270
0.284 0.250 0.270
0.293 0.250 0.270
0.273 0.251 0.270
0.277 0.251 0.270
0.281 0.251 0.271
0.293 0.250 0.271
0.270 0.250 0.271
0.292 0.250 0.271
0.301 0.250 0.271
0.311 0.249 0.271
0.320 0.248 0.272
0.298 0.248 0.272
0.309 0.248 0.273
0.312 0.247 0.273
0.290 0.247 0.273
0.327 0.246 0.274
0.307 0.246 0.274
0.323 0.246 0.275
0.320 0.245 0.276
0.318 0.245 0.276
0.312 0.245 0.276
0.316 0.244 0.277
0.239 0.244 0.277
0.206 0.244 0.277
0.200 0.244 0.277
0.188 0.244 0.277
0.200 0.244 0.277
0.190 0.244 0.277
0.189 0.244 0.277
0.180 0.244 0.277
0.180 0.244 0.277
0.197 0.244 0.277
0.192 0.244 0.277
0.183 0.244 0.277
0.187 0.244 0.277
0.175 0.244 0.277
0.168 0.244 0.277
0.182 0.244 0.277
0.202 0.244 0.277
0.173 0.244 0.277
0.176 0.244 0.277
0.177 0.244 0.277
0.189 0.244 0.277
0.188 0.244 0.277
0.187 0.244 0.277
0.171 0.244 0.277
0.180 0.244 0.277
0.194 0.244 0.277
0.171 0.244 0.277
0.176 0.244 0.277
0.161 0.244 0.277
0.177 0.244 0.277
0.183 0.244 0.277
0.182 0.244 0.277
0.161 0.244 0.277
0.159 0.244 0.277
0.151 0.244 0.277
0.192 0.244 0.277
0.213 0.244 0.277
0.195 0.244 0.277
0.166 0.244 0.277
0.153 0.244 0.277
0.183 0.244 0.277
0.180 0.244 0.277
0.187 0.244 0.277
0.174 0.244 0.277
0.199 0.244 0.277
0.199 0.244 0.277
0.217 0.244 0.277
0.202 0.244 0.277
0.225 0.244 0.277
0.230 0.244 0.277
0.233 0.244 0.277
0.223 0.244 0.277
0.230 0.244 0.277
* 0.251 0.244 0.277
0.287 0.244 0.277
0.272 0.244 0.277
0.287 0.244 0.277
0.312 0.244 0.278
0.314 0.244 0.278
0.295 0.244 0.278
0.305 0.244 0.279
0.307 0.244 0.279
0.303 0.244 0.279
0.262 0.243 0.279
0.287 0.243 0.279
0.269 0.244 0.279
0.261 0.243 0.279
0.279 0.244 0.279
0.293 0.244 0.279
0.277 0.244 0.279
0.293 0.244 0.280
0.304 0.244 0.280
0.300 0.244 0.280
0.289 0.244 0.280
0.302 0.245 0.281
0.291 0.245 0.281
0.306 0.245 0.281
0.317 0.245 0.282
0.302 0.245 0.282
0.306 0.245 0.283
0.296 0.246 0.283
0.249 0.245 0.283
0.294 0.245 0.282
0.308 0.245 0.283
0.285 0.246 0.283
0.302 0.247 0.284
0.306 0.247 0.284
0.305 0.247 0.285
0.268 0.247 0.285
0.262 0.247 0.284
0.275 0.247 0.284
0.283 0.248 0.285
0.259 0.247 0.284
0.259 0.247 0.284
0.276 0.247 0.284
0.269 0.247 0.284
0.262 0.247 0.284
0.267 0.247 0.284
0.262 0.247 0.284
0.252 0.247 0.284
0.264 0.247 0.284
0.270 0.247 0.284
0.265 0.247 0.284
0.251 0.247 0.284
0.269 0.247 0.284
0.277 0.247 0.284
0.285 0.247 0.284
0.291 0.247 0.284
0.267 0.247 0.284
0.286 0.247 0.284
0.295 0.248 0.285
0.301 0.248 0.285
0.298 0.248 0.285
0.306 0.249 0.286
0.312 0.249 0.286
0.295 0.250 0.287
0.279 0.250 0.287
0.276 0.250 0.287
0.285 0.251 0.287
0.286 0.251 0.287
0.291 0.252 0.288
0.297 0.252 0.288
0.288 0.252 0.288
0.295 0.252 0.288
0.262 0.252 0.288
0.274 0.252 0.288
0.267 0.252 0.288
0.254 0.251 0.288
0.265 0.251 0.287
0.267 0.251 0.287
0.278 0.251 0.287
0.269 0.250 0.287
0.261 0.250 0.287
0.228 0.250 0.287
0.217 0.250 0.287
0.203 0.250 0.287
0.206 0.250 0.287
0.209 0.250 0.287
0.195 0.250 0.287
0.247 0.250 0.287
* 0.275 0.250 0.287
0.274 0.250 0.287
0.269 0.250 0.287
0.264 0.249 0.286
0.275 0.249 0.286
0.268 0.249 0.286
0.272 0.249 0.286
0.249 0.248 0.285
0.253 0.248 0.285
0.258 0.247 0.284
0.249 0.247 0.284
0.259 0.246 0.283
0.259 0.246 0.283
0.229 0.246 0.283
0.233 0.246 0.283
0.231 0.246 0.283
0.219 0.246 0.283
* 0.253 0.246 0.282
0.256 0.245 0.282
0.253 0.245 0.281
0.259 0.246 0.280
0.277 0.246 0.280
0.255 0.246 0.279
0.241 0.246 0.279
0.255 0.245 0.279
0.272 0.245 0.278
0.293 0.245 0.279
0.272 0.245 0.278
0.269 0.245 0.278
0.296 0.246 0.278
0.259 0.245 0.278
0.276 0.246 0.277
0.278 0.246 0.277
0.291 0.246 0.277
0.279 0.246 0.277
0.277 0.246 0.277
0.255 0.246 0.277
0.261 0.246 0.277
0.240 0.246 0.277
0.244 0.246 0.277
0.252 0.244 0.276
0.263 0.244 0.275
0.264 0.244 0.275
0.275 0.244 0.275
0.265 0.244 0.274
0.246 0.243 0.274
0.205 0.243 0.274
0.215 0.243 0.274
0.250 0.239 0.271
0.246 0.239 0.271
0.254 0.239 0.270
0.277 0.239 0.270
0.258 0.240 0.270
0.266 0.240 0.270
0.270 0.240 0.270
0.247 0.240 0.269
0.272 0.240 0.269
0.242 0.240 0.268
0.256 0.240 0.268
0.237 0.240 0.268
0.242 0.239 0.267
0.232 0.239 0.267
0.244 0.238 0.266
0.246 0.237 0.266
0.239 0.237 0.266
0.244 0.237 0.266
0.252 0.236 0.266
0.236 0.236 0.266
0.235 0.236 0.266
0.220 0.236 0.266
0.234 0.236 0.266
0.227 0.236 0.266
* 0.239 0.236 0.265
0.258 0.236 0.265
0.247 0.236 0.265
0.237 0.235 0.265
0.238 0.235 0.265
0.252 0.235 0.265
0.247 0.234 0.264
0.242 0.234 0.264
0.254 0.234 0.264
0.231 0.234 0.264
0.260 0.233 0.263
0.238 0.233 0.263
0.269 0.233 0.263
0.256 0.233 0.263
0.247 0.233 0.262
0.259 0.233 0.262
0.244 0.233 0.261
0.273 0.234 0.261
0.246 0.235 0.260
0.244 0.235 0.260
0.269 0.235 0.260
0.259 0.235 0.259
0.249 0.235 0.259
0.255 0.235 0.259
0.245 0.235 0.258
0.258 0.235 0.258
0.268 0.235 0.258
0.273 0.236 0.257
0.273 0.236 0.258
0.238 0.235 0.257
0.247 0.235 0.257
0.224 0.235 0.257
0.267 0.235 0.257
0.259 0.235 0.257
0.252 0.235 0.256
0.258 0.235 0.256
0.273 0.235 0.256
0.267 0.235 0.256
0.264 0.235 0.256
0.240 0.234 0.256
0.243 0.234 0.256
0.249 0.234 0.255
0.243 0.234 0.255
0.247 0.234 0.255
0.250 0.234 0.255
0.243 0.234 0.255
0.238 0.234 0.255
0.239 0.233 0.255
0.251 0.233 0.255
0.232 0.233 0.255
0.235 0.233 0.254
0.245 0.232 0.254
0.256 0.232 0.254
0.240 0.232 0.254
0.226 0.232 0.254
0.249 0.232 0.253
0.245 0.232 0.253
0.260 0.232 0.253
0.266 0.232 0.253
0.242 0.232 0.253
0.235 0.232 0.252
0.247 0.232 0.252
0.249 0.232 0.252
0.236 0.232 0.251
0.253 0.232 0.251
0.232 0.232 0.251
0.249 0.232 0.250
0.273 0.233 0.250
0.292 0.232 0.250
0.270 0.232 0.251
0.278 0.232 0.251
0.264 0.232 0.251
0.246 0.232 0.251
0.226 0.232 0.251
0.249 0.232 0.251
0.242 0.232 0.250
0.259 0.232 0.250
0.242 0.232 0.250
0.260 0.232 0.250
0.235 0.233 0.250
0.240 0.233 0.251
0.225 0.233 0.251
0.250 0.233 0.250
0.243 0.233 0.250
0.237 0.233 0.250
0.249 0.233 0.250
0.255 0.233 0.250
0.275 0.233 0.250
0.260 0.233 0.250
0.270 0.233 0.250
0.293 0.232 0.250
0.283 0.232 0.251
0.276 0.232 0.251
0.249 0.232 0.251
0.260 0.233 0.251
0.234 0.232 0.251
0.254 0.233 0.251
0.238 0.233 0.251
0.224 0.233 0.251
0.225 0.233 0.251
0.242 0.232 0.251
0.237 0.231 0.251
0.238 0.231 0.251
0.225 0.231 0.251
0.253 0.231 0.251
0.238 0.231 0.251
0.238 0.231 0.250
0.250 0.231 0.251
0.238 0.231 0.250
0.235 0.231 0.250
0.222 0.231 0.250
0.273 0.230 0.250
0.243 0.230 0.250
0.233 0.230 0.250
0.238 0.230 0.250
0.236 0.230 0.250
0.244 0.230 0.250
0.236 0.230 0.249
0.241 0.230 0.249
0.250 0.230 0.249
0.232 0.229 0.249
0.254 0.229 0.249
0.245 0.229 0.249
0.234 0.229 0.249
0.238 0.229 0.249
0.235 0.229 0.248
0.242 0.229 0.248
0.250 0.229 0.248
0.260 0.229 0.248
0.265 0.229 0.248
0.255 0.229 0.248
0.263 0.230 0.248
0.250 0.230 0.248
0.231 0.229 0.248
0.264 0.229 0.248
0.241 0.229 0.248
0.225 0.229 0.248
0.252 0.229 0.247
0.245 0.229 0.247
0.249 0.229 0.247
0.259 0.229 0.247
0.235 0.229 0.247
0.242 0.229 0.247
0.251 0.229 0.247
0.258 0.229 0.247
0.248 0.229 0.247
0.254 0.229 0.248
0.245 0.229 0.248
0.239 0.229 0.247
0.260 0.229 0.248
0.244 0.229 0.248
0.244 0.229 0.248
0.243 0.229 0.248
0.239 0.229 0.248
0.244 0.230 0.248
0.239 0.230 0.248
0.244 0.230 0.248
0.230 0.229 0.247
0.239 0.229 0.247
0.241 0.229 0.247
0.245 0.229 0.247
0.253 0.229 0.247
0.238 0.229 0.247
0.223 0.229 0.247
0.223 0.229 0.247
0.245 0.229 0.247
0.257 0.229 0.247
0.223 0.229 0.247
0.232 0.229 0.246
0.241 0.229 0.246
0.237 0.229 0.245
0.240 0.229 0.245
0.244 0.229 0.245
0.238 0.229 0.245
0.220 0.229 0.245
0.235 0.228 0.245
0.243 0.228 0.245
0.254 0.228 0.245
0.241 0.228 0.244
0.239 0.228 0.244
0.258 0.229 0.245
0.237 0.229 0.245
0.245 0.229 0.245
0.263 0.229 0.245
0.262 0.229 0.245
0.233 0.229 0.245
0.263 0.229 0.245
0.236 0.229 0.245
0.244 0.229 0.245
0.255 0.229 0.244
0.250 0.230 0.244
0.237 0.230 0.244
0.259 0.230 0.243
0.259 0.230 0.243
0.248 0.230 0.243
0.240 0.230 0.243
0.256 0.230 0.243
0.227 0.230 0.243
0.256 0.231 0.244
0.257 0.231 0.244
0.197 0.231 0.244
0.253 0.230 0.244
0.257 0.230 0.244
0.233 0.230 0.244
0.211 0.230 0.244
0.253 0.229 0.244
0.244 0.229 0.244
0.247 0.229 0.244
0.238 0.229 0.244
0.230 0.229 0.244
0.252 0.229 0.244
0.270 0.229 0.244
0.251 0.229 0.244
0.254 0.230 0.244
0.241 0.230 0.244
0.278 0.230 0.245
0.263 0.230 0.245
0.264 0.230 0.245
0.256 0.230 0.245
0.239 0.230 0.245
0.222 0.230 0.245
0.246 0.229 0.245
0.232 0.229 0.245
0.233 0.229 0.245
0.255 0.229 0.245
0.267 0.229 0.245
0.285 0.229 0.246
0.251 0.229 0.246
0.263 0.229 0.246
0.246 0.229 0.246
0.255 0.229 0.246
0.257 0.229 0.246
0.258 0.229 0.246
0.229 0.229 0.246
0.273 0.229 0.246
0.284 0.228 0.246
0.284 0.229 0.247
0.242 0.228 0.247
0.277 0.228 0.247
0.288 0.228 0.247
0.314 0.227 0.248
0.295 0.226 0.248
0.293 0.226 0.249
0.312 0.225 0.250
0.302 0.224 0.250
0.282 0.224 0.250
0.302 0.224 0.251
0.318 0.223 0.252
0.288 0.223 0.252
0.304 0.222 0.253
0.299 0.222 0.253
0.321 0.221 0.254
0.304 0.221 0.254
0.327 0.220 0.255
0.310 0.220 0.256
0.301 0.220 0.257
0.301 0.219 0.257
0.315 0.219 0.258
0.310 0.219 0.259
0.297 0.219 0.259
0.316 0.219 0.260
0.309 0.218 0.261
0.296 0.218 0.261
0.310 0.219 0.262
0.314 0.219 0.263
0.307 0.219 0.264
0.318 0.218 0.264
0.283 0.219 0.265
0.291 0.219 0.265
0.303 0.219 0.266
0.309 0.220 0.267
0.293 0.220 0.267
0.312 0.220 0.268
0.321 0.220 0.269
0.327 0.220 0.270
0.324 0.220 0.271
0.350 0.219 0.272
0.339 0.218 0.273
0.331 0.218 0.274
0.331 0.218 0.274
0.323 0.218 0.275
0.292 0.218 0.276
0.346 0.218 0.277
0.303 0.218 0.277
0.329 0.218 0.278
0.336 0.218 0.279
0.324 0.217 0.279
0.350 0.217 0.280
0.329 0.217 0.281
0.322 0.217 0.282
0.315 0.218 0.283
0.328 0.218 0.284
0.315 0.218 0.284
0.325 0.218 0.285
0.351 0.218 0.286
0.324 0.218 0.287
0.316 0.219 0.287
0.311 0.220 0.288
0.295 0.220 0.288
0.291 0.221 0.289
0.295 0.223 0.290
0.314 0.224 0.290
0.301 0.224 0.291
0.302 0.226 0.292
0.293 0.228 0.292
0.310 0.229 0.293
0.286 0.230 0.293
0.298 0.231 0.294
0.296 0.232 0.294
0.308 0.234 0.295
0.285 0.235 0.296
0.298 0.235 0.296
0.299 0.236 0.296
0.285 0.237 0.297
0.300 0.238 0.297
0.292 0.238 0.297
0.295 0.239 0.298
0.296 0.240 0.298
0.313 0.240 0.299
0.276 0.242 0.299
0.304 0.245 0.300
0.281 0.246 0.300
0.316 0.248 0.301
0.289 0.251 0.302
0.264 0.251 0.302
0.301 0.252 0.302
0.288 0.252 0.302
0.278 0.253 0.302
0.300 0.254 0.303
0.304 0.256 0.303
0.247 0.256 0.303
0.271 0.256 0.303
0.309 0.258 0.304
0.312 0.261 0.305
0.287 0.262 0.305
0.308 0.262 0.305
0.297 0.262 0.305
0.313 0.265 0.306
0.315 0.266 0.306
0.293 0.266 0.306
0.296 0.266 0.306
0.296 0.266 0.306
0.305 0.266 0.306
0.297 0.266 0.306
0.322 0.266 0.306
0.329 0.266 0.307
0.310 0.266 0.307
0.305 0.266 0.307
0.290 0.266 0.307
0.206 0.266 0.307
0.189 0.266 0.307
0.173 0.266 0.307
0.196 0.266 0.307
0.198 0.266 0.307
0.226 0.266 0.307
0.171 0.266 0.307
0.207 0.266 0.307
* 0.277 0.266 0.306
0.272 0.265 0.306
0.279 0.264 0.306
0.285 0.264 0.306
0.282 0.263 0.305
0.276 0.263 0.305
0.254 0.263 0.305
0.280 0.261 0.304
0.296 0.260 0.304
0.244 0.260 0.304
0.270 0.257 0.303
0.292 0.257 0.303
0.293 0.257 0.303
0.277 0.257 0.302
0.285 0.256 0.302
0.276 0.256 0.302
0.254 0.256 0.302
0.301 0.254 0.301
0.272 0.254 0.301
0.286 0.254 0.301
0.272 0.253 0.301
0.277 0.253 0.300
0.283 0.253 0.300
0.274 0.252 0.300
0.274 0.252 0.299
0.255 0.251 0.299
0.258 0.250 0.298
0.252 0.250 0.297
0.248 0.250 0.297
0.213 0.250 0.297
0.247 0.250 0.297
0.238 0.250 0.297
0.246 0.250 0.297
0.231 0.250 0.297
0.183 0.250 0.297
0.209 0.250 0.297
* 0.257 0.249 0.296
0.252 0.249 0.295
0.250 0.248 0.294
0.245 0.248 0.294
0.261 0.246 0.293
0.258 0.246 0.293
0.268 0.246 0.292
0.260 0.245 0.291
0.249 0.245 0.291
0.262 0.245 0.290
0.287 0.246 0.289
0.293 0.246 0.289
0.286 0.247 0.289
0.290 0.247 0.288
0.297 0.247 0.288
0.280 0.247 0.288
0.265 0.247 0.287
0.260 0.248 0.286
0.290 0.249 0.286
0.289 0.249 0.286
0.266 0.249 0.285
0.279 0.249 0.285
0.287 0.249 0.285
0.273 0.249 0.285
0.259 0.249 0.284
0.251 0.248 0.284
0.254 0.247 0.283
0.263 0.247 0.283
0.284 0.247 0.283
0.283 0.247 0.283
0.263 0.247 0.282
0.256 0.246 0.282
0.264 0.246 0.281
0.261 0.246 0.281
0.271 0.246 0.281
0.245 0.246 0.281
0.257 0.244 0.280
0.271 0.244 0.280
0.250 0.244 0.279
0.276 0.244 0.279
0.262 0.243 0.279
0.235 0.243 0.279
0.259 0.242 0.278
0.228 0.242 0.278
0.260 0.241 0.277
0.247 0.241 0.276
0.247 0.240 0.276
0.218 0.240 0.276
0.243 0.238 0.275
0.240 0.237 0.274
0.254 0.237 0.274
0.247 0.237 0.273
0.262 0.237 0.273
0.259 0.237 0.273
0.258 0.237 0.273
0.269 0.237 0.273
0.269 0.237 0.272
0.296 0.237 0.272
0.272 0.238 0.272
0.266 0.238 0.272
0.282 0.238 0.271
0.271 0.239 0.271
0.300 0.238 0.271
0.280 0.239 0.271
0.259 0.239 0.270
0.256 0.239 0.270
0.262 0.239 0.270
0.252 0.239 0.269
0.257 0.240 0.268
0.216 0.240 0.268
0.223 0.240 0.268
0.264 0.239 0.266
0.239 0.238 0.266
0.269 0.238 0.266
0.271 0.238 0.266
0.238 0.237 0.265
0.218 0.237 0.265
0.240 0.236 0.264
0.240 0.236 0.264
0.240 0.235 0.264
0.267 0.235 0.263
0.249 0.235 0.263
0.251 0.235 0.263
0.219 0.235 0.263
0.224 0.235 0.263
0.259 0.234 0.262
0.247 0.233 0.261
0.253 0.233 0.261
0.223 0.233 0.261
0.182 0.233 0.261
0.193 0.233 0.261
0.226 0.233 0.261
* 0.234 0.233 0.261
0.244 0.233 0.260
0.219 0.233 0.260
0.240 0.232 0.259
0.234 0.232 0.259
0.240 0.231 0.259
0.228 0.231 0.259
0.235 0.230 0.258
0.250 0.230 0.257
0.265 0.230 0.257
0.255 0.230 0.257
0.236 0.230 0.257
0.231 0.230 0.257
0.250 0.230 0.257
0.241 0.230 0.257
0.260 0.230 0.257
0.248 0.230 0.257
0.237 0.229 0.257
0.239 0.229 0.256
0.224 0.229 0.256
0.219 0.229 0.256
0.227 0.229 0.256
0.222 0.229 0.256
* 0.231 0.229 0.256
0.239 0.228 0.256
0.235 0.228 0.256
0.222 0.228 0.256
0.217 0.228 0.256
0.224 0.228 0.256
0.227 0.228 0.256
0.221 0.228 0.256
* 0.242 0.228 0.255
0.220 0.228 0.255
0.255 0.228 0.254
0.248 0.228 0.254
0.253 0.228 0.253
0.252 0.228 0.253
0.227 0.228 0.253
0.248 0.228 0.253
0.219 0.228 0.253
0.230 0.227 0.251
0.225 0.227 0.251
0.230 0.227 0.250
0.218 0.227 0.250
0.255 0.227 0.250
0.243 0.226 0.249
0.206 0.226 0.249
0.223 0.226 0.249
0.222 0.226 0.249
0.216 0.226 0.249
0.208 0.226 0.249
0.218 0.226 0.249
0.214 0.226 0.249
0.209 0.226 0.249
* 0.228 0.226 0.249
0.225 0.226 0.249
0.223 0.226 0.249
0.212 0.226 0.249
0.218 0.226 0.249
0.217 0.226 0.249
0.221 0.226 0.249
* 0.249 0.226 0.249
0.246 0.226 0.249
0.251 0.226 0.249
0.248 0.226 0.248
0.254 0.226 0.248
0.266 0.226 0.248
0.267 0.226 0.248
0.248 0.226 0.248
0.280 0.226 0.248
0.260 0.226 0.248
0.257 0.226 0.248
0.263 0.226 0.248
0.251 0.226 0.248
0.234 0.226 0.248
0.222 0.226 0.248
0.244 0.226 0.248
0.239 0.226 0.247
0.234 0.226 0.248
0.243 0.226 0.247
0.239 0.226 0.247
0.224 0.226 0.247
0.229 0.226 0.247
0.259 0.226 0.247
0.239 0.226 0.247
0.250 0.226 0.247
0.244 0.226 0.247
0.240 0.226 0.247
0.235 0.225 0.247
0.239 0.225 0.247
0.238 0.225 0.246
0.232 0.225 0.246
0.245 0.226 0.245
0.234 0.226 0.245
0.221 0.226 0.245
0.245 0.226 0.244
0.211 0.226 0.244
0.215 0.226 0.244
0.232 0.225 0.242
0.245 0.225 0.242
0.217 0.225 0.242
0.237 0.225 0.241
0.227 0.225 0.241
0.241 0.225 0.241
0.240 0.225 0.241
0.250 0.225 0.242
0.240 0.226 0.241
0.248 0.226 0.241
0.248 0.226 0.241
0.228 0.226 0.241
0.229 0.226 0.241
0.228 0.226 0.241
0.241 0.226 0.241
0.229 0.226 0.241
0.258 0.226 0.241
0.248 0.226 0.241
0.230 0.226 0.240
0.258 0.226 0.241
0.256 0.226 0.241
0.265 0.226 0.241
0.291 0.226 0.242
0.277 0.225 0.242
0.294 0.225 0.242
0.280 0.224 0.243
0.276 0.224 0.243
0.290 0.224 0.244
0.259 0.224 0.244
0.248 0.224 0.244
0.251 0.224 0.244
0.253 0.225 0.245
0.241 0.225 0.245
0.254 0.225 0.245
0.246 0.225 0.244
0.249 0.225 0.244
0.286 0.224 0.245
0.248 0.225 0.245
0.242 0.225 0.245
0.250 0.225 0.245
0.255 0.225 0.245
0.253 0.225 0.245
0.234 0.225 0.245
0.253 0.225 0.245
0.272 0.225 0.246
0.288 0.225 0.246
0.240 0.225 0.246
0.241 0.225 0.246
0.243 0.225 0.246
0.237 0.225 0.246
0.263 0.225 0.246
0.259 0.225 0.246
0.274 0.225 0.247
0.272 0.225 0.247
0.288 0.225 0.247
0.261 0.225 0.248
0.292 0.225 0.248
0.289 0.225 0.249
0.296 0.225 0.250
0.283 0.225 0.250
0.271 0.225 0.251
0.269 0.226 0.251
0.281 0.226 0.251
0.267 0.226 0.252
0.277 0.226 0.252
0.274 0.226 0.252
0.250 0.226 0.252
0.255 0.226 0.252
0.256 0.226 0.252
0.297 0.225 0.252
0.280 0.225 0.253
0.295 0.225 0.253
0.300 0.225 0.253
0.278 0.225 0.253
0.292 0.224 0.254
0.277 0.224 0.254
0.277 0.225 0.254
0.288 0.225 0.255
0.283 0.225 0.255
0.295 0.225 0.256
0.290 0.225 0.257
0.280 0.225 0.257
0.287 0.225 0.257
0.286 0.226 0.258
0.295 0.226 0.259
0.310 0.226 0.259
0.290 0.226 0.260
0.290 0.226 0.260
0.295 0.226 0.261
0.309 0.226 0.261
0.282 0.226 0.262
0.305 0.226 0.262
0.292 0.226 0.263
0.284 0.227 0.263
0.290 0.227 0.264
0.302 0.227 0.265
0.282 0.228 0.265
0.301 0.228 0.266
0.296 0.229 0.267
0.296 0.230 0.267
0.298 0.231 0.268
0.283 0.231 0.268
0.322 0.232 0.270
0.305 0.232 0.270
0.317 0.233 0.271
0.290 0.233 0.272
0.309 0.234 0.272
0.309 0.234 0.273
0.296 0.234 0.273
0.299 0.235 0.274
0.313 0.235 0.275
0.288 0.236 0.275
0.291 0.237 0.276
0.303 0.238 0.277
0.290 0.239 0.277
0.307 0.240 0.278
0.315 0.240 0.278
0.311 0.240 0.279
0.307 0.241 0.280
0.291 0.242 0.280
0.308 0.242 0.281
0.321 0.242 0.281
0.331 0.241 0.282
0.316 0.241 0.282
0.293 0.241 0.282
0.306 0.241 0.282
0.306 0.241 0.283
0.319 0.240 0.283
0.313 0.241 0.283
0.323 0.241 0.284
0.317 0.241 0.285
0.288 0.242 0.285
0.317 0.243 0.286
0.312 0.244 0.287
0.294 0.244 0.287
0.295 0.245 0.287
0.301 0.245 0.288
0.289 0.246 0.288
0.289 0.248 0.288
0.270 0.248 0.289
0.288 0.249 0.289
0.272 0.250 0.289
0.263 0.251 0.290
0.270 0.252 0.290
0.268 0.252 0.290
0.272 0.251 0.289
0.276 0.253 0.290
0.284 0.254 0.290
0.254 0.255 0.290
0.279 0.257 0.291
0.270 0.257 0.291
0.251 0.257 0.291
0.278 0.257 0.291
0.275 0.257 0.291
0.259 0.256 0.291
0.270 0.256 0.291
0.276 0.256 0.290
0.257 0.255 0.290
0.249 0.255 0.290
0.253 0.255 0.290
0.238 0.255 0.290
0.237 0.255 0.290
0.250 0.255 0.290
* 0.267 0.255 0.290
0.263 0.254 0.290
0.256 0.254 0.290
0.260 0.253 0.289
0.245 0.253 0.289
0.281 0.252 0.289
0.267 0.252 0.289
0.264 0.252 0.289
0.248 0.252 0.289
0.274 0.252 0.289
0.266 0.253 0.289
0.257 0.252 0.289
0.291 0.252 0.289
0.295 0.252 0.289
0.307 0.252 0.289
0.266 0.252 0.289
0.302 0.252 0.289
0.259 0.251 0.289
0.268 0.251 0.289
0.292 0.251 0.289
0.285 0.251 0.289
0.274 0.251 0.289
0.257 0.250 0.288
0.265 0.250 0.288
0.265 0.249 0.288
0.245 0.249 0.288
0.248 0.249 0.288
0.253 0.247 0.286
0.268 0.246 0.286
0.225 0.246 0.286
0.262 0.244 0.285
0.247 0.243 0.285
0.254 0.243 0.284
0.247 0.242 0.284
0.251 0.241 0.283
0.254 0.241 0.283
0.261 0.240 0.283
0.263 0.240 0.282
0.264 0.240 0.282
0.261 0.239 0.282
0.263 0.239 0.281
0.253 0.239 0.281
0.257 0.238 0.281
0.242 0.238 0.280
0.249 0.237 0.280
0.243 0.237 0.279
0.254 0.237 0.278
0.245 0.236 0.278
0.251 0.236 0.277
0.243 0.235 0.277
0.265 0.235 0.276
0.237 0.235 0.276
0.263 0.235 0.275
0.255 0.234 0.275
0.269 0.234 0.275
0.240 0.234 0.274
0.258 0.234 0.274
0.256 0.234 0.273
0.252 0.234 0.272
0.261 0.234 0.272
0.268 0.234 0.272
0.263 0.234 0.271
0.256 0.234 0.271
0.230 0.234 0.271
0.227 0.234 0.271
0.218 0.234 0.271
0.220 0.234 0.271
0.210 0.234 0.271
* 0.249 0.235 0.270
0.240 0.235 0.269
0.221 0.235 0.269
0.233 0.235 0.269
0.218 0.235 0.269
0.205 0.235 0.269
0.230 0.235 0.269
0.214 0.235 0.269
0.221 0.235 0.269
0.229 0.235 0.269
* 0.254 0.235 0.269
0.224 0.235 0.269
0.237 0.234 0.267
0.226 0.234 0.267
0.221 0.234 0.267
0.232 0.234 0.267
0.223 0.234 0.267
* 0.238 0.234 0.266
0.224 0.234 0.266
0.231 0.234 0.266
0.229 0.234 0.266
0.231 0.234 0.266
0.230 0.234 0.266
* 0.237 0.234 0.266
0.226 0.234 0.266
0.240 0.235 0.264
0.245 0.235 0.263
0.247 0.235 0.263
0.249 0.236 0.262
0.249 0.236 0.262
0.264 0.236 0.261
0.240 0.236 0.261
0.252 0.237 0.260
0.264 0.237 0.260
0.257 0.237 0.260
0.273 0.237 0.260
0.272 0.237 0.259
0.263 0.237 0.259
0.263 0.237 0.259
0.247 0.237 0.259
0.256 0.237 0.259
0.257 0.237 0.259
0.243 0.237 0.259
0.234 0.237 0.259
0.250 0.236 0.258
0.245 0.236 0.258
0.246 0.236 0.257
0.241 0.236 0.257
0.243 0.236 0.257
0.261 0.236 0.257
0.247 0.236 0.257
