0.260 0.240
0.260 0.240
0.280 0.240
0.272 0.240
0.259 0.240
0.251 0.240
0.170 0.240
0.156 0.240
0.234 0.240
* 0.241 0.240
0.251 0.240
0.290 0.240
x
0.250 0.240
x
0.246 0.240
0.263 0.240
0.269 0.240
0.292 0.240
0.239 0.240
0.256 0.240
0.244 0.240
0.258 0.240
0.271 0.240
0.289 0.240
0.258 0.240
0.289 0.240
0.310 0.240
0.259 0.240
0.250 0.240
0.294 0.240
0.264 0.240
0.240 0.240
0.265 0.240
0.266 0.240
0.273 0.240
0.302 0.240
0.278 0.240
0.248 0.240
0.260 0.240
0.271 0.240
0.252 0.240
0.253 0.240
0.289 0.240
0.263 0.240
0.267 0.240
0.268 0.240
0.228 0.240
0.178 0.240
0.211 0.240
* 0.246 0.240
0.267 0.240
0.252 0.240
0.283 0.240
0.256 0.240
0.246 0.240
0.267 0.240
0.299 0.240
0.276 0.240
0.265 0.240
0.277 0.240
0.281 0.240
0.266 0.240
0.266 0.240
0.284 0.240
0.275 0.240
0.291 0.240
0.256 0.240
0.282 0.240
0.269 0.240
0.268 0.240
0.267 0.240
0.270 0.240
0.285 0.240
0.229 0.240
0.256 0.240
0.251 0.240
0.274 0.240
0.264 0.240
0.240 0.240
0.232 0.240
0.232 0.240
0.242 0.240
0.264 0.240
0.247 0.240
0.228 0.240
0.251 0.240
0.256 0.240
0.261 0.240
0.266 0.240
0.252 0.240
0.270 0.240
0.266 0.240
0.239 0.240
0.251 0.240
0.260 0.240
0.265 0.240
0.275 0.240
0.275 0.240
0.275 0.240
0.284 0.240
0.275 0.240
0.265 0.240
0.266 0.240
0.294 0.240
0.252 0.240
0.256 0.240
0.257 0.240
0.260 0.240
0.271 0.240
0.256 0.240
0.284 0.240
0.252 0.240
0.238 0.240
0.238 0.240
0.257 0.240
0.256 0.240
0.234 0.240
0.255 0.240
0.211 0.240
0.191 0.240
0.239 0.240
0.228 0.240
0.231 0.240
0.220 0.240
0.207 0.240
0.210 0.240
0.219 0.240
* 0.246 0.240
0.256 0.240
0.278 0.240
0.283 0.240
0.284 0.240
0.270 0.240
0.288 0.240
0.288 0.240
0.292 0.240
0.309 0.240
0.347 0.240
0.321 0.240
0.316 0.240
0.325 0.240
0.318 0.240
0.355 0.240
0.321 0.240
0.311 0.240
0.318 0.240
0.331 0.240
0.344 0.240
0.334 0.240
0.308 0.240
0.326 0.240
0.317 0.240
0.328 0.240
0.310 0.240
0.298 0.240
0.322 0.240
0.302 0.240
0.322 0.240
0.313 0.240
0.310 0.240
0.321 0.240
0.211 0.240
0.242 0.240
0.277 0.240
0.281 0.240
0.300 0.240
0.287 0.240
0.304 0.240
0.296 0.240
0.298 0.240
0.271 0.240
0.281 0.240
0.287 0.240
0.276 0.240
0.255 0.240
0.270 0.240
0.242 0.240
0.256 0.240
0.257 0.240
0.256 0.240
0.235 0.240
0.247 0.240
0.251 0.240
0.241 0.240
0.247 0.240
0.232 0.240
0.242 0.240
0.251 0.240
0.247 0.240
0.252 0.240
0.252 0.240
0.253 0.240
0.247 0.240
0.241 0.240
0.257 0.240
0.236 0.240
0.247 0.240
0.231 0.240
0.212 0.240
0.216 0.240
* 0.247 0.240
0.237 0.240
0.237 0.240
0.252 0.240
0.224 0.240
0.247 0.240
0.242 0.240
0.257 0.240
0.257 0.240
0.241 0.240
0.236 0.240
0.257 0.240
0.247 0.240
0.248 0.240
0.242 0.240
0.248 0.240
0.240 0.240
0.235 0.240
0.247 0.240
0.247 0.240
0.262 0.240
0.251 0.240
0.246 0.240
0.261 0.240
0.262 0.240
0.241 0.240
0.222 0.240
0.257 0.240
0.247 0.240
0.262 0.240
0.236 0.240
0.250 0.240
0.250 0.240
0.246 0.240
0.252 0.240
0.246 0.240
0.241 0.240
0.231 0.240
0.210 0.240
0.211 0.240
0.211 0.240
0.216 0.240
0.221 0.240
0.217 0.240
0.205 0.240
0.198 0.240
0.204 0.240
0.207 0.240
0.195 0.240
0.202 0.240
0.202 0.240
0.224 0.240
0.216 0.240
0.216 0.240
0.229 0.240
0.215 0.240
0.211 0.240
0.204 0.240
0.234 0.240
0.204 0.240
0.221 0.240
0.217 0.240
0.203 0.240
0.197 0.240
0.201 0.240
0.237 0.240
0.209 0.240
0.215 0.240
0.203 0.240
0.204 0.240
0.237 0.240
* 0.243 0.240
0.239 0.240
0.207 0.240
0.230 0.240
0.194 0.240
* 0.240 0.240
0.225 0.240
0.238 0.240
0.230 0.240
0.209 0.240
0.211 0.240
0.236 0.240
0.219 0.240
0.215 0.240
0.228 0.240
* 0.273 0.240
0.293 0.240
0.287 0.240
0.298 0.240
0.286 0.240
0.294 0.240
0.303 0.240
0.278 0.240
0.284 0.240
0.287 0.240
0.296 0.240
0.300 0.240
0.311 0.240
0.296 0.240
0.297 0.240
0.287 0.240
0.288 0.240
0.285 0.240
0.289 0.240
0.296 0.240
0.297 0.240
0.277 0.240
0.275 0.240
0.275 0.240
0.280 0.240
0.286 0.240
0.311 0.240
0.284 0.240
0.287 0.240
0.291 0.240
0.304 0.240
0.301 0.240
0.304 0.240
0.305 0.240
0.275 0.240
0.311 0.240
0.279 0.240
0.312 0.240
0.300 0.240
0.285 0.240
0.242 0.240
0.196 0.240
0.242 0.240
0.247 0.240
0.247 0.240
0.266 0.240
0.261 0.240
0.241 0.240
0.237 0.240
0.286 0.240
0.267 0.240
0.256 0.240
0.261 0.240
0.262 0.240
0.276 0.240
0.245 0.240
0.276 0.240
0.285 0.240
0.257 0.240
0.263 0.240
0.264 0.240
0.237 0.240
0.275 0.240
0.236 0.240
0.277 0.240
0.268 0.240
0.271 0.240
0.269 0.240
0.266 0.240
0.280 0.240
0.238 0.240
0.256 0.240
0.251 0.240
0.250 0.240
0.242 0.240
0.243 0.240
0.246 0.240
0.247 0.240
0.243 0.240
0.247 0.240
0.261 0.240
0.239 0.240
0.268 0.240
0.256 0.240
0.230 0.240
0.216 0.240
0.162 0.240
0.217 0.240
0.219 0.240
0.221 0.240
* 0.252 0.240
0.230 0.240
0.281 0.240
0.259 0.240
0.267 0.240
0.245 0.240
0.267 0.240
0.290 0.240
0.288 0.240
0.296 0.240
0.262 0.240
0.252 0.240
0.268 0.240
0.257 0.240
0.261 0.240
0.263 0.240
0.260 0.240
0.236 0.240
0.246 0.240
0.253 0.240
0.257 0.240
0.263 0.240
0.249 0.240
0.261 0.240
0.233 0.240
0.245 0.240
0.260 0.240
0.226 0.240
0.253 0.240
0.256 0.240
0.276 0.240
0.240 0.240
0.266 0.240
0.254 0.240
0.279 0.240
0.206 0.240
0.241 0.240
0.207 0.240
0.223 0.240
0.214 0.240
0.233 0.240
* 0.250 0.240
0.258 0.240
0.255 0.240
0.268 0.240
0.247 0.240
0.236 0.240
0.237 0.240
0.264 0.240
0.245 0.240
0.245 0.240
0.239 0.240
0.234 0.240
0.263 0.240
0.269 0.240
0.257 0.240
0.257 0.240
0.261 0.240
0.257 0.240
0.274 0.240
0.261 0.240
0.239 0.240
0.246 0.240
0.257 0.240
0.258 0.240
0.271 0.240
0.259 0.240
0.272 0.240
0.238 0.240
0.261 0.240
0.272 0.240
0.261 0.240
0.251 0.240
0.268 0.240
0.240 0.240
0.263 0.240
0.258 0.240
0.267 0.240
0.273 0.240
0.261 0.240
0.279 0.240
0.290 0.240
0.274 0.240
0.273 0.240
0.284 0.240
0.263 0.240
0.257 0.240
0.284 0.240
0.261 0.240
0.261 0.240
0.273 0.240
0.272 0.240
0.241 0.240
0.264 0.240
0.273 0.240
0.273 0.240
0.267 0.240
0.281 0.240
0.273 0.240
0.279 0.240
0.273 0.240
0.279 0.240
0.273 0.240
0.267 0.240
0.275 0.240
0.263 0.240
0.259 0.240
0.245 0.240
0.256 0.240
0.264 0.240
0.233 0.240
0.273 0.240
0.272 0.240
0.273 0.240
0.244 0.240
0.272 0.240
0.261 0.240
0.280 0.240
0.279 0.240
0.272 0.240
0.274 0.240
0.281 0.240
0.222 0.240
0.209 0.240
0.217 0.240
0.216 0.240
0.229 0.240
0.228 0.240
0.240 0.240
0.240 0.240
* 0.250 0.240
0.267 0.240
0.245 0.240
0.280 0.240
0.251 0.240
0.268 0.240
0.245 0.240
0.257 0.240
0.274 0.240
0.257 0.240
0.279 0.240
0.246 0.240
0.261 0.240
0.273 0.240
0.263 0.240
0.250 0.240
0.261 0.240
0.246 0.240
0.273 0.240
0.229 0.240
0.244 0.240
0.245 0.240
0.280 0.240
0.293 0.240
0.268 0.240
0.263 0.240
0.261 0.240
0.250 0.240
0.261 0.240
0.280 0.240
0.244 0.240
0.244 0.240
0.240 0.240
0.279 0.240
0.262 0.240
0.250 0.240
0.251 0.240
0.269 0.240
0.233 0.240
0.255 0.240
0.274 0.240
0.245 0.240
0.245 0.240
0.256 0.240
0.255 0.240
0.245 0.240
0.245 0.240
0.240 0.240
0.256 0.240
0.268 0.240
0.256 0.240
0.279 0.240
0.291 0.240
0.278 0.240
0.273 0.240
0.296 0.240
0.297 0.240
0.245 0.240
0.313 0.240
0.313 0.240
0.315 0.240
0.292 0.240
0.307 0.240
0.262 0.240
0.268 0.240
0.291 0.240
0.295 0.240
0.291 0.240
0.284 0.240
0.302 0.240
0.280 0.240
0.273 0.240
0.267 0.240
0.251 0.240
0.274 0.240
0.274 0.240
0.279 0.240
0.245 0.243 0.266
0.273 0.243 0.266
0.267 0.243 0.266
0.256 0.243 0.266
0.274 0.243 0.266
0.280 0.243 0.266
0.256 0.243 0.266
0.279 0.244 0.266
0.284 0.244 0.266
0.279 0.244 0.266
0.245 0.244 0.266
0.292 0.244 0.266
0.292 0.244 0.267
0.292 0.244 0.267
0.284 0.244 0.267
0.268 0.244 0.267
0.264 0.244 0.267
0.262 0.244 0.267
0.262 0.244 0.267
0.240 0.244 0.267
0.294 0.244 0.267
0.279 0.244 0.267
0.279 0.244 0.267
0.280 0.244 0.267
0.296 0.244 0.267
0.280 0.244 0.267
0.267 0.244 0.267
0.276 0.244 0.267
0.280 0.244 0.267
0.274 0.244 0.267
0.292 0.244 0.267
0.311 0.244 0.267
0.287 0.244 0.267
0.285 0.244 0.267
0.291 0.244 0.267
0.286 0.244 0.267
0.277 0.244 0.267
0.264 0.244 0.267
0.280 0.244 0.267
0.268 0.244 0.267
0.287 0.244 0.267
0.286 0.244 0.267
0.287 0.244 0.267
0.287 0.244 0.267
0.315 0.244 0.267
0.322 0.244 0.268
0.187 0.244 0.268
0.211 0.244 0.268
0.228 0.244 0.268
0.240 0.244 0.268
0.228 0.244 0.268
0.222 0.244 0.268
* 0.279 0.244 0.268
0.279 0.245 0.268
0.257 0.245 0.268
0.262 0.245 0.268
0.228 0.245 0.268
0.255 0.244 0.267
0.241 0.244 0.267
0.199 0.244 0.267
0.229 0.244 0.267
0.229 0.244 0.267
0.221 0.244 0.267
0.226 0.244 0.267
0.223 0.244 0.267
0.209 0.244 0.267
0.234 0.244 0.267
* 0.245 0.244 0.267
0.246 0.244 0.267
0.256 0.244 0.267
0.233 0.244 0.267
0.255 0.244 0.267
0.256 0.244 0.267
0.258 0.244 0.267
0.280 0.244 0.267
0.270 0.244 0.267
0.280 0.244 0.267
0.247 0.244 0.267
0.286 0.244 0.267
0.270 0.244 0.267
0.264 0.244 0.267
0.295 0.244 0.267
0.270 0.244 0.267
0.283 0.244 0.267
0.272 0.244 0.267
0.257 0.244 0.267
0.264 0.244 0.267
0.285 0.244 0.267
0.292 0.244 0.267
0.281 0.245 0.268
0.288 0.245 0.268
0.269 0.245 0.268
0.298 0.245 0.268
0.303 0.245 0.268
0.273 0.245 0.268
0.267 0.245 0.268
0.289 0.245 0.268
0.278 0.245 0.268
0.285 0.245 0.268
0.287 0.245 0.268
0.286 0.245 0.268
0.283 0.245 0.268
0.282 0.245 0.268
0.283 0.245 0.268
0.274 0.245 0.268
0.247 0.245 0.268
0.282 0.245 0.268
0.245 0.245 0.268
0.292 0.245 0.268
0.286 0.245 0.268
0.263 0.245 0.268
0.250 0.245 0.268
0.264 0.245 0.268
0.264 0.245 0.268
0.264 0.245 0.268
0.268 0.245 0.268
0.274 0.245 0.268
0.282 0.245 0.268
0.271 0.245 0.268
0.283 0.245 0.268
0.268 0.245 0.268
0.270 0.245 0.268
0.240 0.245 0.268
0.282 0.246 0.269
0.256 0.246 0.269
0.269 0.246 0.269
0.257 0.246 0.269
0.276 0.246 0.269
0.264 0.246 0.269
0.292 0.246 0.269
0.288 0.246 0.269
0.280 0.246 0.269
0.268 0.246 0.269
0.303 0.246 0.269
0.258 0.246 0.269
0.270 0.246 0.269
0.304 0.246 0.269
0.304 0.246 0.269
0.285 0.246 0.268
0.280 0.246 0.268
0.264 0.246 0.268
0.269 0.246 0.268
0.300 0.246 0.268
0.261 0.246 0.268
0.280 0.246 0.268
0.283 0.246 0.268
0.280 0.246 0.268
0.273 0.246 0.268
0.291 0.246 0.267
0.256 0.246 0.267
0.273 0.246 0.267
0.283 0.247 0.267
0.279 0.247 0.267
0.287 0.247 0.267
0.287 0.247 0.267
0.287 0.247 0.267
0.302 0.247 0.267
0.280 0.247 0.267
0.295 0.247 0.267
0.270 0.247 0.267
0.268 0.247 0.267
0.252 0.247 0.267
0.280 0.247 0.267
0.268 0.247 0.267
0.271 0.247 0.267
0.269 0.247 0.267
0.245 0.247 0.267
0.270 0.247 0.267
0.298 0.247 0.267
0.268 0.247 0.267
0.275 0.247 0.267
0.283 0.247 0.267
0.257 0.247 0.266
0.274 0.247 0.266
0.309 0.247 0.267
0.280 0.247 0.267
0.252 0.247 0.267
0.288 0.247 0.267
0.279 0.247 0.267
0.280 0.247 0.267
0.263 0.247 0.267
0.276 0.247 0.267
0.268 0.247 0.267
0.256 0.247 0.267
0.286 0.248 0.267
0.262 0.248 0.267
0.269 0.248 0.267
0.269 0.248 0.267
0.280 0.248 0.267
0.273 0.248 0.267
0.256 0.248 0.267
0.274 0.248 0.267
0.263 0.248 0.267
0.282 0.248 0.267
0.263 0.248 0.267
0.288 0.248 0.268
0.256 0.248 0.268
0.287 0.248 0.268
0.262 0.249 0.268
0.257 0.249 0.268
0.264 0.249 0.268
0.274 0.249 0.268
0.256 0.249 0.268
0.287 0.249 0.268
0.286 0.249 0.268
0.269 0.249 0.268
0.286 0.249 0.268
0.323 0.249 0.268
0.303 0.249 0.268
0.298 0.249 0.269
0.342 0.249 0.269
0.305 0.249 0.269
0.322 0.249 0.269
0.301 0.250 0.269
0.280 0.250 0.269
0.287 0.250 0.269
0.317 0.250 0.269
0.315 0.250 0.270
0.315 0.250 0.270
0.291 0.250 0.270
0.322 0.250 0.270
0.337 0.250 0.270
0.341 0.250 0.270
0.321 0.250 0.270
0.334 0.250 0.271
0.329 0.250 0.271
0.315 0.250 0.271
0.322 0.250 0.271
0.311 0.250 0.271
0.306 0.250 0.271
0.322 0.250 0.271
0.296 0.250 0.271
0.297 0.251 0.272
0.322 0.251 0.272
0.335 0.251 0.272
0.360 0.251 0.272
0.335 0.251 0.272
0.310 0.251 0.272
0.327 0.250 0.272
0.303 0.250 0.272
0.323 0.250 0.273
0.318 0.250 0.273
0.310 0.250 0.273
0.302 0.250 0.273
0.326 0.250 0.273
0.322 0.250 0.273
0.323 0.250 0.273
0.342 0.250 0.273
0.345 0.250 0.273
0.292 0.250 0.273
0.250 0.250 0.273
0.287 0.250 0.273
0.280 0.250 0.273
0.294 0.250 0.273
0.281 0.250 0.273
0.256 0.250 0.273
0.287 0.250 0.273
0.288 0.250 0.273
0.287 0.250 0.273
0.262 0.250 0.273
0.281 0.250 0.273
0.306 0.250 0.273
0.281 0.250 0.273
0.288 0.250 0.273
0.281 0.250 0.273
0.281 0.250 0.273
0.281 0.250 0.273
0.289 0.250 0.273
0.287 0.250 0.273
0.275 0.250 0.273
0.275 0.250 0.273
0.252 0.250 0.272
0.263 0.250 0.272
0.250 0.250 0.272
0.238 0.250 0.272
0.257 0.250 0.272
0.264 0.250 0.272
0.262 0.250 0.272
0.245 0.250 0.272
0.262 0.250 0.272
0.255 0.250 0.272
0.262 0.250 0.272
0.256 0.250 0.272
0.256 0.250 0.272
0.293 0.250 0.272
0.251 0.250 0.272
0.287 0.250 0.272
0.297 0.250 0.273
0.299 0.250 0.273
0.267 0.250 0.273
0.274 0.250 0.273
0.274 0.250 0.273
0.287 0.250 0.273
0.251 0.250 0.273
0.275 0.250 0.273
0.288 0.250 0.273
0.269 0.251 0.273
0.274 0.251 0.273
0.267 0.251 0.273
0.274 0.251 0.273
0.269 0.251 0.273
0.279 0.251 0.273
0.299 0.251 0.273
0.281 0.251 0.273
0.274 0.251 0.273
0.269 0.251 0.273
0.273 0.251 0.273
0.267 0.251 0.273
0.263 0.251 0.273
0.203 0.251 0.273
0.192 0.251 0.273
0.181 0.251 0.273
0.212 0.251 0.273
0.175 0.251 0.273
0.210 0.251 0.273
0.192 0.251 0.273
0.211 0.251 0.273
0.212 0.251 0.273
* 0.264 0.251 0.273
0.306 0.251 0.273
0.285 0.251 0.273
0.279 0.251 0.273
0.310 0.251 0.273
0.287 0.252 0.274
0.310 0.252 0.274
0.297 0.252 0.274
0.264 0.252 0.274
0.264 0.252 0.274
0.252 0.252 0.274
0.263 0.252 0.274
0.244 0.252 0.274
0.250 0.252 0.274
0.279 0.252 0.274
0.287 0.252 0.274
0.262 0.252 0.274
0.263 0.252 0.274
0.253 0.252 0.274
0.259 0.252 0.274
0.275 0.252 0.274
0.241 0.252 0.274
0.253 0.252 0.274
0.257 0.252 0.274
0.241 0.252 0.274
0.253 0.252 0.274
0.234 0.252 0.274
0.265 0.252 0.274
0.273 0.252 0.274
0.233 0.252 0.274
0.251 0.252 0.274
0.273 0.252 0.274
0.262 0.252 0.274
0.234 0.252 0.274
0.244 0.252 0.274
0.280 0.252 0.274
0.276 0.252 0.274
0.258 0.252 0.274
0.281 0.252 0.274
0.280 0.252 0.274
0.241 0.252 0.274
0.236 0.252 0.274
0.229 0.252 0.274
* 0.270 0.252 0.274
0.245 0.252 0.274
0.293 0.252 0.274
0.280 0.252 0.274
0.280 0.252 0.274
0.292 0.252 0.274
0.280 0.253 0.274
0.274 0.253 0.274
0.250 0.253 0.274
0.245 0.253 0.274
0.244 0.253 0.274
* 0.280 0.253 0.274
0.296 0.253 0.274
0.268 0.253 0.274
0.299 0.253 0.274
0.256 0.253 0.275
0.250 0.253 0.275
0.273 0.253 0.275
0.251 0.253 0.275
0.282 0.253 0.275
0.275 0.253 0.275
0.263 0.253 0.275
0.301 0.254 0.275
0.302 0.254 0.275
0.261 0.254 0.275
0.277 0.254 0.275
0.275 0.254 0.275
0.264 0.254 0.275
0.303 0.254 0.275
0.270 0.254 0.275
0.269 0.254 0.275
0.232 0.254 0.275
0.273 0.254 0.275
0.274 0.254 0.275
0.269 0.254 0.275
0.281 0.254 0.275
0.280 0.254 0.275
0.280 0.254 0.275
0.244 0.254 0.275
0.245 0.254 0.275
0.279 0.254 0.275
0.280 0.254 0.275
0.238 0.254 0.275
0.268 0.254 0.275
0.287 0.254 0.275
0.258 0.254 0.275
0.256 0.254 0.275
0.273 0.254 0.275
0.279 0.254 0.275
0.267 0.254 0.275
0.275 0.254 0.275
0.250 0.254 0.275
0.286 0.254 0.275
0.247 0.254 0.275
0.244 0.254 0.275
0.245 0.254 0.275
0.239 0.254 0.275
0.239 0.254 0.275
0.226 0.254 0.275
0.237 0.254 0.275
0.223 0.254 0.275
0.207 0.254 0.275
0.208 0.254 0.275
0.202 0.254 0.275
0.195 0.254 0.275
0.234 0.254 0.275
0.221 0.254 0.275
0.198 0.254 0.275
0.221 0.254 0.275
0.221 0.254 0.275
* 0.258 0.254 0.275
0.275 0.254 0.275
0.246 0.254 0.275
0.280 0.254 0.275
0.286 0.254 0.275
0.269 0.254 0.275
0.240 0.254 0.275
0.250 0.254 0.275
0.279 0.254 0.275
0.244 0.254 0.275
0.286 0.254 0.275
0.275 0.254 0.275
0.279 0.254 0.275
0.294 0.254 0.275
0.280 0.254 0.275
0.257 0.254 0.275
0.281 0.254 0.275
0.292 0.254 0.275
0.280 0.254 0.275
0.291 0.254 0.275
0.281 0.254 0.275
0.283 0.254 0.276
0.280 0.254 0.276
0.303 0.254 0.276
0.333 0.254 0.276
0.290 0.254 0.276
0.316 0.254 0.276
0.342 0.254 0.276
0.321 0.254 0.276
0.280 0.255 0.276
0.322 0.255 0.276
0.290 0.255 0.276
0.286 0.255 0.277
0.302 0.255 0.277
0.290 0.255 0.277
0.293 0.255 0.277
0.238 0.255 0.277
0.206 0.255 0.277
0.226 0.255 0.277
0.209 0.255 0.277
* 0.257 0.255 0.277
0.187 0.255 0.277
0.180 0.255 0.277
0.191 0.255 0.277
0.191 0.255 0.277
0.234 0.255 0.277
0.187 0.255 0.277
0.178 0.255 0.277
0.227 0.255 0.277
0.212 0.255 0.277
0.178 0.255 0.277
0.217 0.255 0.277
0.178 0.255 0.277
0.231 0.255 0.277
0.216 0.255 0.277
0.163 0.255 0.277
0.231 0.255 0.277
0.191 0.255 0.277
0.180 0.255 0.277
0.178 0.255 0.277
0.167 0.255 0.277
0.181 0.255 0.277
0.168 0.255 0.277
0.183 0.255 0.277
0.182 0.255 0.277
0.173 0.255 0.277
0.233 0.255 0.277
0.153 0.255 0.277
0.186 0.255 0.277
0.171 0.255 0.277
0.171 0.255 0.277
0.170 0.255 0.277
0.170 0.255 0.277
0.148 0.255 0.277
0.185 0.255 0.277
0.166 0.255 0.277
0.172 0.255 0.277
0.163 0.255 0.277
0.175 0.255 0.277
0.189 0.255 0.277
0.216 0.255 0.277
0.237 0.255 0.277
0.220 0.255 0.277
x
0.223 0.255 0.277
0.218 0.255 0.277
0.221 0.255 0.277
0.232 0.255 0.277
0.198 0.255 0.277
* 0.265 0.255 0.277
0.266 0.255 0.277
0.254 0.255 0.277
0.286 0.255 0.277
0.307 0.255 0.277
0.311 0.255 0.277
0.272 0.255 0.277
0.290 0.255 0.277
0.280 0.255 0.277
0.298 0.255 0.277
0.304 0.255 0.277
0.291 0.255 0.277
0.282 0.255 0.277
0.272 0.255 0.277
0.302 0.255 0.277
0.308 0.255 0.277
0.290 0.256 0.277
0.292 0.256 0.278
0.301 0.256 0.278
0.313 0.256 0.278
0.305 0.256 0.278
0.313 0.256 0.278
0.318 0.256 0.278
0.311 0.256 0.278
0.304 0.256 0.278
0.321 0.256 0.278
0.290 0.256 0.278
0.296 0.256 0.278
0.259 0.256 0.278
0.273 0.256 0.279
0.284 0.257 0.279
0.306 0.257 0.279
0.311 0.257 0.279
0.311 0.257 0.279
0.309 0.257 0.279
0.304 0.257 0.279
0.271 0.257 0.279
0.250 0.257 0.279
0.267 0.257 0.279
0.273 0.257 0.279
0.275 0.257 0.279
0.265 0.257 0.279
0.272 0.257 0.279
0.264 0.257 0.279
0.273 0.258 0.279
0.265 0.258 0.279
0.284 0.258 0.279
0.257 0.258 0.279
0.256 0.258 0.279
0.257 0.258 0.279
* 0.282 0.258 0.279
0.269 0.258 0.280
0.294 0.258 0.280
0.286 0.258 0.280
0.276 0.258 0.280
0.286 0.258 0.280
0.286 0.258 0.280
0.288 0.258 0.280
0.287 0.258 0.280
0.281 0.258 0.280
0.298 0.258 0.280
0.302 0.258 0.280
0.284 0.258 0.280
0.291 0.258 0.280
0.295 0.258 0.280
0.279 0.258 0.280
0.306 0.258 0.280
0.282 0.258 0.280
0.286 0.258 0.280
0.295 0.259 0.280
0.296 0.259 0.280
0.318 0.258 0.280
0.301 0.259 0.280
0.300 0.259 0.280
0.302 0.259 0.280
0.286 0.259 0.280
0.281 0.259 0.280
0.280 0.259 0.280
0.269 0.237 0.280
0.278 0.237 0.280
0.221 0.237 0.280
0.193 0.237 0.280
0.190 0.237 0.280
0.216 0.237 0.280
0.195 0.237 0.280
0.203 0.237 0.280
0.241 0.259 0.280
* 0.261 0.258 0.280
0.291 0.237 0.280
0.284 0.237 0.280
0.280 0.237 0.280
0.278 0.237 0.280
0.256 0.237 0.280
0.274 0.237 0.280
0.285 0.237 0.280
0.273 0.237 0.280
0.284 0.237 0.280
0.277 0.237 0.280
0.251 0.237 0.280
0.269 0.237 0.280
0.287 0.237 0.280
0.258 0.259 0.280
0.246 0.259 0.280
0.243 0.259 0.280
* 0.277 0.258 0.280
0.274 0.258 0.280
0.269 0.258 0.280
0.261 0.259 0.280
0.261 0.259 0.280
0.273 0.259 0.280
0.251 0.259 0.280
0.281 0.258 0.280
0.261 0.258 0.280
0.261 0.258 0.280
0.255 0.258 0.280
0.260 0.258 0.280
0.251 0.258 0.280
0.269 0.258 0.280
0.269 0.258 0.280
0.264 0.258 0.279
0.287 0.258 0.279
0.277 0.258 0.279
0.264 0.258 0.279
0.247 0.258 0.279
0.265 0.258 0.279
0.255 0.258 0.279
0.243 0.258 0.279
0.242 0.258 0.279
0.255 0.258 0.279
* 0.286 0.258 0.279
0.255 0.258 0.279
0.259 0.258 0.279
0.251 0.258 0.279
0.188 0.258 0.279
0.238 0.258 0.279
0.233 0.258 0.279
0.232 0.258 0.279
0.255 0.258 0.279
0.246 0.258 0.279
0.226 0.258 0.279
0.250 0.258 0.279
* 0.278 0.258 0.279
0.282 0.258 0.279
0.281 0.258 0.279
0.252 0.258 0.279
0.250 0.258 0.279
0.242 0.258 0.279
0.242 0.258 0.279
0.247 0.258 0.279
0.251 0.258 0.279
0.251 0.258 0.279
0.247 0.258 0.279
0.246 0.258 0.279
0.251 0.258 0.279
0.242 0.258 0.279
0.229 0.258 0.279
0.219 0.258 0.279
0.242 0.258 0.279
0.237 0.258 0.279
0.256 0.258 0.279
0.236 0.258 0.279
0.255 0.258 0.279
* 0.259 0.258 0.279
0.228 0.258 0.279
0.244 0.258 0.279
0.216 0.258 0.279
0.256 0.258 0.279
0.219 0.258 0.279
0.237 0.258 0.279
0.255 0.258 0.279
0.251 0.258 0.279
* 0.263 0.258 0.279
0.244 0.258 0.279
0.251 0.258 0.279
0.252 0.258 0.279
0.246 0.258 0.279
0.209 0.258 0.279
0.217 0.258 0.279
* 0.278 0.258 0.279
0.248 0.258 0.279
0.262 0.257 0.279
0.247 0.257 0.279
0.247 0.257 0.279
0.247 0.257 0.279
0.255 0.257 0.279
* 0.267 0.257 0.279
0.263 0.257 0.279
0.283 0.258 0.279
0.259 0.258 0.279
0.271 0.258 0.279
0.267 0.258 0.279
0.271 0.258 0.279
0.263 0.258 0.279
0.247 0.258 0.279
0.251 0.258 0.279
0.232 0.258 0.279
0.247 0.258 0.279
* 0.267 0.258 0.279
0.258 0.258 0.279
0.247 0.258 0.279
0.278 0.258 0.279
0.287 0.258 0.279
0.259 0.258 0.279
0.262 0.258 0.279
0.249 0.258 0.279
0.256 0.258 0.279
0.251 0.258 0.279
0.251 0.258 0.279
0.251 0.258 0.279
* 0.266 0.258 0.279
0.210 0.258 0.279
0.236 0.258 0.279
0.222 0.258 0.279
0.243 0.258 0.279
* 0.260 0.258 0.279
0.246 0.258 0.279
0.244 0.258 0.279
0.249 0.258 0.279
0.238 0.258 0.279
0.238 0.258 0.279
0.243 0.258 0.279
0.255 0.258 0.279
0.236 0.258 0.279
0.244 0.258 0.279
0.243 0.258 0.279
0.239 0.258 0.279
* 0.258 0.258 0.279
0.251 0.258 0.279
0.253 0.258 0.279
0.247 0.258 0.279
* 0.270 0.258 0.279
0.260 0.258 0.279
0.247 0.258 0.279
0.273 0.258 0.279
0.251 0.258 0.279
0.247 0.258 0.279
0.252 0.258 0.279
0.254 0.258 0.279
0.258 0.258 0.279
0.236 0.258 0.279
* 0.262 0.258 0.279
0.239 0.258 0.279
0.258 0.258 0.279
0.245 0.258 0.279
0.263 0.257 0.279
0.272 0.257 0.279
0.283 0.257 0.279
0.259 0.257 0.279
0.263 0.257 0.279
0.225 0.257 0.279
0.228 0.257 0.279
0.252 0.257 0.279
0.239 0.257 0.279
0.254 0.257 0.279
0.229 0.257 0.279
0.247 0.257 0.279
0.236 0.257 0.279
0.243 0.257 0.279
0.239 0.257 0.279
0.257 0.257 0.279
* 0.262 0.257 0.279
0.256 0.257 0.279
0.252 0.257 0.279
0.242 0.257 0.279
0.248 0.257 0.279
0.247 0.257 0.279
0.240 0.257 0.279
0.234 0.257 0.279
0.225 0.257 0.279
0.233 0.257 0.279
0.235 0.257 0.279
0.246 0.257 0.279
0.223 0.257 0.279
0.232 0.257 0.279
0.250 0.257 0.279
0.231 0.257 0.279
* 0.258 0.257 0.279
0.247 0.257 0.279
0.262 0.257 0.278
0.236 0.257 0.278
0.231 0.257 0.278
0.247 0.257 0.278
0.246 0.257 0.278
0.238 0.257 0.278
0.231 0.257 0.278
0.248 0.257 0.278
* 0.262 0.257 0.278
0.259 0.257 0.278
0.230 0.257 0.278
0.232 0.257 0.278
0.267 0.256 0.278
0.235 0.256 0.278
0.237 0.256 0.278
0.250 0.256 0.278
0.240 0.256 0.278
0.250 0.256 0.278
* 0.271 0.256 0.278
0.267 0.256 0.278
0.234 0.256 0.278
0.235 0.256 0.278
0.239 0.256 0.278
0.254 0.256 0.278
0.251 0.256 0.278
0.243 0.256 0.278
0.255 0.256 0.278
* 0.263 0.257 0.278
0.226 0.257 0.278
0.250 0.257 0.278
0.257 0.257 0.278
0.251 0.257 0.278
0.256 0.257 0.278
0.239 0.257 0.278
0.239 0.257 0.278
0.255 0.257 0.278
0.232 0.257 0.278
0.230 0.257 0.278
0.238 0.257 0.278
* 0.263 0.256 0.278
0.247 0.256 0.278
0.210 0.256 0.278
0.239 0.256 0.278
0.255 0.256 0.278
0.247 0.256 0.278
0.246 0.256 0.278
0.196 0.256 0.278
0.231 0.256 0.278
0.251 0.256 0.278
0.231 0.256 0.278
* 0.272 0.257 0.278
0.256 0.257 0.278
0.255 0.257 0.278
0.280 0.256 0.278
0.247 0.256 0.278
0.235 0.256 0.278
0.235 0.256 0.278
0.233 0.256 0.278
0.239 0.256 0.278
* 0.264 0.256 0.278
0.235 0.256 0.278
0.230 0.256 0.278
0.251 0.256 0.278
0.251 0.256 0.278
0.255 0.256 0.278
* 0.260 0.256 0.278
0.255 0.256 0.278
0.235 0.256 0.278
0.212 0.256 0.278
* 0.270 0.256 0.278
0.294 0.257 0.278
0.243 0.257 0.278
0.243 0.257 0.278
0.267 0.256 0.278
0.259 0.256 0.278
0.262 0.256 0.278
0.251 0.256 0.278
0.296 0.256 0.278
0.285 0.256 0.278
0.267 0.256 0.278
0.263 0.256 0.278
0.259 0.256 0.278
0.314 0.256 0.278
0.296 0.256 0.278
0.200 0.256 0.278
0.224 0.256 0.278
0.217 0.256 0.278
0.232 0.256 0.278
0.208 0.256 0.278
0.212 0.256 0.278
* 0.271 0.256 0.278
0.229 0.256 0.278
0.259 0.256 0.278
0.255 0.256 0.278
0.265 0.256 0.278
0.239 0.256 0.278
0.278 0.256 0.278
0.276 0.256 0.278
0.278 0.256 0.278
0.265 0.256 0.278
0.271 0.256 0.278
0.259 0.256 0.278
0.264 0.256 0.278
0.284 0.256 0.278
0.283 0.256 0.278
0.285 0.256 0.278
0.263 0.256 0.278
0.287 0.256 0.278
0.283 0.256 0.278
0.267 0.256 0.278
0.276 0.256 0.278
0.261 0.256 0.278
0.269 0.256 0.278
0.269 0.256 0.278
0.256 0.256 0.278
0.282 0.256 0.278
0.295 0.256 0.278
0.296 0.256 0.278
0.268 0.256 0.278
0.297 0.256 0.278
0.279 0.256 0.278
0.287 0.256 0.278
0.289 0.256 0.278
0.293 0.256 0.278
0.310 0.256 0.278
0.270 0.256 0.278
0.286 0.256 0.278
0.287 0.256 0.278
0.294 0.256 0.278
0.297 0.256 0.278
0.288 0.256 0.278
0.293 0.256 0.278
0.293 0.256 0.278
0.282 0.256 0.278
0.276 0.256 0.278
0.298 0.256 0.278
0.279 0.256 0.278
0.299 0.256 0.278
0.285 0.256 0.278
0.279 0.256 0.278
0.270 0.256 0.278
0.299 0.256 0.278
0.302 0.256 0.278
0.262 0.256 0.278
0.243 0.256 0.278
0.282 0.256 0.278
0.295 0.256 0.278
0.260 0.256 0.278
0.256 0.256 0.278
0.292 0.256 0.278
0.292 0.256 0.278
0.294 0.256 0.278
0.275 0.256 0.278
0.272 0.256 0.278
0.267 0.256 0.278
0.262 0.256 0.278
0.302 0.256 0.278
0.264 0.256 0.278
0.294 0.256 0.278
0.281 0.256 0.278
0.268 0.256 0.278
0.275 0.257 0.278
0.273 0.257 0.278
0.299 0.257 0.279
0.265 0.257 0.279
0.299 0.257 0.279
0.300 0.257 0.279
0.306 0.257 0.279
0.311 0.257 0.279
0.322 0.257 0.279
0.313 0.257 0.279
0.275 0.257 0.279
0.274 0.257 0.279
0.293 0.257 0.279
0.314 0.257 0.279
0.274 0.257 0.278
0.309 0.257 0.279
0.290 0.257 0.279
0.282 0.257 0.278
0.266 0.257 0.278
0.223 0.257 0.278
0.303 0.256 0.278
0.299 0.256 0.278
0.282 0.256 0.278
0.289 0.257 0.278
0.237 0.257 0.278
0.286 0.256 0.278
0.230 0.256 0.278
0.233 0.256 0.278
0.270 0.256 0.277
0.271 0.256 0.277
0.259 0.256 0.277
0.235 0.256 0.277
0.306 0.256 0.277
0.254 0.256 0.277
0.248 0.256 0.277
0.270 0.256 0.277
0.317 0.256 0.276
0.318 0.256 0.276
0.270 0.256 0.276
0.280 0.256 0.276
0.278 0.256 0.276
0.288 0.256 0.276
0.273 0.256 0.276
0.279 0.256 0.276
0.264 0.256 0.276
0.243 0.256 0.276
0.254 0.256 0.276
0.254 0.256 0.276
* 0.288 0.256 0.276
0.290 0.256 0.276
0.282 0.256 0.276
0.301 0.256 0.276
0.273 0.256 0.275
0.299 0.256 0.275
0.296 0.256 0.276
0.326 0.256 0.276
0.299 0.256 0.276
0.286 0.256 0.276
0.239 0.256 0.276
0.248 0.256 0.276
0.266 0.256 0.275
0.275 0.256 0.275
0.266 0.256 0.275
0.302 0.256 0.275
0.259 0.256 0.275
0.296 0.256 0.275
0.318 0.256 0.276
0.290 0.256 0.276
0.263 0.256 0.275
0.214 0.256 0.275
0.217 0.256 0.275
0.204 0.256 0.275
0.206 0.256 0.275
0.210 0.256 0.275
0.222 0.256 0.275
0.188 0.256 0.275
0.232 0.256 0.275
* 0.269 0.256 0.275
0.281 0.256 0.275
0.282 0.256 0.275
0.269 0.256 0.275
0.286 0.256 0.275
0.274 0.256 0.275
0.253 0.256 0.275
0.262 0.256 0.275
0.259 0.256 0.275
0.248 0.256 0.275
0.276 0.256 0.275
0.289 0.256 0.276
0.284 0.256 0.276
0.264 0.256 0.276
0.264 0.256 0.276
0.273 0.256 0.276
0.288 0.256 0.276
0.291 0.256 0.276
0.276 0.256 0.276
0.269 0.256 0.276
0.277 0.256 0.276
0.269 0.256 0.276
0.274 0.256 0.276
0.270 0.256 0.276
0.296 0.256 0.276
0.260 0.256 0.276
0.269 0.256 0.276
0.267 0.256 0.276
0.245 0.256 0.276
0.226 0.256 0.276
0.233 0.256 0.276
* 0.257 0.256 0.276
0.260 0.256 0.276
0.247 0.256 0.276
0.204 0.256 0.276
0.203 0.256 0.276
0.221 0.256 0.276
0.237 0.256 0.276
0.247 0.256 0.276
* 0.258 0.256 0.276
0.262 0.256 0.276
0.261 0.256 0.276
0.276 0.256 0.276
0.267 0.256 0.276
0.258 0.256 0.276
0.273 0.256 0.276
0.261 0.256 0.275
0.273 0.256 0.275
0.275 0.256 0.275
0.290 0.256 0.275
0.275 0.256 0.275
0.266 0.256 0.275
0.283 0.256 0.276
0.234 0.256 0.276
0.267 0.256 0.275
0.269 0.256 0.275
0.271 0.256 0.275
0.292 0.256 0.275
0.271 0.256 0.275
0.275 0.256 0.275
0.256 0.256 0.275
0.255 0.256 0.275
0.269 0.256 0.275
0.276 0.256 0.275
0.263 0.256 0.275
0.269 0.256 0.275
0.261 0.256 0.275
0.241 0.256 0.275
0.251 0.256 0.275
0.255 0.256 0.275
* 0.290 0.256 0.275
0.261 0.256 0.275
0.261 0.256 0.275
0.296 0.256 0.275
0.251 0.256 0.275
0.206 0.256 0.275
0.245 0.256 0.275
0.230 0.256 0.275
0.240 0.256 0.275
0.203 0.256 0.275
* 0.260 0.256 0.275
0.257 0.256 0.275
0.244 0.256 0.275
0.248 0.256 0.275
0.240 0.256 0.275
0.237 0.256 0.275
* 0.273 0.256 0.275
0.273 0.256 0.275
0.244 0.256 0.275
0.286 0.256 0.275
0.261 0.256 0.275
0.273 0.256 0.275
0.253 0.256 0.275
0.269 0.256 0.275
0.268 0.256 0.275
0.264 0.257 0.276
0.270 0.257 0.276
0.270 0.257 0.276
0.273 0.257 0.276
0.274 0.257 0.276
0.249 0.257 0.276
0.284 0.257 0.276
0.287 0.257 0.276
0.246 0.257 0.276
0.268 0.257 0.276
0.268 0.257 0.276
0.244 0.257 0.276
0.263 0.257 0.276
0.286 0.257 0.276
0.265 0.257 0.276
0.255 0.257 0.276
0.249 0.257 0.276
0.249 0.257 0.276
0.222 0.257 0.276
0.228 0.257 0.276
0.228 0.257 0.276
0.220 0.257 0.276
0.257 0.257 0.276
0.223 0.257 0.276
0.243 0.257 0.276
0.251 0.257 0.276
0.217 0.257 0.276
0.240 0.257 0.276
0.255 0.257 0.276
0.230 0.257 0.276
0.195 0.257 0.276
0.203 0.257 0.276
0.221 0.257 0.276
0.246 0.257 0.276
0.239 0.257 0.276
0.256 0.257 0.276
0.225 0.257 0.276
0.197 0.257 0.276
0.213 0.257 0.276
0.224 0.257 0.276
0.222 0.257 0.276
0.221 0.257 0.276
0.225 0.257 0.276
0.253 0.257 0.276
0.225 0.257 0.276
0.231 0.257 0.276
0.241 0.257 0.276
0.246 0.257 0.276
* 0.276 0.257 0.276
0.249 0.257 0.276
0.250 0.257 0.276
0.243 0.257 0.276
0.225 0.257 0.276
0.224 0.257 0.276
0.250 0.257 0.276
0.241 0.257 0.276
* 0.258 0.257 0.276
0.236 0.257 0.276
0.265 0.256 0.275
0.239 0.256 0.275
0.253 0.256 0.275
0.232 0.256 0.275
0.249 0.256 0.275
0.235 0.256 0.275
* 0.257 0.256 0.275
0.225 0.256 0.275
0.233 0.256 0.275
0.245 0.256 0.275
* 0.262 0.256 0.275
0.261 0.256 0.275
0.253 0.256 0.275
0.245 0.256 0.275
0.233 0.256 0.275
0.239 0.256 0.275
0.241 0.256 0.275
* 0.258 0.256 0.275
0.260 0.256 0.275
0.281 0.256 0.275
0.267 0.256 0.275
0.216 0.256 0.275
0.261 0.256 0.275
0.218 0.256 0.275
0.220 0.256 0.275
0.223 0.256 0.275
0.233 0.256 0.275
0.228 0.256 0.275
0.237 0.256 0.275
0.228 0.256 0.275
0.221 0.256 0.275
0.226 0.256 0.275
0.229 0.256 0.275
0.230 0.256 0.275
0.229 0.256 0.275
0.213 0.256 0.275
0.251 0.256 0.275
0.249 0.256 0.275
* 0.257 0.256 0.275
0.235 0.256 0.275
0.261 0.256 0.275
0.240 0.256 0.275
0.268 0.256 0.275
0.260 0.256 0.275
0.276 0.256 0.275
0.251 0.256 0.275
0.254 0.256 0.275
0.261 0.256 0.275
0.241 0.256 0.275
0.238 0.256 0.275
0.248 0.256 0.275
0.247 0.256 0.275
0.225 0.256 0.275
0.243 0.256 0.275
0.251 0.256 0.275
0.230 0.256 0.275
0.213 0.256 0.275
0.219 0.256 0.275
0.226 0.256 0.275
0.216 0.256 0.275
0.213 0.256 0.275
0.245 0.256 0.275
0.225 0.256 0.275
0.233 0.256 0.275
0.253 0.256 0.275
0.247 0.256 0.275
0.218 0.256 0.275
0.234 0.256 0.275
0.236 0.256 0.275
0.238 0.256 0.275
0.228 0.256 0.275
0.217 0.256 0.275
0.222 0.256 0.275
* 0.259 0.255 0.275
0.245 0.255 0.275
0.217 0.255 0.275
0.215 0.255 0.275
0.225 0.255 0.275
0.219 0.255 0.275
0.243 0.255 0.275
0.233 0.255 0.275
* 0.256 0.256 0.275
0.224 0.256 0.275
0.245 0.256 0.275
0.230 0.256 0.275
0.234 0.256 0.275
0.226 0.256 0.275
0.242 0.256 0.275
0.244 0.256 0.275
* 0.307 0.256 0.275
0.254 0.256 0.275
0.278 0.256 0.275
0.261 0.256 0.275
0.269 0.256 0.275
0.271 0.255 0.275
0.273 0.256 0.275
0.274 0.256 0.275
0.297 0.256 0.275
0.297 0.256 0.275
0.282 0.256 0.275
0.252 0.256 0.275
0.266 0.256 0.275
0.247 0.256 0.275
0.223 0.256 0.275
0.246 0.256 0.275
* 0.258 0.256 0.275
0.226 0.256 0.275
0.198 0.256 0.275
0.290 0.255 0.275
0.215 0.255 0.275
0.238 0.255 0.275
0.243 0.255 0.275
0.239 0.255 0.275
* 0.272 0.255 0.275
0.246 0.255 0.275
0.232 0.255 0.275
0.252 0.255 0.275
* 0.305 0.255 0.275
0.272 0.255 0.275
0.266 0.255 0.275
0.265 0.255 0.275
0.264 0.255 0.275
0.259 0.255 0.275
0.242 0.255 0.275
0.267 0.255 0.275
0.232 0.255 0.275
0.266 0.255 0.275
0.257 0.255 0.275
0.265 0.255 0.275
0.247 0.255 0.275
0.265 0.255 0.275
0.298 0.255 0.275
0.266 0.255 0.275
0.273 0.255 0.275
0.267 0.255 0.275
0.278 0.255 0.275
0.266 0.255 0.275
0.293 0.255 0.275
0.266 0.255 0.275
0.220 0.255 0.275
0.226 0.255 0.275
0.272 0.254 0.274
0.241 0.254 0.274
0.279 0.254 0.274
0.278 0.254 0.274
0.271 0.254 0.274
0.267 0.254 0.274
0.301 0.254 0.274
0.283 0.254 0.274
0.289 0.254 0.274
0.266 0.255 0.274
0.272 0.254 0.274
0.271 0.254 0.274
0.279 0.254 0.274
0.311 0.254 0.274
0.297 0.254 0.274
0.309 0.254 0.274
0.285 0.255 0.274
0.316 0.255 0.274
0.305 0.255 0.274
0.309 0.255 0.274
0.298 0.255 0.274
0.284 0.255 0.274
0.274 0.255 0.274
0.313 0.255 0.274
0.317 0.255 0.274
0.303 0.255 0.274
0.297 0.255 0.274
0.318 0.255 0.274
0.296 0.255 0.274
0.302 0.255 0.274
0.316 0.255 0.274
0.312 0.255 0.274
0.318 0.255 0.274
0.306 0.255 0.274
0.317 0.254 0.274
0.310 0.254 0.274
0.271 0.254 0.274
0.305 0.254 0.274
0.318 0.254 0.274
0.293 0.255 0.274
0.302 0.255 0.274
0.302 0.255 0.274
0.301 0.255 0.274
0.277 0.255 0.274
0.302 0.255 0.274
0.292 0.255 0.274
0.303 0.255 0.274
0.282 0.255 0.274
0.276 0.255 0.274
0.289 0.255 0.274
0.302 0.255 0.274
0.288 0.255 0.274
0.290 0.255 0.274
0.308 0.255 0.274
0.289 0.255 0.274
0.289 0.255 0.274
0.296 0.255 0.274
0.277 0.255 0.274
0.312 0.255 0.274
0.304 0.255 0.275
0.278 0.255 0.275
0.305 0.255 0.275
0.296 0.255 0.275
0.309 0.255 0.275
0.295 0.255 0.275
0.291 0.255 0.275
0.310 0.255 0.275
0.316 0.255 0.275
0.310 0.255 0.275
0.289 0.255 0.275
0.277 0.255 0.275
0.256 0.255 0.275
0.277 0.255 0.275
0.258 0.255 0.275
0.270 0.255 0.275
0.276 0.255 0.275
0.265 0.255 0.275
0.271 0.255 0.275
0.276 0.255 0.275
0.264 0.255 0.274
0.270 0.255 0.274
0.278 0.255 0.274
0.279 0.255 0.274
0.258 0.255 0.274
0.273 0.255 0.274
0.274 0.255 0.274
0.273 0.255 0.274
0.263 0.254 0.274
0.304 0.254 0.274
0.265 0.254 0.274
0.245 0.254 0.274
0.236 0.254 0.274
0.253 0.254 0.274
0.245 0.254 0.274
* 0.263 0.254 0.274
0.245 0.254 0.274
0.240 0.254 0.274
0.251 0.254 0.274
* 0.256 0.254 0.274
0.256 0.254 0.274
0.267 0.254 0.274
0.268 0.254 0.274
0.250 0.254 0.274
0.256 0.254 0.274
0.274 0.254 0.274
0.277 0.254 0.274
0.306 0.254 0.274
0.293 0.254 0.274
0.286 0.254 0.274
0.280 0.254 0.274
0.265 0.254 0.274
0.275 0.254 0.274
0.255 0.254 0.274
0.291 0.254 0.274
0.272 0.254 0.274
0.255 0.254 0.274
0.272 0.254 0.274
0.264 0.254 0.274
0.281 0.255 0.274
0.272 0.254 0.274
0.254 0.254 0.274
0.238 0.254 0.274
0.301 0.254 0.274
0.263 0.254 0.274
0.280 0.254 0.274
0.267 0.254 0.274
0.305 0.254 0.274
0.268 0.254 0.274
0.268 0.255 0.274
0.243 0.255 0.274
0.252 0.255 0.274
0.268 0.254 0.274
0.247 0.254 0.274
0.259 0.254 0.274
0.247 0.254 0.274
0.265 0.254 0.274
0.275 0.254 0.274
0.282 0.254 0.274
0.220 0.254 0.274
0.279 0.254 0.274
0.251 0.254 0.274
0.273 0.254 0.274
0.265 0.254 0.274
0.256 0.254 0.274
0.251 0.254 0.274
0.257 0.254 0.274
0.257 0.254 0.274
0.256 0.254 0.274
0.255 0.254 0.274
0.265 0.254 0.274
0.251 0.254 0.274
0.250 0.254 0.274
0.254 0.254 0.274
0.251 0.254 0.274
0.254 0.254 0.274
0.229 0.254 0.274
0.242 0.254 0.274
0.260 0.253 0.274
0.237 0.253 0.274
0.224 0.253 0.274
0.251 0.253 0.274
0.224 0.253 0.274
0.216 0.253 0.274
0.220 0.253 0.274
0.242 0.253 0.274
0.220 0.253 0.274
0.219 0.253 0.274
0.225 0.253 0.274
0.224 0.253 0.274
0.224 0.253 0.274
0.203 0.253 0.274
0.220 0.253 0.274
0.215 0.253 0.274
0.228 0.253 0.274
0.237 0.253 0.274
0.220 0.253 0.274
0.216 0.253 0.274
0.228 0.253 0.274
0.219 0.253 0.274
0.237 0.253 0.274
0.234 0.253 0.274
0.228 0.253 0.274
0.219 0.253 0.274
0.224 0.253 0.274
0.219 0.253 0.274
0.247 0.253 0.274
0.251 0.253 0.274
0.233 0.253 0.274
0.229 0.253 0.274
0.238 0.253 0.274
0.247 0.253 0.274
0.250 0.253 0.274
0.246 0.253 0.274
* 0.260 0.253 0.274
0.252 0.253 0.274
0.247 0.253 0.274
0.273 0.253 0.274
0.261 0.253 0.273
0.263 0.253 0.273
0.237 0.253 0.273
0.255 0.253 0.273
0.250 0.253 0.273
0.291 0.253 0.273
0.241 0.253 0.273
0.246 0.253 0.273
0.264 0.253 0.273
0.246 0.253 0.273
0.255 0.253 0.273
0.229 0.253 0.273
0.263 0.253 0.273
0.265 0.253 0.273
0.256 0.253 0.273
0.264 0.253 0.273
0.255 0.253 0.273
