0.276 0.240
0.278 0.240
0.266 0.240
0.269 0.240
0.251 0.240
0.238 0.240
0.147 0.240
0.166 0.240
0.214 0.240
0.237 0.240
* 0.254 0.240
0.246 0.240
x
0.263 0.240
x
0.248 0.240
0.251 0.240
0.262 0.240
0.269 0.240
0.274 0.240
0.268 0.240
0.270 0.240
0.264 0.240
0.248 0.240
0.268 0.240
0.258 0.240
0.276 0.240
0.269 0.240
0.271 0.240
0.246 0.240
0.276 0.240
0.273 0.240
0.277 0.240
0.257 0.240
0.267 0.240
0.249 0.240
0.254 0.240
0.272 0.240
0.252 0.240
0.278 0.240
0.260 0.240
0.281 0.240
0.264 0.240
0.262 0.240
0.266 0.240
0.275 0.240
0.273 0.240
0.229 0.240
0.147 0.240
0.219 0.240
* 0.241 0.240
0.264 0.240
0.260 0.240
0.270 0.240
0.273 0.240
0.259 0.240
0.262 0.240
0.268 0.240
0.265 0.240
0.277 0.240
0.266 0.240
0.265 0.240
0.269 0.240
0.277 0.240
0.283 0.240
0.261 0.240
0.284 0.240
0.281 0.240
0.283 0.240
0.276 0.240
0.253 0.240
0.265 0.240
0.262 0.240
0.255 0.240
0.263 0.240
0.254 0.240
0.261 0.240
0.248 0.240
0.263 0.240
0.263 0.240
0.259 0.240
0.241 0.240
0.255 0.240
0.236 0.240
0.247 0.240
0.240 0.240
0.249 0.240
0.249 0.240
0.251 0.240
0.266 0.240
0.272 0.240
0.270 0.240
0.268 0.240
0.266 0.240
0.262 0.240
0.280 0.240
0.260 0.240
0.277 0.240
0.278 0.240
0.272 0.240
0.271 0.240
0.279 0.240
0.279 0.240
0.259 0.240
0.269 0.240
0.258 0.240
0.247 0.240
0.262 0.240
0.255 0.240
0.266 0.240
0.258 0.240
0.266 0.240
0.264 0.240
0.262 0.240
0.253 0.240
0.249 0.240
0.253 0.240
0.271 0.240
0.228 0.240
0.225 0.240
0.223 0.240
* 0.245 0.240
0.218 0.240
0.218 0.240
0.219 0.240
0.220 0.240
0.215 0.240
0.217 0.240
0.236 0.240
* 0.270 0.240
0.265 0.240
0.295 0.240
0.305 0.240
0.298 0.240
0.289 0.240
0.308 0.240
0.326 0.240
0.325 0.240
0.320 0.240
0.306 0.240
0.301 0.240
0.306 0.240
0.323 0.240
0.347 0.240
0.327 0.240
0.300 0.240
0.329 0.240
0.300 0.240
0.316 0.240
0.317 0.240
0.322 0.240
0.332 0.240
0.315 0.240
0.335 0.240
0.316 0.240
0.319 0.240
0.313 0.240
0.308 0.240
0.314 0.240
0.313 0.240
0.324 0.240
0.322 0.240
0.230 0.240
0.266 0.240
0.283 0.240
0.279 0.240
0.295 0.240
0.279 0.240
0.310 0.240
0.292 0.240
0.309 0.240
0.288 0.240
0.290 0.240
0.303 0.240
0.291 0.240
0.293 0.240
0.248 0.240
0.249 0.240
0.254 0.240
0.265 0.240
0.252 0.240
0.256 0.240
0.249 0.240
0.252 0.240
0.244 0.240
0.251 0.240
0.265 0.240
0.251 0.240
0.246 0.240
0.266 0.240
0.272 0.240
0.266 0.240
0.263 0.240
0.260 0.240
0.246 0.240
0.254 0.240
0.261 0.240
0.256 0.240
0.239 0.240
0.247 0.240
0.246 0.240
0.252 0.240
0.243 0.240
0.261 0.240
0.253 0.240
0.255 0.240
0.241 0.240
0.250 0.240
0.235 0.240
0.240 0.240
0.265 0.240
0.259 0.240
0.251 0.240
0.242 0.240
0.247 0.240
0.260 0.240
0.248 0.240
0.249 0.240
0.259 0.240
0.247 0.240
0.239 0.240
0.259 0.240
0.254 0.240
0.251 0.240
0.254 0.240
0.248 0.240
0.252 0.240
0.256 0.240
0.249 0.240
0.244 0.240
0.247 0.240
0.241 0.240
0.258 0.240
0.246 0.240
0.247 0.240
0.254 0.240
0.258 0.240
0.234 0.240
0.229 0.240
0.215 0.240
0.226 0.240
0.231 0.240
0.225 0.240
0.213 0.240
0.209 0.240
0.208 0.240
0.209 0.240
0.212 0.240
0.208 0.240
0.212 0.240
0.219 0.240
0.225 0.240
0.207 0.240
0.212 0.240
0.235 0.240
0.221 0.240
0.233 0.240
0.219 0.240
0.211 0.240
0.240 0.240
0.218 0.240
0.221 0.240
0.209 0.240
0.228 0.240
0.237 0.240
0.233 0.240
0.219 0.240
0.219 0.240
0.225 0.240
0.222 0.240
0.227 0.240
0.214 0.240
0.216 0.240
0.230 0.240
0.215 0.240
0.231 0.240
0.237 0.240
0.214 0.240
0.226 0.240
0.218 0.240
0.225 0.240
0.216 0.240
0.228 0.240
0.234 0.240
0.218 0.240
0.233 0.240
0.226 0.240
* 0.290 0.240
0.275 0.240
0.290 0.240
0.276 0.240
0.284 0.240
0.295 0.240
0.282 0.240
0.271 0.240
0.292 0.240
0.291 0.240
0.283 0.240
0.292 0.240
0.300 0.240
0.291 0.240
0.288 0.240
0.288 0.240
0.282 0.240
0.281 0.240
0.284 0.240
0.280 0.240
0.296 0.240
0.275 0.240
0.289 0.240
0.308 0.240
0.278 0.240
0.279 0.240
0.295 0.240
0.302 0.240
0.305 0.240
0.309 0.240
0.307 0.240
0.297 0.240
0.314 0.240
0.315 0.240
0.290 0.240
0.302 0.240
0.289 0.240
0.306 0.240
0.300 0.240
0.289 0.240
0.245 0.240
0.203 0.240
0.250 0.240
0.260 0.240
0.272 0.240
0.279 0.240
0.247 0.240
0.256 0.240
0.275 0.240
0.267 0.240
0.262 0.240
0.265 0.240
0.252 0.240
0.251 0.240
0.258 0.240
0.275 0.240
0.272 0.240
0.267 0.240
0.266 0.240
0.262 0.240
0.236 0.240
0.236 0.240
0.246 0.240
0.247 0.240
0.275 0.240
0.262 0.240
0.259 0.240
0.247 0.240
0.250 0.240
0.228 0.240
0.242 0.240
0.240 0.240
0.236 0.240
0.245 0.240
0.248 0.240
0.236 0.240
0.248 0.240
0.253 0.240
0.250 0.240
0.245 0.240
0.252 0.240
0.268 0.240
0.251 0.240
0.249 0.240
0.253 0.240
0.233 0.240
0.161 0.240
0.198 0.240
* 0.247 0.240
0.242 0.240
0.257 0.240
0.253 0.240
0.258 0.240
0.256 0.240
0.267 0.240
0.257 0.240
0.274 0.240
0.284 0.240
0.280 0.240
0.281 0.240
0.268 0.240
0.253 0.240
0.293 0.240
0.264 0.240
0.244 0.240
0.243 0.240
0.250 0.240
0.256 0.240
0.261 0.240
0.257 0.240
0.256 0.240
0.257 0.240
0.240 0.240
0.256 0.240
0.223 0.240
0.226 0.240
0.221 0.240
* 0.259 0.240
0.228 0.240
0.253 0.240
0.253 0.240
0.265 0.240
0.262 0.240
0.251 0.240
0.280 0.240
0.200 0.240
0.243 0.240
0.266 0.240
0.275 0.240
0.235 0.240
0.231 0.240
0.246 0.240
0.251 0.240
0.251 0.240
0.255 0.240
0.244 0.240
0.251 0.240
0.262 0.240
0.235 0.240
0.251 0.240
0.250 0.240
0.250 0.240
0.269 0.240
0.250 0.240
0.260 0.240
0.286 0.240
0.274 0.240
0.272 0.240
0.224 0.240
0.256 0.240
0.250 0.240
0.236 0.240
0.264 0.240
0.243 0.240
0.243 0.240
0.250 0.240
0.245 0.240
0.256 0.240
0.263 0.240
0.263 0.240
0.252 0.240
0.262 0.240
0.246 0.240
0.253 0.240
0.260 0.240
0.245 0.240
0.237 0.240
0.252 0.240
0.241 0.240
0.259 0.240
0.245 0.240
0.271 0.240
0.267 0.240
0.259 0.240
0.263 0.240
0.263 0.240
0.267 0.240
0.280 0.240
0.267 0.240
0.282 0.240
0.277 0.240
0.286 0.240
0.276 0.240
0.267 0.240
0.269 0.240
0.263 0.240
0.287 0.240
0.265 0.240
0.274 0.240
0.256 0.240
0.254 0.240
0.271 0.240
0.244 0.240
0.256 0.240
0.274 0.240
0.246 0.240
0.259 0.240
0.259 0.240
0.253 0.240
0.250 0.240
0.269 0.240
0.284 0.240
0.250 0.240
0.252 0.240
0.250 0.240
0.252 0.240
0.284 0.240
0.252 0.240
0.259 0.240
0.276 0.240
0.263 0.240
0.262 0.240
0.271 0.240
0.199 0.240
0.208 0.240
0.209 0.240
0.214 0.240
0.237 0.240
0.238 0.240
* 0.246 0.240
0.252 0.240
0.269 0.240
0.254 0.240
0.273 0.240
0.256 0.240
0.263 0.240
0.248 0.240
0.258 0.240
0.250 0.240
0.269 0.240
0.260 0.240
0.259 0.240
0.261 0.240
0.261 0.240
0.241 0.240
0.258 0.240
0.239 0.240
0.246 0.240
0.256 0.240
0.263 0.240
0.259 0.240
0.254 0.240
0.265 0.240
0.248 0.240
0.256 0.240
0.265 0.240
0.254 0.240
0.256 0.240
0.256 0.240
0.263 0.240
0.263 0.240
0.244 0.240
0.231 0.240
0.269 0.240
0.265 0.240
0.267 0.240
0.264 0.240
0.268 0.240
0.240 0.240
0.246 0.240
0.265 0.240
0.244 0.240
0.246 0.240
0.260 0.240
0.250 0.240
0.263 0.240
0.267 0.240
0.263 0.240
0.260 0.240
0.244 0.240
0.271 0.240
0.267 0.240
0.280 0.240
0.250 0.240
0.279 0.240
0.280 0.240
0.284 0.240
0.280 0.240
0.277 0.240
0.290 0.240
0.273 0.240
0.310 0.240
0.298 0.240
0.259 0.240
0.303 0.240
0.309 0.240
0.289 0.240
0.299 0.240
0.285 0.240
0.263 0.240
0.291 0.240
0.276 0.240
0.269 0.240
0.263 0.240
0.258 0.234 0.266
0.241 0.234 0.266
0.267 0.234 0.266
0.258 0.234 0.266
0.272 0.234 0.266
0.263 0.234 0.266
0.245 0.234 0.266
0.229 0.234 0.266
0.239 0.234 0.266
0.243 0.234 0.266
0.239 0.234 0.266
0.248 0.234 0.266
0.275 0.234 0.266
0.261 0.234 0.266
0.261 0.234 0.266
0.275 0.234 0.266
0.254 0.234 0.266
0.276 0.234 0.266
0.273 0.234 0.266
0.271 0.234 0.266
0.244 0.234 0.266
0.246 0.234 0.266
0.277 0.234 0.266
0.284 0.234 0.266
0.284 0.234 0.266
0.302 0.234 0.266
0.269 0.234 0.266
0.306 0.234 0.266
0.299 0.234 0.266
0.299 0.234 0.266
0.293 0.234 0.266
0.279 0.234 0.266
0.283 0.234 0.266
0.284 0.234 0.266
0.299 0.234 0.266
0.292 0.234 0.266
0.283 0.234 0.266
0.266 0.234 0.266
0.272 0.234 0.266
0.239 0.234 0.266
0.262 0.234 0.266
0.265 0.234 0.266
0.292 0.234 0.266
0.296 0.234 0.267
0.305 0.234 0.267
0.290 0.234 0.267
0.292 0.234 0.267
0.309 0.234 0.267
0.306 0.234 0.267
0.208 0.234 0.267
0.243 0.234 0.267
0.278 0.234 0.267
0.277 0.234 0.267
0.286 0.234 0.267
0.278 0.234 0.267
0.261 0.234 0.267
0.269 0.234 0.267
0.248 0.234 0.267
0.233 0.234 0.267
0.218 0.234 0.267
0.213 0.234 0.267
0.206 0.234 0.267
0.211 0.234 0.267
0.209 0.234 0.267
0.203 0.234 0.267
0.201 0.234 0.267
0.215 0.234 0.267
0.209 0.234 0.267
0.218 0.234 0.267
0.228 0.234 0.267
* 0.247 0.233 0.267
0.256 0.233 0.267
0.237 0.233 0.266
0.262 0.233 0.267
0.252 0.233 0.266
0.277 0.233 0.267
0.281 0.233 0.267
0.279 0.233 0.267
0.260 0.233 0.267
0.254 0.233 0.267
0.254 0.233 0.267
0.256 0.233 0.267
0.256 0.233 0.267
0.268 0.233 0.267
0.280 0.233 0.267
0.273 0.234 0.267
0.279 0.234 0.267
0.282 0.234 0.267
0.276 0.234 0.267
0.276 0.234 0.267
0.270 0.234 0.267
0.282 0.234 0.267
0.297 0.234 0.267
0.271 0.234 0.267
0.271 0.234 0.267
0.292 0.234 0.267
0.297 0.234 0.267
0.280 0.234 0.267
0.275 0.234 0.267
0.304 0.234 0.267
0.281 0.234 0.267
0.299 0.234 0.267
0.280 0.234 0.267
0.285 0.234 0.267
0.265 0.234 0.267
0.270 0.234 0.267
0.287 0.234 0.267
0.274 0.234 0.267
0.292 0.234 0.268
0.286 0.234 0.268
0.258 0.234 0.268
0.262 0.234 0.268
0.282 0.234 0.268
0.290 0.234 0.268
0.269 0.234 0.268
0.287 0.234 0.268
0.266 0.234 0.268
0.264 0.234 0.268
0.273 0.234 0.268
0.275 0.234 0.268
0.280 0.235 0.268
0.274 0.235 0.268
0.271 0.235 0.268
0.272 0.235 0.268
0.284 0.235 0.268
0.283 0.235 0.268
0.266 0.235 0.268
0.275 0.235 0.268
0.281 0.235 0.268
0.287 0.235 0.268
0.281 0.235 0.268
0.283 0.235 0.268
0.255 0.235 0.267
0.300 0.235 0.267
0.278 0.235 0.267
0.280 0.235 0.267
0.266 0.235 0.267
0.264 0.236 0.267
0.268 0.236 0.267
0.291 0.236 0.267
0.293 0.236 0.267
0.262 0.236 0.267
0.292 0.236 0.267
0.284 0.236 0.267
0.273 0.236 0.267
0.256 0.236 0.266
0.285 0.237 0.266
0.279 0.237 0.266
0.266 0.237 0.266
0.274 0.237 0.266
0.274 0.237 0.266
0.290 0.237 0.266
0.270 0.237 0.266
0.262 0.237 0.266
0.275 0.237 0.266
0.287 0.238 0.266
0.281 0.238 0.266
0.288 0.238 0.266
0.292 0.238 0.266
0.285 0.238 0.266
0.278 0.238 0.266
0.297 0.238 0.266
0.279 0.238 0.266
0.277 0.238 0.266
0.279 0.238 0.266
0.280 0.238 0.266
0.274 0.238 0.266
0.273 0.238 0.266
0.285 0.238 0.266
0.264 0.238 0.266
0.262 0.238 0.266
0.287 0.238 0.266
0.277 0.238 0.266
0.285 0.238 0.266
0.289 0.238 0.266
0.275 0.238 0.266
0.283 0.238 0.266
0.282 0.238 0.266
0.268 0.238 0.266
0.254 0.238 0.266
0.294 0.238 0.266
0.283 0.238 0.266
0.277 0.238 0.266
0.273 0.238 0.266
0.260 0.238 0.266
0.268 0.238 0.266
0.252 0.238 0.266
0.260 0.238 0.266
0.264 0.238 0.266
0.273 0.238 0.266
0.279 0.239 0.266
0.291 0.239 0.266
0.279 0.239 0.266
0.279 0.239 0.267
0.282 0.239 0.267
0.279 0.239 0.267
0.281 0.239 0.267
0.281 0.239 0.267
0.267 0.239 0.267
0.281 0.239 0.267
0.272 0.239 0.267
0.266 0.239 0.267
0.282 0.240 0.267
0.274 0.240 0.267
0.259 0.240 0.267
0.262 0.240 0.267
0.288 0.240 0.267
0.280 0.240 0.267
0.302 0.240 0.267
0.301 0.240 0.267
0.321 0.240 0.268
0.334 0.240 0.268
0.307 0.240 0.268
0.318 0.240 0.268
0.341 0.239 0.268
0.339 0.239 0.268
0.336 0.239 0.269
0.315 0.239 0.269
0.321 0.239 0.269
0.306 0.239 0.269
0.315 0.239 0.269
0.338 0.239 0.269
0.332 0.239 0.269
0.327 0.239 0.270
0.324 0.239 0.270
0.321 0.239 0.270
0.332 0.239 0.270
0.329 0.239 0.270
0.336 0.238 0.270
0.326 0.238 0.270
0.337 0.238 0.271
0.347 0.238 0.271
0.323 0.238 0.271
0.339 0.238 0.271
0.320 0.238 0.271
0.331 0.237 0.271
0.313 0.237 0.271
0.324 0.237 0.271
0.330 0.237 0.271
0.339 0.237 0.271
0.337 0.237 0.271
0.323 0.237 0.272
0.320 0.237 0.272
0.321 0.237 0.272
0.333 0.236 0.272
0.321 0.236 0.272
0.314 0.236 0.272
0.330 0.236 0.272
0.309 0.236 0.272
0.320 0.236 0.272
0.332 0.236 0.272
0.335 0.236 0.272
0.287 0.236 0.272
0.273 0.236 0.272
0.267 0.236 0.272
0.273 0.236 0.272
0.272 0.236 0.272
0.280 0.236 0.272
0.276 0.236 0.272
0.275 0.236 0.272
0.277 0.236 0.272
0.274 0.236 0.272
0.258 0.236 0.272
0.268 0.236 0.272
0.273 0.236 0.272
0.264 0.236 0.272
0.262 0.236 0.271
0.271 0.236 0.271
0.286 0.236 0.271
0.289 0.236 0.271
0.283 0.236 0.271
0.273 0.236 0.272
0.267 0.236 0.272
0.281 0.237 0.272
0.264 0.237 0.272
0.263 0.236 0.272
0.286 0.237 0.272
0.281 0.237 0.272
0.265 0.237 0.272
0.265 0.237 0.272
0.271 0.237 0.272
0.271 0.237 0.272
0.258 0.237 0.272
0.271 0.237 0.272
0.260 0.237 0.272
0.281 0.237 0.272
0.287 0.237 0.272
0.296 0.237 0.272
0.271 0.237 0.272
0.297 0.237 0.272
0.283 0.237 0.272
0.275 0.237 0.272
0.292 0.237 0.272
0.281 0.237 0.272
0.290 0.237 0.272
0.278 0.237 0.272
0.273 0.237 0.272
0.295 0.238 0.273
0.269 0.238 0.273
0.279 0.238 0.273
0.265 0.238 0.273
0.285 0.238 0.273
0.283 0.238 0.273
0.274 0.238 0.273
0.279 0.239 0.273
0.284 0.239 0.273
0.277 0.239 0.273
0.286 0.239 0.273
0.288 0.239 0.273
0.273 0.239 0.273
0.286 0.239 0.273
0.279 0.239 0.273
0.203 0.239 0.273
0.201 0.239 0.273
0.190 0.239 0.273
0.203 0.239 0.273
0.207 0.239 0.273
0.210 0.239 0.273
0.204 0.239 0.273
0.202 0.239 0.273
0.211 0.239 0.273
* 0.287 0.239 0.274
0.300 0.239 0.274
0.293 0.239 0.274
0.305 0.240 0.274
0.286 0.240 0.274
0.302 0.240 0.274
0.285 0.240 0.274
0.280 0.240 0.274
0.281 0.240 0.274
0.272 0.240 0.274
0.251 0.240 0.274
0.262 0.240 0.274
0.261 0.240 0.274
0.270 0.240 0.274
0.273 0.240 0.274
0.283 0.240 0.274
0.275 0.240 0.274
0.256 0.240 0.274
0.273 0.240 0.274
0.279 0.240 0.274
0.276 0.240 0.274
0.270 0.240 0.274
0.273 0.240 0.274
0.280 0.240 0.274
0.273 0.240 0.274
0.255 0.240 0.274
0.271 0.240 0.274
0.262 0.241 0.274
0.275 0.241 0.274
0.279 0.241 0.275
0.276 0.241 0.275
0.277 0.241 0.275
0.240 0.241 0.275
0.258 0.241 0.275
0.270 0.241 0.275
0.278 0.241 0.275
0.272 0.241 0.275
0.251 0.241 0.275
0.285 0.242 0.275
0.272 0.242 0.275
0.262 0.242 0.275
0.269 0.242 0.275
0.264 0.242 0.275
0.266 0.242 0.275
0.277 0.242 0.275
0.295 0.242 0.275
0.288 0.242 0.275
0.287 0.242 0.275
0.276 0.243 0.275
0.266 0.243 0.275
0.268 0.243 0.275
0.268 0.243 0.275
0.268 0.243 0.275
0.260 0.243 0.276
0.268 0.243 0.276
0.282 0.243 0.276
0.283 0.243 0.276
0.252 0.243 0.276
0.263 0.243 0.276
0.263 0.243 0.276
0.264 0.243 0.276
0.281 0.243 0.276
0.260 0.243 0.276
0.260 0.243 0.276
0.265 0.243 0.276
0.287 0.244 0.276
0.314 0.244 0.276
0.258 0.244 0.276
0.249 0.244 0.276
0.259 0.244 0.276
0.251 0.244 0.276
0.264 0.244 0.276
0.273 0.244 0.276
0.286 0.244 0.276
0.254 0.244 0.276
0.274 0.244 0.276
0.277 0.244 0.276
0.263 0.244 0.276
0.268 0.244 0.276
0.279 0.244 0.276
0.291 0.245 0.276
0.264 0.245 0.276
0.262 0.245 0.276
0.247 0.245 0.276
0.258 0.245 0.276
0.264 0.245 0.276
0.281 0.245 0.276
0.265 0.245 0.276
0.268 0.245 0.276
0.262 0.245 0.276
0.285 0.245 0.276
0.283 0.245 0.276
0.260 0.245 0.276
0.268 0.245 0.276
0.256 0.244 0.276
0.277 0.244 0.276
0.268 0.244 0.276
0.253 0.244 0.276
0.280 0.244 0.276
0.259 0.244 0.276
0.234 0.244 0.276
0.243 0.244 0.276
0.235 0.244 0.276
0.235 0.244 0.276
0.221 0.244 0.276
0.213 0.244 0.276
0.217 0.244 0.276
0.207 0.244 0.276
0.210 0.244 0.276
0.207 0.244 0.276
0.225 0.244 0.276
0.235 0.244 0.276
* 0.250 0.244 0.276
0.271 0.244 0.276
0.256 0.244 0.276
0.270 0.244 0.276
0.268 0.244 0.276
0.291 0.245 0.276
0.286 0.245 0.276
0.276 0.245 0.276
0.275 0.245 0.276
0.266 0.245 0.276
0.260 0.245 0.277
0.284 0.245 0.277
0.287 0.245 0.277
0.268 0.245 0.277
0.285 0.245 0.277
0.284 0.245 0.277
0.293 0.245 0.277
0.273 0.245 0.277
0.277 0.245 0.277
0.281 0.245 0.277
0.293 0.245 0.277
0.270 0.245 0.277
0.292 0.246 0.277
0.301 0.246 0.277
0.311 0.246 0.277
0.320 0.246 0.277
0.298 0.246 0.277
0.309 0.246 0.277
0.312 0.246 0.278
0.290 0.246 0.278
0.327 0.246 0.278
0.307 0.246 0.278
0.323 0.246 0.278
0.320 0.246 0.278
0.318 0.246 0.278
0.312 0.246 0.278
0.316 0.246 0.278
0.239 0.246 0.278
0.206 0.246 0.278
0.200 0.246 0.278
0.188 0.246 0.278
0.200 0.246 0.278
0.190 0.246 0.278
0.189 0.246 0.278
0.180 0.246 0.278
0.180 0.246 0.278
0.197 0.246 0.278
0.192 0.246 0.278
0.183 0.246 0.278
0.187 0.246 0.278
0.175 0.246 0.278
0.168 0.246 0.278
0.182 0.246 0.278
0.202 0.246 0.278
0.173 0.246 0.278
0.176 0.246 0.278
0.177 0.246 0.278
0.189 0.246 0.278
0.188 0.246 0.278
0.187 0.246 0.278
0.171 0.246 0.278
0.180 0.246 0.278
0.194 0.246 0.278
0.171 0.246 0.278
0.176 0.246 0.278
0.161 0.246 0.278
0.177 0.246 0.278
0.183 0.246 0.278
0.182 0.246 0.278
0.161 0.246 0.278
0.159 0.246 0.278
0.151 0.246 0.278
0.192 0.246 0.278
0.213 0.246 0.278
0.195 0.246 0.278
0.166 0.246 0.278
0.153 0.246 0.278
0.183 0.246 0.278
0.180 0.246 0.278
0.187 0.246 0.278
0.174 0.246 0.278
0.199 0.246 0.278
0.199 0.246 0.278
0.217 0.246 0.278
0.202 0.246 0.278
0.225 0.246 0.278
0.230 0.246 0.278
0.233 0.246 0.278
0.223 0.246 0.278
0.230 0.246 0.278
* 0.251 0.246 0.278
0.287 0.246 0.279
0.272 0.246 0.279
0.287 0.246 0.279
0.312 0.246 0.279
0.314 0.247 0.279
0.295 0.247 0.279
0.305 0.247 0.279
0.307 0.247 0.279
0.303 0.247 0.279
0.262 0.247 0.279
0.287 0.247 0.279
0.269 0.247 0.279
0.261 0.247 0.279
0.279 0.247 0.279
0.293 0.247 0.279
0.277 0.247 0.280
0.293 0.248 0.280
0.304 0.248 0.280
0.300 0.248 0.280
0.289 0.248 0.280
0.302 0.248 0.280
0.291 0.248 0.280
0.306 0.248 0.280
0.317 0.248 0.280
0.302 0.248 0.280
0.306 0.248 0.280
0.296 0.249 0.280
0.249 0.249 0.280
0.294 0.249 0.281
0.308 0.249 0.281
0.285 0.249 0.281
0.302 0.249 0.281
0.306 0.249 0.281
0.305 0.249 0.281
0.268 0.249 0.281
0.262 0.249 0.281
0.275 0.249 0.281
0.283 0.249 0.281
0.259 0.249 0.281
0.259 0.249 0.281
0.276 0.249 0.281
0.269 0.249 0.281
0.262 0.249 0.281
0.267 0.249 0.281
0.262 0.249 0.281
0.252 0.249 0.281
0.264 0.249 0.281
0.270 0.249 0.281
0.265 0.249 0.281
0.251 0.249 0.281
0.269 0.249 0.281
0.277 0.249 0.281
0.285 0.249 0.281
0.291 0.249 0.281
0.267 0.249 0.281
0.286 0.249 0.281
0.295 0.249 0.281
0.301 0.249 0.281
0.298 0.249 0.281
0.306 0.249 0.281
0.312 0.249 0.281
0.295 0.249 0.281
0.279 0.249 0.281
0.276 0.249 0.281
0.285 0.249 0.281
0.286 0.250 0.281
0.291 0.250 0.281
0.297 0.250 0.281
0.288 0.250 0.281
0.295 0.250 0.281
0.262 0.250 0.281
0.274 0.250 0.282
0.267 0.251 0.282
0.254 0.251 0.282
0.265 0.251 0.282
0.267 0.251 0.282
0.278 0.251 0.282
0.269 0.251 0.282
0.261 0.251 0.282
0.228 0.251 0.282
0.217 0.251 0.282
0.203 0.251 0.282
0.206 0.251 0.282
0.209 0.251 0.282
0.195 0.251 0.282
0.247 0.251 0.282
* 0.275 0.251 0.282
0.274 0.251 0.282
0.269 0.251 0.282
0.264 0.251 0.282
0.275 0.251 0.282
0.268 0.251 0.282
0.272 0.251 0.282
0.249 0.251 0.282
0.253 0.251 0.282
0.258 0.251 0.281
0.249 0.251 0.281
0.259 0.250 0.281
0.259 0.250 0.281
0.229 0.250 0.281
0.233 0.250 0.281
0.231 0.250 0.281
0.219 0.250 0.281
* 0.253 0.250 0.281
0.256 0.250 0.281
0.253 0.250 0.281
0.259 0.250 0.281
0.277 0.250 0.281
0.255 0.250 0.281
0.241 0.250 0.281
0.255 0.249 0.281
0.272 0.249 0.281
0.293 0.250 0.281
0.272 0.250 0.281
0.269 0.250 0.281
0.296 0.250 0.281
0.259 0.250 0.281
0.276 0.250 0.281
0.278 0.250 0.281
0.291 0.250 0.281
0.279 0.250 0.281
0.277 0.250 0.281
0.255 0.250 0.281
0.261 0.250 0.281
0.240 0.250 0.281
0.244 0.250 0.281
0.252 0.250 0.281
0.263 0.250 0.281
0.264 0.250 0.281
0.275 0.250 0.281
0.265 0.250 0.281
0.246 0.250 0.281
0.205 0.250 0.281
0.215 0.250 0.281
* 0.250 0.250 0.281
0.246 0.250 0.281
0.254 0.250 0.281
0.277 0.250 0.281
0.258 0.250 0.281
0.266 0.250 0.281
0.270 0.250 0.281
0.247 0.250 0.281
0.272 0.250 0.281
0.242 0.250 0.281
0.256 0.250 0.281
0.237 0.250 0.281
0.242 0.250 0.281
0.232 0.250 0.281
0.244 0.250 0.281
0.246 0.250 0.281
0.239 0.250 0.281
0.244 0.250 0.281
* 0.252 0.250 0.281
0.236 0.250 0.281
0.235 0.250 0.281
0.220 0.250 0.281
0.234 0.250 0.281
0.227 0.250 0.281
0.239 0.250 0.281
* 0.258 0.250 0.281
0.247 0.250 0.281
0.237 0.250 0.281
0.238 0.250 0.281
* 0.252 0.250 0.280
0.247 0.250 0.280
0.242 0.250 0.280
0.254 0.249 0.280
0.231 0.249 0.280
0.260 0.249 0.280
0.238 0.249 0.280
0.269 0.249 0.280
0.256 0.249 0.280
0.247 0.249 0.280
0.259 0.248 0.280
0.244 0.248 0.280
0.273 0.248 0.280
0.246 0.248 0.280
0.244 0.248 0.280
0.269 0.248 0.280
0.259 0.248 0.280
0.249 0.248 0.279
0.255 0.247 0.279
0.245 0.247 0.279
0.258 0.247 0.279
0.268 0.247 0.279
0.273 0.247 0.279
0.273 0.247 0.279
0.238 0.247 0.279
0.247 0.247 0.279
0.224 0.247 0.279
* 0.267 0.247 0.279
0.259 0.247 0.279
0.252 0.247 0.279
0.258 0.247 0.279
0.273 0.247 0.279
0.267 0.247 0.279
0.264 0.247 0.279
0.240 0.247 0.279
0.243 0.247 0.279
0.249 0.247 0.279
0.243 0.247 0.279
0.247 0.246 0.279
0.250 0.246 0.279
0.243 0.246 0.279
0.238 0.246 0.279
0.239 0.246 0.279
* 0.251 0.246 0.279
0.232 0.246 0.279
0.235 0.246 0.279
0.245 0.246 0.279
* 0.256 0.246 0.279
0.240 0.246 0.279
0.226 0.246 0.279
0.249 0.245 0.278
0.245 0.245 0.278
0.260 0.245 0.278
0.266 0.245 0.278
0.242 0.245 0.278
0.235 0.245 0.278
0.247 0.245 0.278
0.249 0.245 0.278
0.236 0.245 0.278
0.253 0.244 0.278
0.232 0.244 0.278
0.249 0.244 0.278
0.273 0.244 0.278
0.292 0.244 0.278
0.270 0.244 0.278
0.278 0.244 0.278
0.264 0.244 0.278
0.246 0.244 0.278
0.226 0.244 0.278
0.249 0.244 0.277
0.242 0.244 0.277
0.259 0.243 0.277
0.242 0.243 0.277
0.260 0.243 0.277
0.235 0.243 0.277
0.240 0.243 0.277
0.225 0.243 0.277
* 0.250 0.243 0.277
0.243 0.243 0.277
0.237 0.243 0.277
0.249 0.243 0.277
0.255 0.243 0.277
0.275 0.243 0.277
0.260 0.243 0.277
0.270 0.243 0.277
0.293 0.243 0.277
0.283 0.243 0.277
0.276 0.243 0.277
0.249 0.242 0.277
0.260 0.242 0.277
0.234 0.242 0.277
0.254 0.242 0.277
0.238 0.242 0.277
0.224 0.242 0.277
0.225 0.242 0.277
* 0.242 0.242 0.277
0.237 0.242 0.277
0.238 0.242 0.277
0.225 0.242 0.277
* 0.253 0.242 0.277
0.238 0.242 0.277
0.238 0.242 0.277
0.250 0.241 0.276
0.238 0.241 0.276
0.235 0.241 0.276
0.222 0.241 0.276
* 0.273 0.241 0.276
0.243 0.241 0.276
0.233 0.241 0.276
0.238 0.241 0.276
0.236 0.241 0.276
* 0.244 0.241 0.276
0.236 0.241 0.276
0.241 0.241 0.276
0.250 0.241 0.276
0.232 0.241 0.276
0.254 0.240 0.276
0.245 0.240 0.276
0.234 0.240 0.276
0.238 0.240 0.276
0.235 0.240 0.276
* 0.242 0.240 0.276
0.250 0.240 0.276
0.260 0.240 0.276
0.265 0.240 0.276
0.255 0.240 0.276
0.263 0.240 0.275
0.250 0.240 0.275
0.231 0.240 0.275
0.264 0.240 0.275
0.241 0.240 0.275
0.225 0.240 0.275
0.252 0.239 0.275
0.245 0.239 0.275
0.249 0.239 0.275
0.259 0.239 0.275
0.235 0.239 0.275
0.242 0.239 0.275
0.251 0.239 0.275
0.258 0.239 0.275
0.248 0.239 0.275
0.254 0.238 0.275
0.245 0.238 0.275
0.239 0.238 0.275
0.260 0.238 0.275
0.244 0.238 0.275
0.244 0.238 0.274
0.243 0.238 0.274
0.239 0.238 0.274
0.244 0.238 0.274
0.239 0.237 0.274
0.244 0.237 0.274
0.230 0.237 0.274
0.239 0.237 0.274
0.241 0.237 0.274
0.245 0.237 0.274
0.253 0.237 0.273
0.238 0.237 0.273
0.223 0.237 0.273
0.223 0.237 0.273
0.245 0.236 0.273
0.257 0.236 0.272
0.223 0.236 0.272
0.232 0.236 0.272
0.241 0.236 0.272
0.237 0.236 0.272
0.240 0.236 0.272
0.244 0.236 0.271
0.238 0.236 0.271
0.220 0.236 0.271
0.235 0.236 0.271
0.243 0.236 0.271
0.254 0.236 0.271
0.241 0.236 0.270
0.239 0.236 0.270
0.258 0.236 0.270
0.237 0.236 0.270
0.245 0.236 0.270
0.263 0.236 0.270
0.262 0.236 0.269
0.233 0.236 0.269
0.263 0.236 0.269
0.236 0.236 0.269
0.244 0.236 0.269
0.255 0.236 0.269
0.250 0.236 0.268
0.237 0.236 0.268
0.259 0.236 0.268
0.259 0.237 0.268
0.248 0.237 0.268
0.240 0.237 0.268
0.256 0.237 0.268
0.227 0.237 0.268
0.256 0.237 0.267
0.257 0.237 0.267
0.197 0.237 0.267
0.253 0.236 0.267
0.257 0.236 0.267
0.233 0.236 0.267
0.211 0.236 0.267
0.253 0.236 0.266
0.244 0.236 0.266
0.247 0.236 0.266
0.238 0.235 0.266
0.230 0.235 0.266
0.252 0.235 0.266
0.270 0.235 0.266
0.251 0.235 0.266
0.254 0.235 0.266
0.241 0.235 0.266
0.278 0.235 0.266
0.263 0.235 0.266
0.264 0.235 0.266
0.256 0.235 0.266
0.239 0.235 0.266
0.222 0.235 0.266
0.246 0.235 0.266
0.232 0.235 0.266
0.233 0.235 0.266
0.255 0.234 0.266
0.267 0.234 0.265
0.285 0.234 0.266
0.251 0.234 0.265
0.263 0.234 0.265
0.246 0.234 0.265
0.255 0.234 0.265
0.257 0.234 0.265
0.258 0.234 0.265
0.229 0.234 0.265
0.273 0.234 0.265
0.284 0.234 0.265
0.284 0.234 0.265
0.242 0.234 0.265
0.277 0.234 0.265
0.288 0.234 0.265
0.314 0.234 0.265
0.295 0.234 0.265
0.293 0.234 0.265
0.312 0.234 0.265
0.302 0.234 0.265
0.282 0.234 0.265
0.302 0.234 0.265
0.318 0.234 0.265
0.288 0.234 0.266
0.304 0.234 0.266
0.299 0.233 0.266
0.321 0.233 0.266
0.304 0.233 0.266
0.327 0.233 0.266
0.310 0.233 0.266
0.301 0.233 0.266
0.301 0.233 0.266
0.315 0.233 0.266
0.310 0.233 0.266
0.297 0.233 0.266
0.316 0.233 0.266
0.309 0.233 0.266
0.296 0.233 0.266
0.310 0.233 0.266
0.314 0.233 0.266
0.307 0.233 0.266
0.318 0.233 0.266
0.283 0.233 0.266
0.291 0.233 0.266
0.303 0.233 0.266
0.309 0.233 0.267
0.293 0.233 0.267
0.312 0.233 0.267
0.321 0.232 0.267
0.327 0.232 0.267
0.324 0.232 0.267
0.350 0.232 0.267
0.339 0.232 0.267
0.331 0.232 0.267
0.331 0.232 0.268
0.323 0.231 0.268
0.292 0.231 0.268
0.346 0.231 0.268
0.303 0.231 0.268
0.329 0.231 0.268
0.336 0.231 0.268
0.324 0.231 0.268
0.350 0.231 0.268
0.329 0.231 0.269
0.322 0.230 0.269
0.315 0.230 0.269
0.328 0.230 0.269
0.315 0.230 0.269
0.325 0.230 0.269
0.351 0.230 0.269
0.324 0.230 0.269
0.316 0.230 0.269
0.311 0.230 0.270
0.295 0.230 0.270
0.291 0.230 0.270
0.295 0.230 0.270
0.314 0.230 0.270
0.301 0.230 0.270
0.302 0.230 0.270
0.293 0.230 0.270
0.310 0.230 0.270
0.286 0.230 0.270
0.298 0.230 0.270
0.296 0.230 0.270
0.308 0.230 0.270
0.285 0.230 0.270
0.298 0.230 0.270
0.299 0.230 0.270
0.285 0.230 0.270
0.300 0.230 0.270
0.292 0.230 0.270
0.295 0.230 0.270
0.296 0.230 0.270
0.313 0.230 0.271
0.276 0.230 0.271
0.304 0.230 0.271
0.281 0.230 0.271
0.316 0.230 0.271
0.289 0.230 0.271
0.264 0.230 0.271
0.301 0.230 0.271
0.288 0.230 0.271
0.278 0.230 0.271
0.300 0.230 0.271
0.304 0.231 0.271
0.247 0.231 0.271
0.271 0.231 0.271
0.309 0.231 0.271
0.312 0.231 0.271
0.287 0.231 0.271
0.308 0.231 0.271
0.297 0.231 0.271
0.313 0.231 0.271
0.315 0.231 0.272
0.293 0.231 0.272
0.296 0.231 0.272
0.296 0.231 0.272
0.305 0.231 0.272
0.297 0.231 0.272
0.322 0.231 0.272
0.329 0.231 0.272
0.310 0.231 0.272
0.305 0.231 0.272
0.290 0.231 0.272
0.206 0.231 0.272
0.189 0.231 0.272
0.173 0.231 0.272
0.196 0.231 0.272
0.198 0.231 0.272
0.226 0.231 0.272
0.171 0.231 0.272
0.207 0.231 0.272
* 0.277 0.231 0.272
0.272 0.231 0.272
0.279 0.231 0.272
0.285 0.231 0.272
0.282 0.231 0.272
0.276 0.231 0.272
0.254 0.231 0.272
0.280 0.231 0.272
0.296 0.231 0.272
0.244 0.231 0.272
0.270 0.231 0.272
0.292 0.231 0.272
0.293 0.231 0.273
0.277 0.231 0.273
0.285 0.231 0.273
0.276 0.231 0.273
0.254 0.231 0.273
0.301 0.231 0.273
0.272 0.231 0.273
0.286 0.231 0.273
0.272 0.231 0.273
0.277 0.231 0.273
0.283 0.231 0.273
0.274 0.231 0.273
0.274 0.231 0.273
0.255 0.231 0.273
0.258 0.231 0.273
0.252 0.231 0.273
0.248 0.231 0.272
0.213 0.231 0.272
0.247 0.230 0.272
0.238 0.230 0.272
0.246 0.230 0.272
0.231 0.230 0.272
0.183 0.230 0.272
0.209 0.230 0.272
0.257 0.229 0.271
0.252 0.229 0.271
0.250 0.229 0.271
0.245 0.229 0.271
0.261 0.229 0.271
0.258 0.229 0.271
0.268 0.229 0.271
0.260 0.229 0.271
0.249 0.229 0.271
0.262 0.229 0.270
0.287 0.229 0.270
0.293 0.229 0.270
0.286 0.229 0.270
0.290 0.229 0.270
0.297 0.229 0.270
0.280 0.229 0.270
0.265 0.229 0.270
0.260 0.229 0.270
0.290 0.229 0.270
0.289 0.229 0.270
0.266 0.229 0.270
0.279 0.229 0.270
0.287 0.229 0.270
0.273 0.229 0.270
0.259 0.229 0.270
0.251 0.229 0.270
0.254 0.229 0.270
0.263 0.229 0.270
0.284 0.229 0.270
0.283 0.229 0.270
0.263 0.229 0.270
0.256 0.229 0.270
0.264 0.229 0.270
0.261 0.229 0.270
0.271 0.229 0.270
0.245 0.229 0.269
0.257 0.228 0.269
0.271 0.229 0.269
0.250 0.228 0.269
0.276 0.228 0.269
0.262 0.228 0.269
0.235 0.228 0.269
0.259 0.228 0.269
0.228 0.228 0.269
0.260 0.228 0.269
0.247 0.228 0.269
0.247 0.228 0.269
0.218 0.228 0.269
0.243 0.228 0.268
0.240 0.228 0.268
0.254 0.228 0.268
0.247 0.227 0.268
0.262 0.227 0.268
0.259 0.227 0.268
0.258 0.227 0.268
0.269 0.227 0.268
0.269 0.227 0.268
0.296 0.227 0.268
0.272 0.227 0.268
0.266 0.227 0.268
0.282 0.228 0.268
0.271 0.228 0.268
0.300 0.228 0.268
0.280 0.228 0.268
0.259 0.228 0.268
0.256 0.228 0.268
0.262 0.227 0.268
0.252 0.227 0.268
0.257 0.227 0.268
0.216 0.227 0.268
0.223 0.227 0.268
0.264 0.227 0.268
0.239 0.227 0.268
0.269 0.227 0.268
0.271 0.227 0.268
0.238 0.227 0.267
0.218 0.227 0.267
0.240 0.226 0.267
0.240 0.226 0.267
0.240 0.226 0.267
0.267 0.226 0.267
0.249 0.226 0.267
0.251 0.226 0.267
0.219 0.226 0.267
0.224 0.226 0.267
0.259 0.226 0.267
0.247 0.225 0.267
0.253 0.225 0.267
0.223 0.225 0.267
0.182 0.225 0.267
0.193 0.225 0.267
* 0.226 0.225 0.266
0.234 0.225 0.266
0.244 0.225 0.266
0.219 0.225 0.266
0.240 0.225 0.266
0.234 0.225 0.266
0.240 0.225 0.266
0.228 0.224 0.266
0.235 0.224 0.266
0.250 0.224 0.266
0.265 0.224 0.266
0.255 0.224 0.266
0.236 0.224 0.266
0.231 0.224 0.266
0.250 0.224 0.266
0.241 0.224 0.266
0.260 0.224 0.266
0.248 0.224 0.266
0.237 0.224 0.266
0.239 0.224 0.266
0.224 0.224 0.266
0.219 0.224 0.266
0.227 0.223 0.265
0.222 0.223 0.265
0.231 0.223 0.265
0.239 0.223 0.265
0.235 0.223 0.265
0.222 0.223 0.265
0.217 0.223 0.265
0.224 0.222 0.265
0.227 0.222 0.265
0.221 0.222 0.265
0.242 0.222 0.265
0.220 0.222 0.265
0.255 0.222 0.264
0.248 0.222 0.264
0.253 0.222 0.264
0.252 0.221 0.264
0.227 0.221 0.264
0.248 0.221 0.264
0.219 0.221 0.264
0.230 0.221 0.264
0.225 0.221 0.264
0.230 0.221 0.264
0.218 0.221 0.264
0.255 0.221 0.264
0.243 0.221 0.264
0.206 0.221 0.264
0.223 0.220 0.264
0.222 0.220 0.264
0.216 0.220 0.264
0.208 0.220 0.264
0.218 0.220 0.264
0.214 0.220 0.264
0.209 0.220 0.264
* 0.228 0.220 0.264
0.225 0.220 0.263
0.223 0.220 0.263
0.212 0.220 0.263
0.218 0.220 0.263
0.217 0.220 0.263
* 0.221 0.219 0.263
0.249 0.219 0.263
0.246 0.219 0.263
0.251 0.219 0.263
0.248 0.219 0.263
0.254 0.219 0.263
0.266 0.219 0.263
0.267 0.219 0.263
0.248 0.219 0.263
0.280 0.220 0.263
0.260 0.220 0.263
0.257 0.220 0.263
0.263 0.220 0.263
0.251 0.220 0.263
0.234 0.220 0.263
0.222 0.219 0.263
0.244 0.219 0.263
0.239 0.219 0.263
0.234 0.219 0.263
0.243 0.219 0.263
0.239 0.219 0.263
0.224 0.219 0.263
0.229 0.219 0.263
0.259 0.219 0.263
0.239 0.219 0.263
0.250 0.219 0.263
0.244 0.219 0.263
0.240 0.219 0.263
0.235 0.219 0.263
0.239 0.219 0.263
0.238 0.219 0.263
0.232 0.218 0.263
0.245 0.218 0.263
0.234 0.218 0.263
0.221 0.218 0.263
0.245 0.218 0.263
0.211 0.218 0.263
0.215 0.218 0.263
0.232 0.218 0.262
0.245 0.218 0.262
0.217 0.218 0.262
0.237 0.217 0.262
0.227 0.217 0.262
0.241 0.217 0.262
0.240 0.217 0.262
0.250 0.217 0.262
0.240 0.217 0.262
0.248 0.217 0.262
0.248 0.217 0.262
0.228 0.217 0.262
0.229 0.217 0.262
0.228 0.217 0.262
0.241 0.217 0.262
0.229 0.217 0.262
0.258 0.217 0.262
0.248 0.217 0.262
0.230 0.217 0.262
0.258 0.217 0.262
0.256 0.217 0.262
0.265 0.217 0.262
0.291 0.217 0.262
0.277 0.217 0.262
0.294 0.217 0.262
0.280 0.217 0.262
0.276 0.217 0.262
0.290 0.217 0.262
0.259 0.217 0.262
0.248 0.217 0.262
0.251 0.217 0.262
0.253 0.217 0.262
0.241 0.217 0.262
0.254 0.217 0.262
0.246 0.217 0.262
0.249 0.217 0.262
0.286 0.217 0.262
0.248 0.217 0.262
0.242 0.217 0.262
0.250 0.217 0.262
0.255 0.217 0.262
0.253 0.217 0.262
0.234 0.217 0.262
0.253 0.217 0.262
0.272 0.217 0.262
0.288 0.217 0.262
0.240 0.217 0.262
0.241 0.217 0.262
0.243 0.217 0.262
0.237 0.217 0.262
0.263 0.217 0.262
0.259 0.217 0.262
0.274 0.217 0.262
0.272 0.217 0.262
0.288 0.217 0.262
0.261 0.217 0.262
0.292 0.218 0.263
0.289 0.218 0.263
0.296 0.218 0.263
0.283 0.218 0.263
0.271 0.218 0.263
0.269 0.218 0.263
0.281 0.218 0.263
0.267 0.218 0.263
0.277 0.218 0.263
0.274 0.218 0.263
0.250 0.218 0.263
0.255 0.218 0.263
0.256 0.218 0.263
0.297 0.218 0.263
0.280 0.218 0.263
0.295 0.218 0.263
0.300 0.218 0.263
0.278 0.218 0.264
0.292 0.219 0.264
0.277 0.219 0.264
0.277 0.219 0.264
0.288 0.219 0.264
0.283 0.219 0.264
0.295 0.219 0.264
0.290 0.219 0.264
0.280 0.219 0.264
0.287 0.219 0.264
0.286 0.219 0.264
0.295 0.219 0.264
0.310 0.219 0.264
0.290 0.219 0.265
0.290 0.219 0.265
0.295 0.219 0.265
0.309 0.220 0.265
0.282 0.220 0.265
0.305 0.220 0.265
0.292 0.220 0.265
0.284 0.220 0.265
0.290 0.220 0.265
0.302 0.220 0.266
0.282 0.220 0.266
0.301 0.220 0.266
0.296 0.220 0.266
0.296 0.221 0.266
0.298 0.221 0.266
0.283 0.221 0.266
0.322 0.221 0.266
0.305 0.221 0.266
0.317 0.221 0.267
0.290 0.221 0.267
0.309 0.221 0.267
0.309 0.221 0.267
0.296 0.221 0.267
0.299 0.222 0.267
0.313 0.222 0.267
0.288 0.222 0.268
0.291 0.222 0.268
0.303 0.222 0.268
0.290 0.222 0.268
0.307 0.222 0.268
0.315 0.222 0.268
0.311 0.222 0.268
0.307 0.222 0.268
0.291 0.222 0.268
0.308 0.222 0.269
0.321 0.223 0.269
0.331 0.223 0.269
0.316 0.223 0.269
0.293 0.223 0.269
0.306 0.223 0.269
0.306 0.223 0.269
0.319 0.223 0.269
0.313 0.223 0.270
0.323 0.223 0.270
0.317 0.223 0.270
0.288 0.223 0.270
0.317 0.223 0.270
0.312 0.223 0.270
0.294 0.223 0.270
0.295 0.223 0.270
0.301 0.224 0.271
0.289 0.224 0.271
0.289 0.224 0.271
0.270 0.224 0.271
0.288 0.224 0.271
0.272 0.225 0.271
0.263 0.225 0.271
0.270 0.225 0.271
0.268 0.225 0.271
0.272 0.225 0.271
0.276 0.225 0.271
0.284 0.225 0.271
0.254 0.225 0.271
0.279 0.225 0.271
0.270 0.225 0.271
0.251 0.225 0.271
0.278 0.225 0.271
0.275 0.225 0.271
0.259 0.225 0.271
0.270 0.225 0.271
0.276 0.226 0.272
0.257 0.226 0.272
0.249 0.226 0.272
0.253 0.226 0.272
0.238 0.226 0.272
0.237 0.226 0.272
0.250 0.225 0.272
0.267 0.226 0.272
0.263 0.226 0.272
0.256 0.226 0.272
0.260 0.226 0.272
0.245 0.226 0.272
0.281 0.226 0.272
0.267 0.226 0.272
0.264 0.226 0.272
0.248 0.226 0.272
0.274 0.226 0.272
0.266 0.226 0.272
0.257 0.226 0.272
0.291 0.226 0.272
0.295 0.226 0.272
0.307 0.226 0.272
0.266 0.226 0.272
0.302 0.226 0.271
0.259 0.226 0.271
0.268 0.226 0.271
0.292 0.226 0.271
0.285 0.226 0.271
0.274 0.226 0.271
0.257 0.226 0.271
0.265 0.226 0.271
0.265 0.226 0.271
0.245 0.225 0.271
0.248 0.225 0.271
0.253 0.225 0.271
0.268 0.225 0.271
0.225 0.225 0.270
0.262 0.225 0.270
0.247 0.225 0.270
0.254 0.225 0.270
0.247 0.225 0.270
0.251 0.225 0.270
0.254 0.225 0.270
0.261 0.225 0.270
0.263 0.225 0.270
0.264 0.225 0.269
0.261 0.225 0.269
0.263 0.225 0.269
0.253 0.225 0.269
0.257 0.225 0.269
0.242 0.225 0.269
0.249 0.224 0.269
0.243 0.224 0.269
0.254 0.224 0.269
0.245 0.224 0.268
0.251 0.224 0.268
0.243 0.224 0.268
0.265 0.225 0.268
0.237 0.225 0.268
0.263 0.225 0.268
0.255 0.225 0.267
0.269 0.225 0.267
0.240 0.225 0.267
0.258 0.225 0.267
0.256 0.225 0.267
0.252 0.225 0.267
0.261 0.225 0.267
0.268 0.225 0.267
0.263 0.225 0.266
0.256 0.225 0.266
0.230 0.225 0.266
0.227 0.225 0.266
0.218 0.225 0.266
0.220 0.225 0.266
0.210 0.225 0.266
* 0.249 0.225 0.266
0.240 0.225 0.266
0.221 0.225 0.266
0.233 0.225 0.265
0.218 0.225 0.265
0.205 0.225 0.265
0.230 0.224 0.265
0.214 0.224 0.265
0.221 0.224 0.265
0.229 0.224 0.264
0.254 0.224 0.264
0.224 0.224 0.264
0.237 0.223 0.264
0.226 0.223 0.264
0.221 0.223 0.264
0.232 0.223 0.263
0.223 0.223 0.263
0.238 0.223 0.263
0.224 0.223 0.263
0.231 0.223 0.263
0.229 0.222 0.263
0.231 0.222 0.263
0.230 0.222 0.262
0.237 0.222 0.262
0.226 0.222 0.262
0.240 0.222 0.262
0.245 0.222 0.262
0.247 0.222 0.262
0.249 0.222 0.262
0.249 0.222 0.262
0.264 0.222 0.262
0.240 0.222 0.261
0.252 0.222 0.261
0.264 0.222 0.261
0.257 0.222 0.261
0.273 0.222 0.261
0.272 0.222 0.261
0.263 0.222 0.261
0.263 0.222 0.261
0.247 0.222 0.261
0.256 0.222 0.261
0.257 0.222 0.261
0.243 0.222 0.261
0.234 0.222 0.261
0.250 0.222 0.261
0.245 0.222 0.260
0.246 0.222 0.260
0.241 0.222 0.260
0.243 0.221 0.260
0.261 0.221 0.260
0.247 0.221 0.260
