0.276 0.240
0.278 0.240
0.266 0.240
0.269 0.240
0.251 0.240
0.238 0.240
0.147 0.240
0.166 0.240
0.214 0.240
0.237 0.240
* 0.254 0.240
0.246 0.240
x
0.263 0.240
x
0.248 0.240
0.251 0.240
0.262 0.240
0.269 0.240
0.274 0.240
0.268 0.240
0.270 0.240
0.264 0.240
0.248 0.240
0.268 0.240
0.258 0.240
0.276 0.240
0.269 0.240
0.271 0.240
0.246 0.240
0.276 0.240
0.273 0.240
0.277 0.240
0.257 0.240
0.267 0.240
0.249 0.240
0.254 0.240
0.272 0.240
0.252 0.240
0.278 0.240
0.260 0.240
0.281 0.240
0.264 0.240
0.262 0.240
0.266 0.240
0.275 0.240
0.273 0.240
0.229 0.240
0.147 0.240
0.219 0.240
* 0.241 0.240
0.264 0.240
0.260 0.240
0.270 0.240
0.273 0.240
0.259 0.240
0.262 0.240
0.268 0.240
0.265 0.240
0.277 0.240
0.266 0.240
0.265 0.240
0.269 0.240
0.277 0.240
0.283 0.240
0.261 0.240
0.284 0.240
0.281 0.240
0.283 0.240
0.276 0.240
0.253 0.240
0.265 0.240
0.262 0.240
0.255 0.240
0.263 0.240
0.254 0.240
0.261 0.240
0.248 0.240
0.263 0.240
0.263 0.240
0.259 0.240
0.241 0.240
0.255 0.240
0.236 0.240
0.247 0.240
0.240 0.240
0.249 0.240
0.249 0.240
0.251 0.240
0.266 0.240
0.272 0.240
0.270 0.240
0.268 0.240
0.266 0.240
0.262 0.240
0.280 0.240
0.260 0.240
0.277 0.240
0.278 0.240
0.272 0.240
0.271 0.240
0.279 0.240
0.279 0.240
0.259 0.240
0.269 0.240
0.258 0.240
0.247 0.240
0.262 0.240
0.255 0.240
0.266 0.244 0.264
0.258 0.244 0.264
0.266 0.244 0.264
0.264 0.244 0.264
0.262 0.244 0.264
0.253 0.244 0.264
0.249 0.244 0.264
0.253 0.244 0.264
0.271 0.244 0.264
0.228 0.244 0.264
0.225 0.244 0.264
0.223 0.244 0.264
* 0.245 0.244 0.264
0.218 0.244 0.264
0.218 0.244 0.264
0.219 0.244 0.264
0.220 0.244 0.264
0.215 0.244 0.264
0.217 0.244 0.264
0.236 0.244 0.264
* 0.270 0.244 0.264
0.265 0.244 0.264
0.295 0.244 0.264
0.305 0.243 0.264
0.298 0.242 0.265
0.289 0.242 0.265
0.308 0.241 0.265
0.326 0.239 0.266
0.325 0.237 0.267
0.320 0.236 0.267
0.306 0.235 0.268
0.301 0.235 0.268
0.306 0.234 0.268
0.323 0.234 0.269
0.347 0.231 0.270
0.327 0.230 0.270
0.300 0.229 0.271
0.329 0.228 0.271
0.300 0.228 0.272
0.316 0.228 0.272
0.317 0.227 0.273
0.322 0.226 0.273
0.332 0.225 0.274
0.315 0.225 0.275
0.335 0.224 0.275
0.316 0.223 0.276
0.319 0.223 0.276
0.313 0.223 0.277
0.308 0.222 0.277
0.314 0.222 0.278
0.313 0.222 0.278
0.324 0.222 0.279
0.322 0.221 0.279
0.230 0.220 0.279
0.266 0.220 0.279
0.283 0.220 0.279
0.279 0.220 0.279
0.295 0.221 0.280
0.279 0.221 0.280
0.310 0.221 0.280
0.292 0.221 0.280
0.309 0.220 0.281
0.288 0.221 0.281
0.290 0.221 0.281
0.303 0.221 0.281
0.291 0.221 0.282
0.293 0.221 0.282
0.248 0.220 0.282
0.249 0.220 0.281
0.254 0.219 0.281
0.265 0.219 0.281
0.252 0.219 0.281
0.256 0.219 0.281
0.249 0.219 0.281
0.252 0.219 0.281
0.244 0.218 0.280
0.251 0.218 0.280
0.265 0.218 0.280
0.251 0.218 0.280
0.246 0.218 0.280
0.266 0.218 0.280
0.272 0.218 0.280
0.266 0.219 0.281
0.263 0.219 0.281
0.260 0.220 0.281
0.246 0.220 0.281
0.254 0.220 0.281
0.261 0.220 0.281
0.256 0.220 0.281
0.239 0.220 0.281
0.247 0.220 0.281
0.246 0.219 0.281
0.252 0.219 0.280
0.243 0.218 0.280
0.261 0.218 0.280
0.253 0.218 0.280
0.255 0.218 0.280
0.241 0.217 0.280
0.250 0.217 0.279
0.235 0.216 0.279
0.240 0.215 0.279
0.265 0.215 0.279
0.259 0.215 0.278
0.251 0.215 0.278
0.242 0.214 0.278
0.247 0.214 0.278
0.260 0.214 0.278
0.248 0.214 0.278
0.249 0.214 0.278
0.259 0.214 0.278
0.247 0.213 0.278
0.239 0.213 0.277
0.259 0.213 0.277
0.254 0.213 0.277
0.251 0.212 0.277
0.254 0.212 0.277
0.248 0.212 0.277
0.252 0.212 0.277
0.256 0.212 0.277
0.249 0.212 0.277
0.244 0.212 0.277
0.247 0.212 0.276
0.241 0.211 0.276
0.258 0.211 0.275
0.246 0.211 0.275
0.247 0.211 0.275
0.254 0.211 0.274
0.258 0.211 0.273
0.234 0.211 0.272
0.229 0.211 0.271
0.215 0.210 0.271
0.226 0.210 0.270
0.231 0.210 0.269
0.225 0.210 0.268
0.213 0.210 0.267
0.209 0.210 0.267
0.208 0.210 0.267
0.209 0.210 0.267
* 0.212 0.210 0.266
0.208 0.210 0.266
0.212 0.209 0.264
0.219 0.209 0.263
0.225 0.209 0.262
0.207 0.209 0.262
0.212 0.209 0.260
0.235 0.210 0.259
0.221 0.210 0.258
0.233 0.212 0.257
0.219 0.212 0.256
0.211 0.212 0.256
0.240 0.213 0.254
0.218 0.213 0.253
0.221 0.214 0.252
0.209 0.214 0.252
0.228 0.215 0.250
0.237 0.216 0.249
0.233 0.216 0.249
0.219 0.216 0.249
0.219 0.216 0.248
0.225 0.215 0.248
0.222 0.216 0.247
0.227 0.216 0.246
0.214 0.216 0.246
0.216 0.216 0.245
0.230 0.217 0.244
0.215 0.217 0.244
0.231 0.218 0.243
0.237 0.218 0.242
0.214 0.218 0.242
0.226 0.219 0.240
0.218 0.219 0.240
0.225 0.219 0.240
0.216 0.219 0.240
0.228 0.218 0.239
0.234 0.218 0.239
0.218 0.218 0.239
0.233 0.218 0.238
0.226 0.218 0.238
0.290 0.217 0.239
0.275 0.217 0.239
0.290 0.216 0.239
0.276 0.216 0.239
0.284 0.216 0.240
0.295 0.215 0.240
0.282 0.215 0.240
0.271 0.215 0.240
0.292 0.214 0.240
0.291 0.214 0.241
0.283 0.213 0.241
0.292 0.213 0.242
0.300 0.212 0.242
0.291 0.212 0.242
0.288 0.211 0.243
0.288 0.211 0.243
0.282 0.211 0.244
0.281 0.210 0.244
0.284 0.210 0.244
0.280 0.210 0.244
0.296 0.209 0.245
0.275 0.209 0.245
0.289 0.209 0.246
0.308 0.208 0.246
0.278 0.208 0.247
0.279 0.208 0.247
0.295 0.208 0.247
0.302 0.207 0.248
0.305 0.206 0.248
0.309 0.206 0.249
0.307 0.205 0.249
0.297 0.205 0.250
0.314 0.204 0.250
0.315 0.203 0.251
0.290 0.203 0.251
0.302 0.202 0.252
0.289 0.202 0.252
0.306 0.202 0.253
0.300 0.201 0.253
0.289 0.201 0.254
0.245 0.201 0.254
0.203 0.200 0.253
0.250 0.200 0.253
0.260 0.200 0.253
0.272 0.200 0.254
0.279 0.200 0.254
0.247 0.200 0.254
0.256 0.200 0.254
0.275 0.200 0.254
0.267 0.200 0.254
0.262 0.200 0.255
0.265 0.200 0.255
0.252 0.200 0.255
0.251 0.200 0.255
0.258 0.200 0.255
0.275 0.201 0.256
0.272 0.201 0.256
0.267 0.201 0.256
0.266 0.202 0.257
0.262 0.202 0.257
0.236 0.203 0.258
0.236 0.203 0.258
0.246 0.204 0.258
0.247 0.204 0.259
0.275 0.205 0.259
0.262 0.206 0.260
0.259 0.206 0.260
0.247 0.207 0.260
0.250 0.207 0.260
0.228 0.207 0.260
0.242 0.207 0.261
0.240 0.208 0.261
0.236 0.208 0.261
0.245 0.209 0.261
0.248 0.209 0.261
0.236 0.210 0.262
0.248 0.210 0.262
0.253 0.210 0.262
0.250 0.211 0.262
0.245 0.211 0.262
0.252 0.212 0.263
0.268 0.212 0.263
0.251 0.213 0.263
0.249 0.213 0.264
0.253 0.214 0.264
0.233 0.215 0.264
0.161 0.215 0.264
0.198 0.215 0.264
0.247 0.211 0.264
0.242 0.211 0.264
0.257 0.212 0.264
0.253 0.213 0.264
0.258 0.214 0.265
0.256 0.214 0.265
0.267 0.215 0.266
0.257 0.216 0.266
0.274 0.216 0.266
0.284 0.217 0.267
0.280 0.218 0.267
0.281 0.218 0.268
0.268 0.219 0.268
0.253 0.218 0.267
0.293 0.218 0.267
0.264 0.218 0.267
0.244 0.218 0.267
0.243 0.218 0.266
0.250 0.218 0.266
0.256 0.218 0.266
0.261 0.218 0.266
0.257 0.218 0.265
0.256 0.218 0.265
0.257 0.218 0.265
0.240 0.218 0.264
0.256 0.218 0.264
0.223 0.217 0.263
0.226 0.217 0.262
0.221 0.216 0.262
0.259 0.216 0.262
0.228 0.216 0.261
0.253 0.216 0.261
0.253 0.216 0.260
0.265 0.216 0.260
0.262 0.216 0.260
0.251 0.217 0.259
0.280 0.217 0.259
0.200 0.217 0.259
0.243 0.216 0.258
0.266 0.216 0.258
0.275 0.217 0.258
0.235 0.217 0.257
0.231 0.217 0.256
0.246 0.218 0.256
0.251 0.219 0.255
0.251 0.220 0.254
0.255 0.220 0.254
0.244 0.220 0.253
0.251 0.221 0.253
0.262 0.222 0.252
0.235 0.222 0.252
0.251 0.222 0.251
0.250 0.222 0.252
0.250 0.224 0.252
0.269 0.224 0.252
0.250 0.224 0.252
0.260 0.224 0.252
0.286 0.224 0.252
0.274 0.224 0.252
0.272 0.223 0.252
0.224 0.223 0.252
0.256 0.223 0.252
0.250 0.223 0.252
0.236 0.223 0.251
0.264 0.223 0.252
0.243 0.223 0.251
0.243 0.223 0.251
0.250 0.223 0.251
0.245 0.223 0.251
0.256 0.223 0.251
0.263 0.223 0.251
0.263 0.223 0.251
0.252 0.223 0.251
0.262 0.223 0.251
0.246 0.223 0.251
0.253 0.223 0.251
0.260 0.223 0.251
0.245 0.223 0.251
0.237 0.223 0.251
0.252 0.223 0.251
0.241 0.223 0.251
0.259 0.223 0.251
0.245 0.224 0.251
0.271 0.224 0.251
0.267 0.224 0.252
0.259 0.224 0.252
0.263 0.224 0.252
0.263 0.224 0.252
0.267 0.224 0.252
0.280 0.224 0.253
0.267 0.224 0.253
0.282 0.224 0.253
0.277 0.224 0.253
0.286 0.223 0.254
0.276 0.223 0.254
0.267 0.223 0.254
0.269 0.223 0.254
0.263 0.224 0.254
0.287 0.228 0.256
0.265 0.230 0.256
0.274 0.230 0.257
0.256 0.230 0.257
0.254 0.230 0.257
0.271 0.230 0.257
0.244 0.230 0.257
0.256 0.230 0.257
0.274 0.230 0.257
0.246 0.230 0.257
0.259 0.230 0.257
0.259 0.230 0.256
0.253 0.230 0.256
0.250 0.231 0.256
0.269 0.231 0.256
0.284 0.230 0.256
0.250 0.231 0.256
0.252 0.231 0.256
0.250 0.231 0.256
0.252 0.231 0.256
0.284 0.231 0.256
0.252 0.231 0.256
0.259 0.231 0.256
0.276 0.231 0.256
0.263 0.231 0.256
0.262 0.231 0.256
0.271 0.231 0.257
0.199 0.231 0.257
0.208 0.231 0.257
0.209 0.231 0.257
0.214 0.231 0.257
* 0.237 0.231 0.256
0.238 0.231 0.257
0.246 0.232 0.257
0.252 0.233 0.257
0.269 0.233 0.257
0.254 0.233 0.257
0.273 0.233 0.258
0.256 0.233 0.258
0.263 0.233 0.258
0.248 0.233 0.258
0.258 0.233 0.258
0.250 0.233 0.257
0.269 0.236 0.258
0.260 0.236 0.258
0.259 0.236 0.258
0.261 0.236 0.258
0.261 0.237 0.258
0.241 0.237 0.258
0.258 0.237 0.258
0.239 0.237 0.258
0.246 0.237 0.258
0.256 0.237 0.258
0.263 0.237 0.258
0.259 0.237 0.259
0.254 0.237 0.258
0.265 0.238 0.259
0.248 0.237 0.259
0.256 0.238 0.259
0.265 0.238 0.259
0.254 0.238 0.259
0.256 0.238 0.259
0.256 0.238 0.259
0.263 0.238 0.259
0.263 0.238 0.258
0.244 0.238 0.258
0.231 0.238 0.258
0.269 0.238 0.258
0.265 0.238 0.259
0.267 0.239 0.259
0.264 0.239 0.259
0.268 0.239 0.259
0.240 0.239 0.259
0.246 0.239 0.259
0.265 0.239 0.259
0.244 0.239 0.259
0.246 0.239 0.259
0.260 0.239 0.259
0.250 0.239 0.259
0.263 0.239 0.259
0.267 0.239 0.259
0.263 0.239 0.259
0.260 0.239 0.259
0.244 0.239 0.259
0.271 0.240 0.260
0.267 0.240 0.260
0.280 0.240 0.260
0.250 0.240 0.260
0.279 0.240 0.260
0.280 0.240 0.260
0.284 0.240 0.261
0.280 0.240 0.261
0.277 0.239 0.261
0.290 0.239 0.261
0.273 0.239 0.261
0.310 0.238 0.262
0.298 0.237 0.262
0.259 0.237 0.262
0.303 0.237 0.262
0.309 0.236 0.262
0.289 0.236 0.262
0.299 0.235 0.263
0.285 0.235 0.263
0.263 0.235 0.263
0.291 0.235 0.263
0.276 0.235 0.263
0.269 0.235 0.263
0.263 0.235 0.263
0.258 0.235 0.263
0.241 0.234 0.263
0.267 0.235 0.263
0.258 0.235 0.263
0.272 0.235 0.263
0.263 0.235 0.263
0.245 0.235 0.263
0.229 0.235 0.263
0.239 0.234 0.262
0.243 0.233 0.262
0.239 0.233 0.262
0.248 0.233 0.262
0.275 0.233 0.262
0.261 0.233 0.262
0.261 0.233 0.262
0.275 0.233 0.262
0.254 0.233 0.262
0.276 0.234 0.262
0.273 0.234 0.263
0.271 0.234 0.262
0.244 0.233 0.262
0.246 0.233 0.262
0.277 0.233 0.262
0.284 0.233 0.263
0.284 0.234 0.263
0.302 0.233 0.264
0.269 0.234 0.264
0.306 0.233 0.264
0.299 0.233 0.265
0.299 0.232 0.265
0.293 0.232 0.265
0.279 0.232 0.265
0.283 0.232 0.266
0.284 0.232 0.266
0.299 0.232 0.267
0.292 0.232 0.267
0.283 0.232 0.267
0.266 0.232 0.267
0.272 0.232 0.267
0.239 0.232 0.267
0.262 0.232 0.267
0.265 0.232 0.267
0.292 0.233 0.268
0.296 0.233 0.268
0.305 0.232 0.269
0.290 0.232 0.269
0.292 0.232 0.269
0.309 0.232 0.270
0.306 0.231 0.270
0.208 0.231 0.270
0.243 0.229 0.270
0.278 0.229 0.270
0.277 0.230 0.270
0.286 0.230 0.270
0.278 0.230 0.271
0.261 0.230 0.271
0.269 0.230 0.271
0.248 0.230 0.271
0.233 0.230 0.271
0.218 0.230 0.271
0.213 0.230 0.271
0.206 0.230 0.271
0.211 0.230 0.271
0.209 0.230 0.271
0.203 0.230 0.271
0.201 0.230 0.271
0.215 0.230 0.271
0.209 0.230 0.271
0.218 0.230 0.271
0.228 0.230 0.271
* 0.247 0.230 0.271
0.256 0.230 0.270
0.237 0.229 0.270
0.262 0.229 0.270
0.252 0.229 0.270
0.277 0.229 0.270
0.281 0.230 0.271
0.279 0.230 0.271
0.260 0.230 0.271
0.254 0.230 0.271
0.254 0.230 0.271
0.256 0.230 0.271
0.256 0.230 0.271
0.268 0.230 0.271
0.280 0.230 0.271
0.273 0.230 0.271
0.279 0.231 0.272
0.282 0.231 0.272
0.276 0.231 0.272
0.276 0.231 0.272
0.270 0.231 0.272
0.282 0.231 0.272
0.297 0.231 0.272
0.271 0.231 0.272
0.271 0.231 0.272
0.292 0.231 0.272
0.297 0.231 0.272
0.280 0.231 0.272
0.275 0.231 0.272
0.304 0.231 0.272
0.281 0.231 0.272
0.299 0.231 0.272
0.280 0.232 0.272
0.285 0.232 0.272
0.265 0.232 0.271
0.270 0.232 0.271
0.287 0.232 0.272
0.274 0.232 0.271
0.292 0.232 0.272
0.286 0.232 0.272
0.258 0.232 0.272
0.262 0.232 0.272
0.282 0.233 0.272
0.290 0.233 0.272
0.269 0.233 0.272
0.287 0.233 0.273
0.266 0.233 0.273
0.264 0.234 0.273
0.273 0.235 0.273
0.275 0.236 0.274
0.280 0.236 0.274
0.274 0.237 0.274
0.271 0.238 0.275
0.272 0.238 0.275
0.284 0.238 0.275
0.283 0.238 0.275
0.266 0.238 0.275
0.275 0.238 0.275
0.281 0.239 0.275
0.287 0.239 0.275
0.281 0.239 0.275
0.283 0.239 0.276
0.255 0.240 0.276
0.300 0.239 0.276
0.278 0.239 0.276
0.280 0.239 0.276
0.266 0.240 0.276
0.264 0.239 0.276
0.268 0.240 0.275
0.291 0.240 0.275
0.293 0.240 0.275
0.262 0.240 0.275
0.292 0.240 0.275
0.284 0.240 0.275
0.273 0.240 0.275
0.256 0.240 0.274
0.285 0.240 0.274
0.279 0.240 0.274
0.266 0.240 0.274
0.274 0.240 0.274
0.274 0.241 0.275
0.290 0.241 0.275
0.270 0.241 0.275
0.262 0.241 0.275
0.275 0.241 0.274
0.287 0.242 0.274
0.281 0.242 0.274
0.288 0.242 0.274
0.292 0.242 0.274
0.285 0.243 0.274
0.278 0.246 0.275
0.297 0.247 0.275
0.279 0.247 0.275
0.277 0.247 0.275
0.279 0.247 0.275
0.280 0.247 0.275
0.274 0.247 0.275
0.273 0.247 0.275
0.285 0.248 0.276
0.264 0.250 0.276
0.262 0.250 0.276
0.287 0.251 0.276
0.277 0.252 0.277
0.285 0.253 0.277
0.289 0.253 0.277
0.275 0.253 0.277
0.283 0.253 0.277
0.282 0.253 0.277
0.268 0.254 0.277
0.254 0.254 0.277
0.294 0.254 0.278
0.283 0.255 0.278
0.277 0.256 0.278
0.273 0.256 0.278
0.260 0.255 0.278
0.268 0.255 0.278
0.252 0.255 0.278
0.260 0.254 0.278
0.264 0.254 0.278
0.273 0.254 0.277
0.279 0.254 0.278
0.291 0.254 0.278
0.279 0.254 0.277
0.279 0.254 0.278
0.282 0.254 0.278
0.279 0.254 0.278
0.281 0.254 0.277
0.281 0.254 0.277
0.267 0.254 0.277
0.281 0.255 0.277
0.272 0.255 0.277
0.266 0.255 0.277
0.282 0.255 0.277
0.274 0.255 0.277
0.259 0.255 0.277
0.262 0.254 0.276
0.288 0.254 0.276
0.280 0.254 0.277
0.302 0.254 0.277
0.301 0.254 0.277
0.321 0.253 0.277
0.334 0.251 0.278
0.307 0.250 0.278
0.318 0.249 0.279
0.341 0.247 0.279
0.339 0.245 0.280
0.336 0.243 0.281
0.315 0.243 0.281
0.321 0.242 0.282
0.306 0.242 0.282
0.315 0.242 0.282
0.338 0.240 0.283
0.332 0.239 0.283
0.327 0.238 0.284
0.324 0.238 0.284
0.321 0.237 0.285
0.332 0.236 0.285
0.329 0.236 0.286
0.336 0.235 0.287
0.326 0.234 0.287
0.337 0.233 0.287
0.347 0.232 0.288
0.323 0.232 0.289
0.339 0.231 0.289
0.320 0.231 0.290
0.331 0.230 0.290
0.313 0.230 0.291
0.324 0.230 0.291
0.330 0.230 0.292
0.339 0.229 0.292
0.337 0.228 0.293
0.323 0.229 0.293
0.320 0.228 0.294
0.321 0.228 0.294
0.333 0.228 0.295
0.321 0.229 0.295
0.314 0.229 0.296
0.330 0.228 0.296
0.309 0.229 0.297
0.320 0.229 0.297
0.332 0.229 0.298
0.335 0.229 0.298
0.287 0.229 0.298
0.273 0.229 0.298
0.267 0.229 0.298
0.273 0.229 0.298
0.272 0.228 0.298
0.280 0.228 0.298
0.276 0.228 0.298
0.275 0.228 0.298
0.277 0.228 0.298
0.274 0.227 0.297
0.258 0.227 0.297
0.268 0.227 0.297
0.273 0.226 0.297
0.264 0.226 0.297
0.262 0.226 0.297
0.271 0.226 0.297
0.286 0.226 0.297
0.289 0.226 0.297
0.283 0.227 0.297
0.273 0.226 0.297
0.267 0.226 0.297
0.281 0.226 0.297
0.264 0.225 0.297
0.263 0.225 0.297
0.286 0.225 0.297
0.281 0.225 0.297
0.265 0.225 0.297
0.265 0.225 0.297
0.271 0.225 0.296
0.271 0.225 0.296
0.258 0.224 0.296
0.271 0.224 0.296
0.260 0.224 0.296
0.281 0.224 0.296
0.287 0.225 0.297
0.296 0.226 0.297
0.271 0.226 0.297
0.297 0.227 0.297
0.283 0.227 0.297
0.275 0.227 0.297
0.292 0.227 0.297
0.281 0.227 0.297
0.290 0.227 0.297
0.278 0.227 0.297
0.273 0.227 0.297
0.295 0.227 0.297
0.269 0.227 0.297
0.279 0.227 0.297
0.265 0.227 0.297
0.285 0.227 0.297
0.283 0.227 0.297
0.274 0.227 0.297
0.279 0.228 0.298
0.284 0.229 0.298
0.277 0.228 0.298
0.286 0.228 0.298
0.288 0.228 0.298
0.273 0.228 0.297
0.286 0.228 0.297
0.279 0.228 0.297
0.203 0.228 0.297
0.201 0.228 0.297
0.190 0.228 0.297
0.203 0.228 0.297
0.207 0.228 0.297
0.210 0.228 0.297
0.204 0.228 0.297
0.202 0.228 0.297
0.211 0.228 0.297
* 0.287 0.228 0.296
0.300 0.228 0.296
0.293 0.229 0.296
0.305 0.230 0.295
0.286 0.231 0.295
0.302 0.231 0.295
0.285 0.231 0.294
0.280 0.231 0.294
0.281 0.231 0.294
0.272 0.231 0.293
0.251 0.231 0.292
0.262 0.231 0.292
0.261 0.230 0.291
0.270 0.230 0.290
0.273 0.231 0.290
0.283 0.232 0.289
0.275 0.232 0.289
0.256 0.232 0.288
0.273 0.233 0.287
0.279 0.235 0.287
0.276 0.235 0.286
0.270 0.236 0.286
0.273 0.236 0.285
0.280 0.237 0.285
0.273 0.237 0.284
0.255 0.237 0.284
0.271 0.238 0.283
0.262 0.240 0.282
0.275 0.241 0.282
0.279 0.242 0.281
0.276 0.243 0.281
0.277 0.243 0.280
0.240 0.243 0.280
0.258 0.244 0.279
0.270 0.245 0.278
0.278 0.246 0.278
0.272 0.247 0.277
0.251 0.247 0.277
0.285 0.249 0.276
0.272 0.252 0.276
0.262 0.252 0.275
0.269 0.251 0.275
0.264 0.251 0.275
0.266 0.251 0.275
0.277 0.251 0.275
0.295 0.251 0.275
0.288 0.251 0.275
0.287 0.251 0.276
0.276 0.251 0.276
0.266 0.251 0.276
0.268 0.251 0.276
0.268 0.251 0.276
0.268 0.251 0.276
0.260 0.251 0.276
0.268 0.251 0.276
0.282 0.251 0.276
0.283 0.251 0.276
0.252 0.251 0.275
0.263 0.250 0.275
0.263 0.250 0.275
0.264 0.250 0.275
0.281 0.250 0.275
0.260 0.250 0.275
0.260 0.250 0.275
0.265 0.250 0.275
0.287 0.250 0.275
0.314 0.249 0.275
0.258 0.249 0.275
0.249 0.248 0.275
0.259 0.248 0.275
0.251 0.247 0.275
0.264 0.247 0.275
0.273 0.248 0.275
0.286 0.248 0.275
0.254 0.247 0.275
0.274 0.247 0.274
0.277 0.247 0.274
0.263 0.247 0.274
0.268 0.247 0.274
0.279 0.247 0.274
0.291 0.247 0.274
0.264 0.247 0.274
0.262 0.247 0.273
0.247 0.247 0.273
0.258 0.246 0.273
0.264 0.246 0.273
0.281 0.246 0.273
0.265 0.246 0.273
0.268 0.246 0.273
0.262 0.246 0.272
0.285 0.246 0.272
0.283 0.246 0.273
0.260 0.246 0.272
0.268 0.246 0.272
0.256 0.245 0.272
0.277 0.245 0.272
0.268 0.246 0.272
0.253 0.245 0.272
0.280 0.245 0.271
0.259 0.245 0.271
0.234 0.245 0.271
0.243 0.245 0.271
0.235 0.245 0.271
0.235 0.245 0.271
0.221 0.245 0.271
0.213 0.245 0.271
0.217 0.245 0.271
0.207 0.245 0.271
0.210 0.245 0.271
0.207 0.245 0.271
0.225 0.245 0.271
0.235 0.245 0.271
* 0.250 0.245 0.271
0.271 0.245 0.271
0.256 0.245 0.270
0.270 0.246 0.270
0.268 0.246 0.270
0.291 0.246 0.270
0.286 0.246 0.270
0.276 0.246 0.270
0.275 0.246 0.269
0.266 0.246 0.269
0.260 0.246 0.270
0.284 0.247 0.270
0.287 0.247 0.270
0.268 0.247 0.270
0.285 0.246 0.270
0.284 0.246 0.270
0.293 0.246 0.270
0.273 0.246 0.270
0.277 0.246 0.270
0.281 0.246 0.271
0.293 0.246 0.271
0.270 0.246 0.271
0.292 0.246 0.271
0.301 0.245 0.271
0.311 0.245 0.271
0.320 0.243 0.272
0.298 0.243 0.272
0.309 0.243 0.273
0.312 0.242 0.273
0.290 0.242 0.273
0.327 0.240 0.274
0.307 0.240 0.274
0.323 0.240 0.275
0.320 0.239 0.276
0.318 0.238 0.276
0.312 0.238 0.276
0.316 0.237 0.277
0.239 0.236 0.277
0.206 0.236 0.277
0.200 0.236 0.277
0.188 0.236 0.277
0.200 0.236 0.277
0.190 0.236 0.277
0.189 0.236 0.277
0.180 0.236 0.277
0.180 0.236 0.277
0.197 0.236 0.277
0.192 0.236 0.277
0.183 0.236 0.277
0.187 0.236 0.277
0.175 0.236 0.277
0.168 0.236 0.277
0.182 0.236 0.277
0.202 0.236 0.277
0.173 0.236 0.277
0.176 0.236 0.277
0.177 0.236 0.277
0.189 0.236 0.277
0.188 0.236 0.277
0.187 0.236 0.277
0.171 0.236 0.277
0.180 0.236 0.277
0.194 0.236 0.277
0.171 0.236 0.277
0.176 0.236 0.277
0.161 0.236 0.277
0.177 0.236 0.277
0.183 0.236 0.277
0.182 0.236 0.277
0.161 0.236 0.277
0.159 0.236 0.277
0.151 0.236 0.277
0.192 0.236 0.277
0.213 0.236 0.277
0.195 0.236 0.277
0.166 0.236 0.277
0.153 0.236 0.277
0.183 0.236 0.277
0.180 0.236 0.277
0.187 0.236 0.277
0.174 0.236 0.277
0.199 0.236 0.277
0.199 0.236 0.277
0.217 0.236 0.277
0.202 0.236 0.277
0.225 0.236 0.277
0.230 0.236 0.277
0.233 0.236 0.277
0.223 0.236 0.277
0.230 0.236 0.277
* 0.251 0.236 0.276
0.287 0.236 0.277
0.272 0.236 0.277
0.287 0.236 0.277
0.312 0.236 0.277
0.314 0.236 0.278
0.295 0.235 0.278
0.305 0.235 0.278
0.307 0.235 0.278
0.303 0.235 0.278
0.262 0.235 0.278
0.287 0.235 0.278
0.269 0.235 0.278
0.261 0.235 0.278
0.279 0.235 0.279
0.293 0.235 0.279
0.277 0.235 0.279
0.293 0.235 0.279
0.304 0.235 0.279
0.300 0.235 0.280
0.289 0.236 0.280
0.302 0.236 0.280
0.291 0.236 0.281
0.306 0.236 0.281
0.317 0.236 0.282
0.302 0.236 0.282
0.306 0.236 0.282
0.296 0.236 0.282
0.249 0.235 0.282
0.294 0.236 0.282
0.308 0.236 0.283
0.285 0.237 0.283
0.302 0.237 0.284
0.306 0.238 0.284
0.305 0.238 0.284
0.268 0.237 0.284
0.262 0.238 0.284
0.275 0.238 0.284
0.283 0.238 0.284
0.259 0.238 0.284
0.259 0.237 0.284
0.276 0.237 0.284
0.269 0.237 0.284
0.262 0.237 0.284
0.267 0.237 0.284
0.262 0.238 0.284
0.252 0.238 0.284
0.264 0.238 0.284
0.270 0.237 0.284
0.265 0.237 0.284
0.251 0.237 0.284
0.269 0.237 0.284
0.277 0.237 0.284
0.285 0.237 0.284
0.291 0.237 0.284
0.267 0.237 0.284
0.286 0.238 0.284
0.295 0.238 0.284
0.301 0.238 0.285
0.298 0.239 0.285
0.306 0.239 0.286
0.312 0.239 0.286
0.295 0.240 0.286
0.279 0.240 0.287
0.276 0.241 0.287
0.285 0.241 0.287
0.286 0.242 0.287
0.291 0.242 0.287
0.297 0.242 0.287
0.288 0.242 0.287
0.295 0.242 0.288
0.262 0.242 0.288
0.274 0.242 0.288
0.267 0.242 0.287
0.254 0.241 0.287
0.265 0.241 0.287
0.267 0.241 0.287
0.278 0.240 0.287
0.269 0.240 0.287
0.261 0.240 0.287
0.228 0.240 0.287
0.217 0.240 0.287
0.203 0.240 0.287
0.206 0.240 0.287
0.209 0.240 0.287
0.195 0.240 0.287
* 0.247 0.239 0.286
0.275 0.239 0.286
0.274 0.239 0.286
0.269 0.239 0.286
0.264 0.238 0.286
0.275 0.238 0.285
0.268 0.238 0.285
0.272 0.238 0.285
0.249 0.238 0.284
0.253 0.237 0.283
0.258 0.237 0.283
0.249 0.236 0.282
0.259 0.237 0.282
0.259 0.236 0.281
0.229 0.236 0.281
0.233 0.236 0.281
0.231 0.236 0.281
0.219 0.236 0.281
* 0.253 0.237 0.281
0.256 0.237 0.280
0.253 0.237 0.279
0.259 0.237 0.279
0.277 0.237 0.278
0.255 0.238 0.279
0.241 0.238 0.278
0.255 0.237 0.278
0.272 0.237 0.278
0.293 0.237 0.278
0.272 0.238 0.278
0.269 0.238 0.277
0.296 0.238 0.277
0.259 0.238 0.277
0.276 0.238 0.277
0.278 0.239 0.276
0.291 0.239 0.277
0.279 0.239 0.277
0.277 0.239 0.277
0.255 0.239 0.277
0.261 0.239 0.276
0.240 0.238 0.276
0.244 0.237 0.276
0.252 0.237 0.275
0.263 0.237 0.275
0.264 0.237 0.274
0.275 0.237 0.274
0.265 0.237 0.274
0.246 0.236 0.273
0.205 0.236 0.273
0.215 0.236 0.273
0.250 0.233 0.271
0.246 0.233 0.270
0.254 0.233 0.270
0.277 0.233 0.270
0.258 0.233 0.270
0.266 0.234 0.269
0.270 0.234 0.269
0.247 0.234 0.269
0.272 0.234 0.268
0.242 0.234 0.268
0.256 0.234 0.268
0.237 0.233 0.267
0.242 0.233 0.267
0.232 0.233 0.267
0.244 0.232 0.266
0.246 0.232 0.266
0.239 0.231 0.266
0.244 0.231 0.266
0.252 0.231 0.265
0.236 0.230 0.265
0.235 0.229 0.265
0.220 0.229 0.265
0.234 0.228 0.264
0.227 0.228 0.264
0.239 0.226 0.264
0.258 0.227 0.264
0.247 0.226 0.263
0.237 0.226 0.263
0.238 0.226 0.263
0.252 0.226 0.262
0.247 0.226 0.262
0.242 0.225 0.262
0.254 0.226 0.261
0.231 0.226 0.260
0.260 0.226 0.260
0.238 0.226 0.259
0.269 0.227 0.259
0.256 0.228 0.259
0.247 0.228 0.258
0.259 0.228 0.258
0.244 0.228 0.258
0.273 0.228 0.257
0.246 0.228 0.257
0.244 0.229 0.257
0.269 0.229 0.256
0.259 0.229 0.256
0.249 0.229 0.256
0.255 0.229 0.256
0.245 0.229 0.255
0.258 0.229 0.255
0.268 0.229 0.256
0.273 0.229 0.256
0.273 0.229 0.256
0.238 0.229 0.255
0.247 0.229 0.255
0.224 0.229 0.255
0.267 0.228 0.255
0.259 0.228 0.255
0.252 0.228 0.254
0.258 0.228 0.254
0.273 0.229 0.254
0.267 0.229 0.254
0.264 0.229 0.254
0.240 0.228 0.254
0.243 0.228 0.254
0.249 0.228 0.254
0.243 0.228 0.254
0.247 0.228 0.254
0.250 0.228 0.254
0.243 0.228 0.254
0.238 0.228 0.253
0.239 0.228 0.253
0.251 0.227 0.253
0.232 0.227 0.253
0.235 0.227 0.253
0.245 0.227 0.253
0.256 0.227 0.253
0.240 0.227 0.252
0.226 0.227 0.252
0.249 0.227 0.251
0.245 0.227 0.251
0.260 0.228 0.251
0.266 0.228 0.251
0.242 0.228 0.251
0.235 0.228 0.250
0.247 0.228 0.250
0.249 0.229 0.249
0.236 0.229 0.249
0.253 0.229 0.249
0.232 0.228 0.249
0.249 0.229 0.249
0.273 0.228 0.249
0.292 0.228 0.249
0.270 0.228 0.250
0.278 0.227 0.250
0.264 0.228 0.250
0.246 0.228 0.249
0.226 0.228 0.249
0.249 0.229 0.250
0.242 0.229 0.250
0.259 0.229 0.250
0.242 0.229 0.250
0.260 0.229 0.250
0.235 0.229 0.250
0.240 0.229 0.249
0.225 0.229 0.249
0.250 0.229 0.249
0.243 0.229 0.249
0.237 0.229 0.248
0.249 0.229 0.248
0.255 0.229 0.248
0.275 0.229 0.249
0.260 0.229 0.249
0.270 0.229 0.249
0.293 0.228 0.250
0.283 0.228 0.250
0.276 0.228 0.251
0.249 0.228 0.251
0.260 0.228 0.251
0.234 0.228 0.251
0.254 0.228 0.251
0.238 0.229 0.251
0.224 0.229 0.251
0.225 0.229 0.251
0.242 0.229 0.251
0.237 0.228 0.251
0.238 0.228 0.251
0.225 0.228 0.251
0.253 0.228 0.251
0.238 0.228 0.251
0.238 0.228 0.250
0.250 0.228 0.251
0.238 0.228 0.250
0.235 0.228 0.250
0.222 0.228 0.250
0.273 0.227 0.250
0.243 0.227 0.250
0.233 0.227 0.250
0.238 0.227 0.250
0.236 0.227 0.250
0.244 0.227 0.250
0.236 0.227 0.249
0.241 0.227 0.249
0.250 0.227 0.249
0.232 0.226 0.249
0.254 0.226 0.249
0.245 0.226 0.249
0.234 0.226 0.249
0.238 0.226 0.249
0.235 0.226 0.248
0.242 0.226 0.248
0.250 0.226 0.248
0.260 0.226 0.248
0.265 0.226 0.248
0.255 0.226 0.248
0.263 0.227 0.248
0.250 0.227 0.248
0.231 0.226 0.248
0.264 0.226 0.248
0.241 0.226 0.248
0.225 0.226 0.248
0.252 0.226 0.247
0.245 0.226 0.247
0.249 0.226 0.247
0.259 0.226 0.247
0.235 0.226 0.247
0.242 0.226 0.247
0.251 0.226 0.247
0.258 0.226 0.247
0.248 0.226 0.247
0.254 0.226 0.248
0.245 0.226 0.248
0.239 0.226 0.247
0.260 0.227 0.248
0.244 0.227 0.248
0.244 0.227 0.248
0.243 0.227 0.248
0.239 0.227 0.248
0.244 0.227 0.248
0.239 0.227 0.248
0.244 0.227 0.248
0.230 0.227 0.247
0.239 0.227 0.247
0.241 0.227 0.247
0.245 0.227 0.247
0.253 0.227 0.247
0.238 0.227 0.247
0.223 0.227 0.247
0.223 0.227 0.247
0.245 0.226 0.247
0.257 0.226 0.247
0.223 0.226 0.247
0.232 0.226 0.246
0.241 0.226 0.246
0.237 0.227 0.245
0.240 0.227 0.245
0.244 0.227 0.245
0.238 0.227 0.245
0.220 0.227 0.245
0.235 0.226 0.245
0.243 0.226 0.245
0.254 0.226 0.245
0.241 0.226 0.244
0.239 0.226 0.244
0.258 0.226 0.245
0.237 0.227 0.245
0.245 0.227 0.245
0.263 0.227 0.245
0.262 0.227 0.245
0.233 0.226 0.245
0.263 0.226 0.245
0.236 0.227 0.245
0.244 0.227 0.245
0.255 0.227 0.244
0.250 0.228 0.244
0.237 0.228 0.244
0.259 0.229 0.243
0.259 0.229 0.243
0.248 0.229 0.243
0.240 0.229 0.243
0.256 0.229 0.243
0.227 0.229 0.243
0.256 0.229 0.244
0.257 0.229 0.244
0.197 0.229 0.244
0.253 0.228 0.244
0.257 0.228 0.244
0.233 0.228 0.244
0.211 0.228 0.244
0.253 0.227 0.244
0.244 0.227 0.244
0.247 0.227 0.244
0.238 0.227 0.244
0.230 0.227 0.244
0.252 0.227 0.244
0.270 0.228 0.244
0.251 0.228 0.244
0.254 0.228 0.244
0.241 0.228 0.244
0.278 0.227 0.245
0.263 0.227 0.245
0.264 0.227 0.245
0.256 0.228 0.245
0.239 0.227 0.245
0.222 0.227 0.245
0.246 0.227 0.245
0.232 0.227 0.245
0.233 0.227 0.245
0.255 0.227 0.245
0.267 0.227 0.245
0.285 0.227 0.246
0.251 0.227 0.246
0.263 0.227 0.246
0.246 0.227 0.246
0.255 0.227 0.246
0.257 0.227 0.246
0.258 0.227 0.246
0.229 0.227 0.246
0.273 0.226 0.246
0.284 0.226 0.246
0.284 0.226 0.247
0.242 0.226 0.247
0.277 0.226 0.247
0.288 0.225 0.247
0.314 0.224 0.248
0.295 0.223 0.248
0.293 0.223 0.249
0.312 0.221 0.250
0.302 0.220 0.250
0.282 0.220 0.250
0.302 0.220 0.251
0.318 0.218 0.252
0.288 0.218 0.252
0.304 0.217 0.253
0.299 0.217 0.253
0.321 0.216 0.254
0.304 0.215 0.254
0.327 0.214 0.255
0.310 0.213 0.256
0.301 0.213 0.257
0.301 0.213 0.257
0.315 0.212 0.258
0.310 0.212 0.259
0.297 0.212 0.259
0.316 0.211 0.260
0.309 0.211 0.261
0.296 0.210 0.261
0.310 0.210 0.262
0.314 0.210 0.263
0.307 0.210 0.264
0.318 0.209 0.264
0.283 0.210 0.265
0.291 0.210 0.265
0.303 0.210 0.266
0.309 0.210 0.267
0.293 0.210 0.267
0.312 0.210 0.268
0.321 0.210 0.269
0.327 0.210 0.270
0.324 0.210 0.271
0.350 0.208 0.272
0.339 0.207 0.273
0.331 0.207 0.274
0.331 0.206 0.274
0.323 0.206 0.275
0.292 0.206 0.276
0.346 0.205 0.277
0.303 0.205 0.277
0.329 0.204 0.278
0.336 0.204 0.279
0.324 0.204 0.279
0.350 0.203 0.280
0.329 0.203 0.281
0.322 0.203 0.282
0.315 0.203 0.283
0.328 0.203 0.284
0.315 0.203 0.284
0.325 0.203 0.285
0.351 0.202 0.286
0.324 0.202 0.287
0.316 0.203 0.287
0.311 0.204 0.288
0.295 0.204 0.288
0.291 0.205 0.289
0.295 0.208 0.290
0.314 0.208 0.290
0.301 0.209 0.291
0.302 0.210 0.292
0.293 0.213 0.292
0.310 0.213 0.293
0.286 0.214 0.293
0.298 0.215 0.294
0.296 0.217 0.294
0.308 0.219 0.295
0.285 0.220 0.296
0.298 0.220 0.296
0.299 0.221 0.296
0.285 0.222 0.297
0.300 0.224 0.297
0.292 0.224 0.297
0.295 0.224 0.298
0.296 0.225 0.298
0.313 0.226 0.299
0.276 0.228 0.299
0.304 0.231 0.300
0.281 0.232 0.300
0.316 0.235 0.301
0.289 0.238 0.302
0.264 0.238 0.302
0.301 0.239 0.302
0.288 0.239 0.302
0.278 0.241 0.302
0.300 0.242 0.303
0.304 0.244 0.303
0.247 0.244 0.303
0.271 0.244 0.303
0.309 0.246 0.304
0.312 0.250 0.305
0.287 0.251 0.305
0.308 0.251 0.305
0.297 0.251 0.305
0.313 0.255 0.306
0.315 0.256 0.306
0.293 0.256 0.306
0.296 0.256 0.306
0.296 0.256 0.306
0.305 0.256 0.306
0.297 0.256 0.306
0.322 0.256 0.306
0.329 0.256 0.307
0.310 0.256 0.307
0.305 0.256 0.307
0.290 0.256 0.307
0.206 0.256 0.307
0.189 0.256 0.307
0.173 0.256 0.307
0.196 0.256 0.307
0.198 0.256 0.307
0.226 0.256 0.307
0.171 0.256 0.307
0.207 0.256 0.307
* 0.277 0.255 0.306
0.272 0.254 0.306
0.279 0.254 0.306
0.285 0.253 0.306
0.282 0.253 0.305
0.276 0.252 0.305
0.254 0.250 0.304
0.280 0.249 0.304
0.296 0.249 0.304
0.244 0.249 0.304
0.270 0.246 0.303
0.292 0.246 0.303
0.293 0.246 0.303
0.277 0.245 0.302
0.285 0.245 0.302
0.276 0.244 0.302
0.254 0.243 0.301
0.301 0.243 0.301
0.272 0.242 0.301
0.286 0.242 0.301
0.272 0.242 0.301
0.277 0.241 0.300
0.283 0.241 0.300
0.274 0.240 0.300
0.274 0.240 0.299
0.255 0.239 0.299
0.258 0.238 0.298
0.252 0.238 0.297
0.248 0.238 0.296
0.213 0.238 0.296
0.247 0.233 0.294
0.238 0.232 0.293
0.246 0.230 0.293
0.231 0.229 0.292
0.183 0.229 0.292
0.209 0.229 0.292
0.257 0.221 0.288
0.252 0.221 0.288
0.250 0.222 0.287
0.245 0.222 0.286
0.261 0.222 0.285
0.258 0.221 0.285
0.268 0.222 0.284
0.260 0.222 0.283
0.249 0.222 0.283
0.262 0.223 0.282
0.287 0.224 0.281
0.293 0.224 0.281
0.286 0.225 0.281
0.290 0.225 0.281
0.297 0.225 0.281
0.280 0.225 0.281
0.265 0.225 0.280
0.260 0.225 0.280
0.290 0.225 0.280
0.289 0.225 0.280
0.266 0.225 0.279
0.279 0.225 0.279
0.287 0.225 0.279
0.273 0.225 0.279
0.259 0.225 0.278
0.251 0.225 0.278
0.254 0.224 0.278
0.263 0.224 0.277
0.284 0.224 0.277
0.283 0.225 0.277
0.263 0.224 0.277
0.256 0.224 0.276
0.264 0.224 0.276
0.261 0.224 0.276
0.271 0.224 0.275
0.245 0.224 0.275
0.257 0.224 0.275
0.271 0.224 0.274
0.250 0.224 0.274
0.276 0.224 0.274
0.262 0.224 0.274
0.235 0.223 0.273
0.259 0.223 0.273
0.228 0.222 0.272
0.260 0.223 0.272
0.247 0.223 0.272
0.247 0.222 0.271
0.218 0.222 0.271
0.243 0.222 0.270
0.240 0.221 0.269
0.254 0.221 0.269
0.247 0.221 0.268
0.262 0.222 0.268
0.259 0.222 0.267
0.258 0.223 0.267
0.269 0.223 0.267
0.269 0.223 0.266
0.296 0.223 0.266
0.272 0.223 0.266
0.266 0.225 0.265
0.282 0.226 0.265
0.271 0.227 0.265
0.300 0.227 0.265
0.280 0.227 0.264
0.259 0.227 0.264
0.256 0.227 0.264
0.262 0.227 0.264
0.252 0.227 0.264
0.257 0.227 0.263
0.216 0.227 0.263
0.223 0.227 0.263
0.264 0.225 0.262
0.239 0.225 0.262
0.269 0.225 0.262
0.271 0.225 0.262
0.238 0.225 0.261
0.218 0.225 0.261
0.240 0.224 0.260
0.240 0.224 0.260
0.240 0.223 0.259
0.267 0.224 0.260
0.249 0.224 0.259
0.251 0.224 0.259
0.219 0.224 0.259
0.224 0.224 0.259
0.259 0.223 0.258
0.247 0.223 0.257
0.253 0.223 0.257
0.223 0.222 0.256
0.182 0.222 0.256
0.193 0.222 0.256
0.226 0.218 0.255
0.234 0.217 0.255
0.244 0.218 0.255
0.219 0.217 0.255
0.240 0.217 0.255
0.234 0.217 0.255
0.240 0.217 0.255
0.228 0.219 0.255
0.235 0.220 0.255
0.250 0.220 0.255
0.265 0.220 0.255
0.255 0.220 0.256
0.236 0.220 0.255
0.231 0.220 0.255
0.250 0.220 0.255
0.241 0.219 0.255
0.260 0.219 0.255
0.248 0.219 0.255
0.237 0.219 0.255
0.239 0.219 0.254
0.224 0.219 0.253
0.219 0.219 0.253
0.227 0.219 0.252
0.222 0.219 0.251
0.231 0.219 0.251
0.239 0.219 0.251
0.235 0.218 0.250
0.222 0.218 0.250
0.217 0.218 0.250
0.224 0.218 0.249
0.227 0.218 0.248
0.221 0.218 0.247
0.242 0.218 0.247
0.220 0.217 0.247
0.255 0.217 0.247
0.248 0.217 0.247
0.253 0.217 0.247
0.252 0.218 0.246
0.227 0.218 0.246
0.248 0.218 0.245
0.219 0.217 0.245
0.230 0.217 0.245
0.225 0.217 0.244
0.230 0.217 0.244
0.218 0.217 0.244
0.255 0.217 0.244
0.243 0.217 0.243
0.206 0.217 0.243
0.223 0.216 0.242
0.222 0.216 0.242
0.216 0.215 0.242
0.208 0.215 0.242
0.218 0.215 0.241
0.214 0.215 0.241
0.209 0.215 0.241
0.228 0.214 0.240
0.225 0.214 0.240
0.223 0.214 0.240
0.212 0.214 0.240
0.218 0.213 0.240
0.217 0.213 0.239
0.221 0.213 0.239
0.249 0.213 0.239
0.246 0.213 0.239
0.251 0.213 0.238
0.248 0.213 0.238
0.254 0.214 0.238
0.266 0.214 0.238
0.267 0.214 0.238
0.248 0.214 0.237
0.280 0.214 0.237
0.260 0.215 0.237
0.257 0.215 0.237
0.263 0.215 0.237
0.251 0.215 0.237
0.234 0.215 0.237
0.222 0.215 0.236
0.244 0.215 0.236
0.239 0.215 0.236
0.234 0.215 0.236
0.243 0.216 0.236
0.239 0.216 0.236
0.224 0.216 0.236
0.229 0.216 0.235
0.259 0.216 0.236
0.239 0.216 0.236
0.250 0.216 0.236
0.244 0.216 0.236
0.240 0.216 0.236
0.235 0.216 0.236
0.239 0.216 0.236
0.238 0.216 0.235
0.232 0.216 0.236
0.245 0.216 0.236
0.234 0.216 0.235
0.221 0.216 0.235
0.245 0.216 0.235
0.211 0.216 0.235
0.215 0.216 0.235
0.232 0.218 0.236
0.245 0.218 0.236
0.217 0.218 0.236
0.237 0.218 0.236
0.227 0.218 0.236
0.241 0.218 0.236
0.240 0.218 0.236
0.250 0.218 0.236
0.240 0.218 0.236
0.248 0.218 0.236
0.248 0.218 0.236
0.228 0.218 0.236
0.229 0.218 0.236
0.228 0.218 0.235
0.241 0.218 0.236
0.229 0.218 0.235
0.258 0.218 0.236
0.248 0.218 0.235
0.230 0.218 0.235
0.258 0.218 0.235
0.256 0.218 0.236
0.265 0.218 0.236
0.291 0.217 0.237
0.277 0.217 0.237
0.294 0.217 0.238
0.280 0.216 0.238
0.276 0.216 0.239
0.290 0.215 0.239
0.259 0.216 0.240
0.248 0.216 0.240
0.251 0.216 0.240
0.253 0.216 0.241
0.241 0.217 0.241
0.254 0.217 0.241
0.246 0.217 0.241
0.249 0.217 0.241
0.286 0.216 0.241
0.248 0.216 0.241
0.242 0.216 0.241
0.250 0.217 0.242
0.255 0.217 0.242
0.253 0.217 0.242
0.234 0.217 0.242
0.253 0.217 0.242
0.272 0.217 0.243
0.288 0.217 0.243
0.240 0.217 0.243
0.241 0.217 0.243
0.243 0.218 0.244
0.237 0.218 0.244
0.263 0.218 0.244
0.259 0.219 0.245
0.274 0.219 0.245
0.272 0.219 0.246
0.288 0.220 0.246
0.261 0.220 0.247
0.292 0.220 0.248
0.289 0.220 0.248
0.296 0.220 0.249
0.283 0.220 0.250
0.271 0.221 0.250
0.269 0.221 0.251
0.281 0.222 0.251
0.267 0.222 0.252
0.277 0.222 0.252
0.274 0.222 0.252
0.250 0.222 0.252
0.255 0.222 0.252
0.256 0.222 0.252
0.297 0.221 0.252
0.280 0.221 0.253
0.295 0.221 0.253
0.300 0.220 0.253
0.278 0.220 0.253
0.292 0.220 0.254
0.277 0.220 0.254
0.277 0.220 0.254
0.288 0.220 0.255
0.283 0.220 0.255
0.295 0.220 0.256
0.290 0.220 0.257
0.280 0.220 0.257
0.287 0.220 0.257
0.286 0.220 0.258
0.295 0.220 0.259
0.310 0.220 0.259
0.290 0.220 0.260
0.290 0.220 0.260
0.295 0.219 0.261
0.309 0.219 0.261
0.282 0.219 0.262
0.305 0.219 0.262
0.292 0.219 0.263
0.284 0.220 0.263
0.290 0.220 0.264
0.302 0.220 0.265
0.282 0.221 0.265
0.301 0.221 0.266
0.296 0.222 0.267
0.296 0.223 0.267
0.298 0.224 0.268
0.283 0.224 0.268
0.322 0.224 0.270
0.305 0.225 0.270
0.317 0.225 0.271
0.290 0.225 0.272
0.309 0.226 0.272
0.309 0.225 0.273
0.296 0.226 0.273
0.299 0.226 0.274
0.313 0.226 0.275
0.288 0.227 0.275
0.291 0.229 0.276
0.303 0.230 0.277
0.290 0.230 0.277
0.307 0.232 0.278
0.315 0.231 0.278
0.311 0.232 0.279
0.307 0.233 0.280
0.291 0.233 0.280
0.308 0.233 0.281
0.321 0.233 0.281
0.331 0.232 0.282
0.316 0.232 0.282
0.293 0.232 0.282
0.306 0.231 0.282
0.306 0.231 0.283
0.319 0.231 0.283
0.313 0.231 0.283
0.323 0.231 0.284
0.317 0.231 0.285
0.288 0.232 0.285
0.317 0.233 0.286
0.312 0.234 0.287
0.294 0.235 0.287
0.295 0.236 0.287
0.301 0.236 0.288
0.289 0.237 0.288
0.289 0.238 0.288
0.270 0.239 0.289
0.288 0.240 0.289
0.272 0.240 0.289
0.263 0.242 0.290
0.270 0.243 0.290
0.268 0.243 0.290
0.272 0.242 0.289
0.276 0.244 0.290
0.284 0.246 0.290
0.254 0.246 0.290
0.279 0.248 0.291
0.270 0.249 0.291
0.251 0.248 0.291
0.278 0.248 0.291
0.275 0.249 0.291
0.259 0.248 0.291
0.270 0.248 0.291
0.276 0.248 0.290
0.257 0.247 0.290
0.249 0.245 0.290
0.253 0.244 0.289
0.238 0.244 0.289
0.237 0.244 0.289
0.250 0.240 0.288
0.267 0.240 0.288
0.263 0.240 0.288
0.256 0.239 0.288
0.260 0.240 0.288
0.245 0.239 0.288
0.281 0.240 0.288
0.267 0.239 0.288
0.264 0.239 0.288
0.248 0.238 0.287
0.274 0.238 0.287
0.266 0.238 0.287
0.257 0.237 0.287
0.291 0.237 0.287
0.295 0.237 0.287
0.307 0.237 0.287
0.266 0.237 0.287
0.302 0.237 0.287
0.259 0.236 0.287
0.268 0.236 0.287
0.292 0.236 0.287
0.285 0.236 0.287
0.274 0.236 0.287
0.257 0.235 0.286
0.265 0.235 0.286
0.265 0.235 0.285
0.245 0.233 0.285
0.248 0.233 0.284
0.253 0.232 0.284
0.268 0.232 0.284
0.225 0.232 0.284
0.262 0.230 0.283
0.247 0.229 0.282
0.254 0.229 0.282
0.247 0.228 0.282
0.251 0.227 0.281
0.254 0.227 0.281
0.261 0.227 0.280
0.263 0.227 0.280
0.264 0.227 0.280
0.261 0.227 0.279
0.263 0.227 0.279
0.253 0.227 0.278
0.257 0.227 0.278
0.242 0.226 0.277
0.249 0.226 0.276
0.243 0.226 0.276
0.254 0.225 0.275
0.245 0.225 0.275
0.251 0.225 0.274
0.243 0.225 0.274
0.265 0.225 0.274
0.237 0.224 0.273
0.263 0.224 0.273
0.255 0.225 0.272
0.269 0.225 0.272
0.240 0.225 0.271
0.258 0.225 0.271
0.256 0.225 0.270
0.252 0.226 0.269
0.261 0.227 0.269
0.268 0.228 0.268
0.263 0.228 0.268
0.256 0.228 0.267
0.230 0.228 0.267
0.227 0.228 0.267
0.218 0.228 0.267
0.220 0.228 0.267
0.210 0.228 0.267
* 0.249 0.229 0.266
0.240 0.229 0.265
0.221 0.229 0.265
0.233 0.230 0.263
0.218 0.230 0.263
0.205 0.230 0.263
0.230 0.230 0.263
0.214 0.230 0.263
0.221 0.230 0.263
0.229 0.230 0.263
* 0.254 0.230 0.263
0.224 0.230 0.263
0.237 0.231 0.261
0.226 0.231 0.261
0.221 0.231 0.261
0.232 0.230 0.259
0.223 0.230 0.259
0.238 0.229 0.258
0.224 0.229 0.258
0.231 0.228 0.257
0.229 0.228 0.257
0.231 0.227 0.256
0.230 0.227 0.256
0.237 0.226 0.256
0.226 0.226 0.256
0.240 0.226 0.255
0.245 0.226 0.254
0.247 0.226 0.254
0.249 0.226 0.254
0.249 0.226 0.254
0.264 0.226 0.254
0.240 0.226 0.254
0.252 0.226 0.253
0.264 0.226 0.253
0.257 0.226 0.253
0.273 0.226 0.253
0.272 0.226 0.253
0.263 0.226 0.253
0.263 0.226 0.254
0.247 0.226 0.254
0.256 0.226 0.254
0.257 0.226 0.254
0.243 0.226 0.254
0.234 0.226 0.253
0.250 0.226 0.253
0.245 0.226 0.253
0.246 0.226 0.253
0.241 0.226 0.253
0.243 0.226 0.253
0.261 0.226 0.253
0.247 0.226 0.253
