0.276 0.240
0.278 0.240
0.266 0.240
0.269 0.240
0.251 0.240
0.238 0.240
0.147 0.240
0.166 0.240
0.214 0.240
0.237 0.240
* 0.254 0.240
0.246 0.240
x
0.263 0.240
x
0.248 0.240
0.251 0.240
0.262 0.240
0.269 0.240
0.274 0.240
0.268 0.240
0.270 0.240
0.264 0.240
0.248 0.240
0.268 0.240
0.258 0.240
0.276 0.240
0.269 0.240
0.271 0.240
0.246 0.240
0.276 0.240
0.273 0.240
0.277 0.240
0.257 0.240
0.267 0.240
0.249 0.240
0.254 0.240
0.272 0.240
0.252 0.240
0.278 0.240
0.260 0.240
0.281 0.240
0.264 0.240
0.262 0.240
0.266 0.240
0.275 0.240
0.273 0.240
0.229 0.240
0.147 0.240
0.219 0.240
* 0.241 0.240
0.264 0.240
0.260 0.240
0.270 0.240
0.273 0.240
0.259 0.240
0.262 0.240
0.268 0.240
0.265 0.240
0.277 0.240
0.266 0.240
0.265 0.240
0.269 0.240
0.277 0.240
0.283 0.240
0.261 0.240
0.284 0.240
0.281 0.240
0.283 0.240
0.276 0.240
0.253 0.240
0.265 0.240
0.262 0.240
0.255 0.240
0.263 0.240
0.254 0.240
0.261 0.240
0.248 0.240
0.263 0.240
0.263 0.240
0.259 0.240
0.241 0.240
0.255 0.240
0.236 0.240
0.247 0.240
0.240 0.240
0.249 0.240
0.249 0.240
0.251 0.240
0.266 0.240
0.272 0.240
0.270 0.240
0.268 0.240
0.266 0.240
0.262 0.240
0.280 0.240
0.260 0.240
0.277 0.240
0.278 0.240
0.272 0.240
0.271 0.240
0.279 0.240
0.279 0.240
0.259 0.240
0.269 0.240
0.258 0.240
0.247 0.240
0.262 0.240
0.255 0.240
0.266 0.240
0.258 0.240
0.266 0.240
0.264 0.240
0.262 0.240
0.253 0.240
0.249 0.240
0.253 0.240
0.271 0.240
0.228 0.240
0.225 0.240
0.223 0.240
* 0.245 0.240
0.218 0.240
0.218 0.240
0.219 0.240
0.220 0.240
0.215 0.240
0.217 0.240
0.236 0.240
* 0.270 0.240
0.265 0.240
0.295 0.240
0.305 0.240
0.298 0.240
0.289 0.240
0.308 0.240
0.326 0.240
0.325 0.240
0.320 0.240
0.306 0.240
0.301 0.240
0.306 0.240
0.323 0.240
0.347 0.240
0.327 0.240
0.300 0.240
0.329 0.240
0.300 0.240
0.316 0.240
0.317 0.240
0.322 0.240
0.332 0.240
0.315 0.240
0.335 0.240
0.316 0.240
0.319 0.240
0.313 0.240
0.308 0.240
0.314 0.240
0.313 0.240
0.324 0.240
0.322 0.240
0.230 0.240
0.266 0.240
0.283 0.240
0.279 0.240
0.295 0.240
0.279 0.240
0.310 0.240
0.292 0.240
0.309 0.240
0.288 0.240
0.290 0.240
0.303 0.240
0.291 0.240
0.293 0.240
0.248 0.240
0.249 0.240
0.254 0.240
0.265 0.240
0.252 0.240
0.256 0.240
0.249 0.240
0.252 0.240
0.244 0.240
0.251 0.240
0.265 0.240
0.251 0.240
0.246 0.240
0.266 0.240
0.272 0.240
0.266 0.240
0.263 0.240
0.260 0.240
0.246 0.240
0.254 0.240
0.261 0.240
0.256 0.240
0.239 0.240
0.247 0.240
0.246 0.240
0.252 0.240
0.243 0.240
0.261 0.240
0.253 0.240
0.255 0.240
0.241 0.240
0.250 0.240
0.235 0.240
0.240 0.240
0.265 0.240
0.259 0.240
0.251 0.240
0.242 0.240
0.247 0.240
0.260 0.240
0.248 0.240
0.249 0.240
0.259 0.240
0.247 0.240
0.239 0.240
0.259 0.240
0.254 0.240
0.251 0.240
0.254 0.240
0.248 0.240
0.252 0.240
0.256 0.240
0.249 0.240
0.244 0.240
0.247 0.240
0.241 0.240
0.258 0.240
0.246 0.240
0.247 0.240
0.254 0.240
0.258 0.240
0.234 0.240
0.229 0.240
0.215 0.240
0.226 0.240
0.231 0.240
0.225 0.240
0.213 0.240
0.209 0.240
0.208 0.240
0.209 0.240
0.212 0.240
0.208 0.240
0.212 0.240
0.219 0.240
0.225 0.240
0.207 0.240
0.212 0.240
0.235 0.240
0.221 0.240
0.233 0.240
0.219 0.240
0.211 0.240
0.240 0.240
0.218 0.240
0.221 0.240
0.209 0.240
0.228 0.240
0.237 0.240
0.233 0.240
0.219 0.240
0.219 0.240
0.225 0.240
0.222 0.240
0.227 0.240
0.214 0.240
0.216 0.240
0.230 0.240
0.215 0.240
0.231 0.240
0.237 0.240
0.214 0.240
0.226 0.240
0.218 0.240
0.225 0.240
0.216 0.240
0.228 0.240
0.234 0.240
0.218 0.240
0.233 0.240
0.226 0.240
* 0.290 0.240
0.275 0.240
0.290 0.240
0.276 0.240
0.284 0.240
0.295 0.240
0.282 0.240
0.271 0.240
0.292 0.240
0.291 0.240
0.283 0.240
0.292 0.240
0.300 0.240
0.291 0.240
0.288 0.240
0.288 0.240
0.282 0.240
0.281 0.240
0.284 0.240
0.280 0.240
0.296 0.240
0.275 0.240
0.289 0.240
0.308 0.240
0.278 0.240
0.279 0.240
0.295 0.240
0.302 0.240
0.305 0.240
0.309 0.240
0.307 0.240
0.297 0.240
0.314 0.240
0.315 0.240
0.290 0.240
0.302 0.240
0.289 0.240
0.306 0.240
0.300 0.240
0.289 0.240
0.245 0.240
0.203 0.240
0.250 0.240
0.260 0.240
0.272 0.240
0.279 0.240
0.247 0.240
0.256 0.240
0.275 0.240
0.267 0.240
0.262 0.240
0.265 0.240
0.252 0.240
0.251 0.240
0.258 0.240
0.275 0.240
0.272 0.240
0.267 0.240
0.266 0.240
0.262 0.240
0.236 0.240
0.236 0.240
0.246 0.240
0.247 0.240
0.275 0.240
0.262 0.240
0.259 0.240
0.247 0.240
0.250 0.240
0.228 0.240
0.242 0.240
0.240 0.240
0.236 0.240
0.245 0.240
0.248 0.240
0.236 0.240
0.248 0.240
0.253 0.240
0.250 0.240
0.245 0.240
0.252 0.240
0.268 0.240
0.251 0.240
0.249 0.240
0.253 0.240
0.233 0.240
0.161 0.240
0.198 0.240
* 0.247 0.240
0.242 0.240
0.257 0.240
0.253 0.240
0.258 0.240
0.256 0.240
0.267 0.240
0.257 0.240
0.274 0.240
0.284 0.240
0.280 0.240
0.281 0.240
0.268 0.240
0.253 0.240
0.293 0.240
0.264 0.240
0.244 0.240
0.243 0.240
0.250 0.240
0.256 0.240
0.261 0.240
0.257 0.240
0.256 0.240
0.257 0.240
0.240 0.240
0.256 0.240
0.223 0.240
0.226 0.240
0.221 0.240
* 0.259 0.240
0.228 0.240
0.253 0.240
0.253 0.240
0.265 0.240
0.262 0.240
0.251 0.240
0.280 0.240
0.200 0.240
0.243 0.240
0.266 0.240
0.275 0.240
0.235 0.240
0.231 0.240
0.246 0.240
0.251 0.240
0.251 0.240
0.255 0.240
0.244 0.240
0.251 0.240
0.262 0.240
0.235 0.240
0.251 0.240
0.250 0.240
0.250 0.240
0.269 0.240
0.250 0.240
0.260 0.240
0.286 0.240
0.274 0.240
0.272 0.240
0.224 0.240
0.256 0.240
0.250 0.240
0.236 0.240
0.264 0.240
0.243 0.240
0.243 0.240
0.250 0.240
0.245 0.240
0.256 0.240
0.263 0.240
0.263 0.240
0.252 0.240
0.262 0.240
0.246 0.240
0.253 0.240
0.260 0.240
0.245 0.240
0.237 0.240
0.252 0.240
0.241 0.240
0.259 0.240
0.245 0.240
0.271 0.240
0.267 0.240
0.259 0.240
0.263 0.240
0.263 0.240
0.267 0.240
0.280 0.240
0.267 0.240
0.282 0.240
0.277 0.240
0.286 0.240
0.276 0.240
0.267 0.240
0.269 0.240
0.263 0.240
0.287 0.240
0.265 0.240
0.274 0.240
0.256 0.240
0.254 0.240
0.271 0.240
0.244 0.240
0.256 0.240
0.274 0.240
0.246 0.240
0.259 0.240
0.259 0.240
0.253 0.240
0.250 0.240
0.269 0.240
0.284 0.240
0.250 0.240
0.252 0.240
0.250 0.240
0.252 0.240
0.284 0.240
0.252 0.240
0.259 0.240
0.276 0.240
0.263 0.240
0.262 0.240
0.271 0.240
0.199 0.240
0.208 0.240
0.209 0.240
0.214 0.240
0.237 0.240
0.238 0.240
* 0.246 0.240
0.252 0.240
0.269 0.240
0.254 0.240
0.273 0.240
0.256 0.240
0.263 0.240
0.248 0.240
0.258 0.240
0.250 0.240
0.269 0.240
0.260 0.240
0.259 0.240
0.261 0.240
0.261 0.240
0.241 0.240
0.258 0.240
0.239 0.240
0.246 0.240
0.256 0.240
0.263 0.240
0.259 0.240
0.254 0.240
0.265 0.240
0.248 0.240
0.256 0.240
0.265 0.240
0.254 0.240
0.256 0.240
0.256 0.240
0.263 0.240
0.263 0.240
0.244 0.240
0.231 0.240
0.269 0.240
0.265 0.240
0.267 0.240
0.264 0.240
0.268 0.240
0.240 0.240
0.246 0.240
0.265 0.240
0.244 0.240
0.246 0.240
0.260 0.240
0.250 0.240
0.263 0.240
0.267 0.240
0.263 0.240
0.260 0.240
0.244 0.240
0.271 0.240
0.267 0.240
0.280 0.240
0.250 0.240
0.279 0.240
0.280 0.240
0.284 0.240
0.280 0.240
0.277 0.240
0.290 0.240
0.273 0.240
0.310 0.240
0.298 0.240
0.259 0.240
0.303 0.240
0.309 0.240
0.289 0.240
0.299 0.240
0.285 0.240
0.263 0.240
0.291 0.240
0.276 0.240
0.269 0.240
0.263 0.240
0.258 0.344 0.266
0.241 0.344 0.266
0.267 0.344 0.266
0.258 0.344 0.266
0.272 0.344 0.266
0.263 0.344 0.266
0.245 0.344 0.266
0.229 0.344 0.266
0.239 0.344 0.266
0.243 0.344 0.266
0.239 0.344 0.266
0.248 0.344 0.266
0.275 0.344 0.266
0.261 0.344 0.266
0.261 0.344 0.266
0.275 0.344 0.266
0.254 0.344 0.266
0.276 0.344 0.266
0.273 0.344 0.266
0.271 0.344 0.266
0.244 0.344 0.266
0.246 0.344 0.266
0.277 0.344 0.266
0.284 0.344 0.266
0.284 0.344 0.266
0.302 0.344 0.266
0.269 0.344 0.266
0.306 0.344 0.266
0.299 0.344 0.266
0.299 0.344 0.266
0.293 0.344 0.266
0.279 0.344 0.266
0.283 0.344 0.266
0.284 0.344 0.266
0.299 0.344 0.266
0.292 0.344 0.266
0.283 0.344 0.266
0.266 0.344 0.266
0.272 0.344 0.266
0.239 0.344 0.266
0.262 0.344 0.266
0.265 0.344 0.266
0.292 0.344 0.266
0.296 0.344 0.266
0.305 0.344 0.266
0.290 0.344 0.266
0.292 0.344 0.266
0.309 0.344 0.266
0.306 0.344 0.266
0.208 0.344 0.266
0.243 0.344 0.266
0.278 0.344 0.266
0.277 0.344 0.266
0.286 0.344 0.266
0.278 0.344 0.266
0.261 0.344 0.266
0.269 0.344 0.266
0.248 0.344 0.266
0.233 0.344 0.266
0.218 0.344 0.266
0.213 0.344 0.266
0.206 0.344 0.266
0.211 0.344 0.266
0.209 0.344 0.266
0.203 0.344 0.266
0.201 0.344 0.266
0.215 0.344 0.266
0.209 0.344 0.266
0.218 0.344 0.266
0.228 0.344 0.266
0.247 0.344 0.266
0.256 0.344 0.266
0.237 0.344 0.266
0.262 0.344 0.266
0.252 0.344 0.266
0.277 0.344 0.266
0.281 0.344 0.266
0.279 0.344 0.266
0.260 0.344 0.266
0.254 0.344 0.266
0.254 0.344 0.266
0.256 0.344 0.266
0.256 0.344 0.266
0.268 0.344 0.266
0.280 0.344 0.266
0.273 0.344 0.266
0.279 0.344 0.266
0.282 0.344 0.266
0.276 0.344 0.266
0.276 0.344 0.266
0.270 0.344 0.266
0.282 0.344 0.266
0.297 0.344 0.266
0.271 0.344 0.266
0.271 0.344 0.266
0.292 0.344 0.266
0.297 0.344 0.266
0.280 0.344 0.266
0.275 0.344 0.266
0.304 0.344 0.266
0.281 0.344 0.266
0.299 0.344 0.266
0.280 0.344 0.266
0.285 0.344 0.266
0.265 0.344 0.266
0.270 0.344 0.266
0.287 0.344 0.266
0.274 0.344 0.266
0.292 0.344 0.266
0.286 0.344 0.266
0.258 0.344 0.266
0.262 0.344 0.266
0.282 0.344 0.266
0.290 0.344 0.266
0.269 0.344 0.266
0.287 0.344 0.266
0.266 0.344 0.266
0.264 0.344 0.266
0.273 0.344 0.266
0.275 0.344 0.266
0.280 0.344 0.266
0.274 0.344 0.266
0.271 0.344 0.266
0.272 0.344 0.266
0.284 0.344 0.266
0.283 0.344 0.266
0.266 0.344 0.266
0.275 0.344 0.266
0.281 0.344 0.266
0.287 0.344 0.266
0.281 0.344 0.266
0.283 0.344 0.266
0.255 0.344 0.266
0.300 0.344 0.266
0.278 0.344 0.266
0.280 0.344 0.266
0.266 0.344 0.266
0.264 0.344 0.266
0.268 0.344 0.266
0.291 0.344 0.266
0.293 0.344 0.266
0.262 0.344 0.266
0.292 0.344 0.266
0.284 0.344 0.266
0.273 0.344 0.266
0.256 0.344 0.266
0.285 0.344 0.266
0.279 0.344 0.266
0.266 0.344 0.266
0.274 0.344 0.266
0.274 0.344 0.266
0.290 0.344 0.266
0.270 0.344 0.266
0.262 0.344 0.266
0.275 0.344 0.266
0.287 0.344 0.266
0.281 0.344 0.266
0.288 0.344 0.266
0.292 0.344 0.266
0.285 0.344 0.266
0.278 0.344 0.266
0.297 0.344 0.266
0.279 0.344 0.266
0.277 0.344 0.266
0.279 0.344 0.266
0.280 0.344 0.266
0.274 0.344 0.266
0.273 0.344 0.266
0.285 0.344 0.266
0.264 0.344 0.266
0.262 0.344 0.266
0.287 0.344 0.266
0.277 0.344 0.266
0.285 0.344 0.266
0.289 0.344 0.266
0.275 0.344 0.266
0.283 0.344 0.266
0.282 0.344 0.266
0.268 0.344 0.266
0.254 0.344 0.266
0.294 0.344 0.266
0.283 0.344 0.266
0.277 0.344 0.266
0.273 0.344 0.266
0.260 0.344 0.266
0.268 0.344 0.266
0.252 0.344 0.266
0.260 0.344 0.266
0.264 0.344 0.266
0.273 0.344 0.266
0.279 0.344 0.266
0.291 0.344 0.266
0.279 0.344 0.266
0.279 0.344 0.266
0.282 0.344 0.266
0.279 0.344 0.266
0.281 0.344 0.266
0.281 0.344 0.266
0.267 0.344 0.266
0.281 0.344 0.266
0.272 0.344 0.266
0.266 0.344 0.266
0.282 0.344 0.266
0.274 0.344 0.266
0.259 0.344 0.266
0.262 0.344 0.266
0.288 0.344 0.266
0.280 0.344 0.266
0.302 0.344 0.266
0.301 0.344 0.266
0.321 0.344 0.266
0.334 0.344 0.266
0.307 0.344 0.266
0.318 0.344 0.266
0.341 0.344 0.266
0.339 0.344 0.266
0.336 0.344 0.266
0.315 0.344 0.266
0.321 0.344 0.266
0.306 0.344 0.266
0.315 0.344 0.266
0.338 0.344 0.266
0.332 0.344 0.266
0.327 0.344 0.266
0.324 0.344 0.266
0.321 0.344 0.266
0.332 0.344 0.266
0.329 0.344 0.266
0.336 0.344 0.266
0.326 0.344 0.266
0.337 0.344 0.266
* 0.347 0.345 0.266
0.323 0.345 0.266
0.339 0.345 0.266
0.320 0.345 0.266
0.331 0.345 0.266
0.313 0.345 0.266
0.324 0.345 0.266
0.330 0.345 0.266
0.339 0.345 0.266
0.337 0.345 0.266
0.323 0.345 0.266
0.320 0.345 0.266
0.321 0.345 0.266
0.333 0.345 0.266
0.321 0.345 0.266
0.314 0.345 0.266
0.330 0.345 0.266
0.309 0.345 0.266
0.320 0.345 0.266
0.332 0.345 0.266
0.335 0.345 0.266
0.287 0.345 0.266
0.273 0.345 0.266
0.267 0.345 0.266
0.273 0.345 0.266
0.272 0.345 0.266
0.280 0.345 0.266
0.276 0.345 0.266
0.275 0.345 0.266
0.277 0.345 0.266
0.274 0.345 0.266
0.258 0.345 0.266
0.268 0.345 0.266
0.273 0.345 0.266
0.264 0.345 0.266
0.262 0.345 0.266
0.271 0.345 0.266
0.286 0.345 0.266
0.289 0.345 0.266
0.283 0.345 0.266
0.273 0.345 0.266
0.267 0.345 0.266
0.281 0.345 0.266
0.264 0.345 0.266
0.263 0.345 0.266
0.286 0.345 0.266
0.281 0.345 0.266
0.265 0.345 0.266
0.265 0.345 0.266
0.271 0.345 0.266
0.271 0.345 0.266
0.258 0.345 0.266
0.271 0.345 0.266
0.260 0.345 0.266
0.281 0.345 0.266
0.287 0.345 0.266
0.296 0.345 0.266
0.271 0.345 0.266
0.297 0.345 0.266
0.283 0.345 0.266
0.275 0.345 0.266
0.292 0.345 0.266
0.281 0.345 0.266
0.290 0.345 0.266
0.278 0.345 0.266
0.273 0.345 0.266
0.295 0.345 0.266
0.269 0.345 0.266
0.279 0.345 0.266
0.265 0.345 0.266
0.285 0.345 0.266
0.283 0.345 0.266
0.274 0.345 0.266
0.279 0.345 0.266
0.284 0.345 0.266
0.277 0.345 0.266
0.286 0.345 0.266
0.288 0.345 0.266
0.273 0.345 0.266
0.286 0.345 0.266
0.279 0.345 0.266
0.203 0.345 0.266
0.201 0.345 0.266
0.190 0.345 0.266
0.203 0.345 0.266
0.207 0.345 0.266
0.210 0.345 0.266
0.204 0.345 0.266
0.202 0.345 0.266
0.211 0.345 0.266
0.287 0.345 0.266
0.300 0.345 0.266
0.293 0.345 0.266
0.305 0.345 0.266
0.286 0.345 0.266
0.302 0.345 0.266
0.285 0.345 0.266
0.280 0.345 0.266
0.281 0.345 0.266
0.272 0.345 0.266
0.251 0.345 0.266
0.262 0.345 0.266
0.261 0.345 0.266
0.270 0.345 0.266
0.273 0.345 0.266
0.283 0.345 0.266
0.275 0.345 0.266
0.256 0.345 0.266
0.273 0.345 0.266
0.279 0.345 0.266
0.276 0.345 0.266
0.270 0.345 0.266
0.273 0.345 0.266
0.280 0.345 0.266
0.273 0.345 0.266
0.255 0.345 0.266
0.271 0.345 0.266
0.262 0.345 0.266
0.275 0.345 0.266
0.279 0.345 0.266
0.276 0.345 0.266
0.277 0.345 0.266
0.240 0.345 0.266
0.258 0.345 0.266
0.270 0.345 0.266
0.278 0.345 0.266
0.272 0.345 0.266
0.251 0.345 0.266
0.285 0.345 0.266
0.272 0.345 0.266
0.262 0.345 0.266
0.269 0.345 0.266
0.264 0.345 0.266
0.266 0.345 0.266
0.277 0.345 0.266
0.295 0.345 0.266
0.288 0.345 0.266
0.287 0.345 0.266
0.276 0.345 0.266
0.266 0.345 0.266
0.268 0.345 0.266
0.268 0.345 0.266
0.268 0.345 0.266
0.260 0.345 0.266
0.268 0.345 0.266
0.282 0.345 0.266
0.283 0.345 0.266
0.252 0.345 0.266
0.263 0.345 0.266
0.263 0.345 0.266
0.264 0.345 0.266
0.281 0.345 0.266
0.260 0.345 0.266
0.260 0.345 0.266
0.265 0.345 0.266
0.287 0.345 0.266
0.314 0.345 0.266
0.258 0.345 0.266
0.249 0.345 0.266
0.259 0.345 0.266
0.251 0.345 0.266
0.264 0.345 0.266
0.273 0.345 0.266
0.286 0.345 0.266
0.254 0.345 0.266
0.274 0.345 0.266
0.277 0.345 0.266
0.263 0.345 0.266
0.268 0.345 0.266
0.279 0.345 0.266
0.291 0.345 0.266
0.264 0.345 0.266
0.262 0.345 0.266
0.247 0.345 0.266
0.258 0.345 0.266
0.264 0.345 0.266
0.281 0.345 0.266
0.265 0.345 0.266
0.268 0.345 0.266
0.262 0.345 0.266
0.285 0.345 0.266
0.283 0.345 0.266
0.260 0.345 0.266
0.268 0.345 0.266
0.256 0.345 0.266
0.277 0.345 0.266
0.268 0.345 0.266
0.253 0.345 0.266
0.280 0.345 0.266
0.259 0.345 0.266
0.234 0.345 0.266
0.243 0.345 0.266
0.235 0.345 0.266
0.235 0.345 0.266
0.221 0.345 0.266
0.213 0.345 0.266
0.217 0.345 0.266
0.207 0.345 0.266
0.210 0.345 0.266
0.207 0.345 0.266
0.225 0.345 0.266
0.235 0.345 0.266
0.250 0.345 0.266
0.271 0.345 0.266
0.256 0.345 0.266
0.270 0.345 0.266
0.268 0.345 0.266
0.291 0.345 0.266
0.286 0.345 0.266
0.276 0.345 0.266
0.275 0.345 0.266
0.266 0.345 0.266
0.260 0.345 0.266
0.284 0.345 0.266
0.287 0.345 0.266
0.268 0.345 0.266
0.285 0.345 0.266
0.284 0.345 0.266
0.293 0.345 0.266
0.273 0.345 0.266
0.277 0.345 0.266
0.281 0.345 0.266
0.293 0.345 0.266
0.270 0.345 0.266
0.292 0.345 0.266
0.301 0.345 0.266
0.311 0.345 0.266
0.320 0.345 0.266
0.298 0.345 0.266
0.309 0.345 0.266
0.312 0.345 0.266
0.290 0.345 0.266
0.327 0.345 0.266
0.307 0.345 0.266
0.323 0.345 0.266
0.320 0.345 0.266
0.318 0.345 0.266
0.312 0.345 0.266
0.316 0.345 0.266
0.239 0.345 0.266
0.206 0.345 0.266
0.200 0.345 0.266
0.188 0.345 0.266
0.200 0.345 0.266
0.190 0.345 0.266
0.189 0.345 0.266
0.180 0.345 0.266
0.180 0.345 0.266
0.197 0.345 0.266
0.192 0.345 0.266
0.183 0.345 0.266
0.187 0.345 0.266
0.175 0.345 0.266
0.168 0.345 0.266
0.182 0.345 0.266
0.202 0.345 0.266
0.173 0.345 0.266
0.176 0.345 0.266
0.177 0.345 0.266
0.189 0.345 0.266
0.188 0.345 0.266
0.187 0.345 0.266
0.171 0.345 0.266
0.180 0.345 0.266
0.194 0.345 0.266
0.171 0.345 0.266
0.176 0.345 0.266
0.161 0.345 0.266
0.177 0.345 0.266
0.183 0.345 0.266
0.182 0.345 0.266
0.161 0.345 0.266
0.159 0.345 0.266
0.151 0.345 0.266
0.192 0.345 0.266
0.213 0.345 0.266
0.195 0.345 0.266
0.166 0.345 0.266
0.153 0.345 0.266
0.183 0.345 0.266
0.180 0.345 0.266
0.187 0.345 0.266
0.174 0.345 0.266
0.199 0.345 0.266
0.199 0.345 0.266
0.217 0.345 0.266
0.202 0.345 0.266
0.225 0.345 0.266
0.230 0.345 0.266
0.233 0.345 0.266
0.223 0.345 0.266
0.230 0.345 0.266
0.251 0.345 0.266
0.287 0.345 0.266
0.272 0.345 0.266
0.287 0.345 0.266
0.312 0.345 0.266
0.314 0.345 0.266
0.295 0.345 0.266
0.305 0.345 0.266
0.307 0.345 0.266
0.303 0.345 0.266
0.262 0.345 0.266
0.287 0.345 0.266
0.269 0.345 0.266
0.261 0.345 0.266
0.279 0.345 0.266
0.293 0.345 0.266
0.277 0.345 0.266
0.293 0.345 0.266
0.304 0.345 0.266
0.300 0.345 0.266
0.289 0.345 0.266
0.302 0.345 0.266
0.291 0.345 0.266
0.306 0.345 0.266
0.317 0.345 0.266
0.302 0.345 0.266
0.306 0.345 0.266
0.296 0.345 0.266
0.249 0.345 0.266
0.294 0.345 0.266
0.308 0.345 0.266
0.285 0.345 0.266
0.302 0.345 0.266
0.306 0.345 0.266
0.305 0.345 0.266
0.268 0.345 0.266
0.262 0.345 0.266
0.275 0.345 0.266
0.283 0.345 0.266
0.259 0.345 0.266
0.259 0.345 0.266
0.276 0.345 0.266
0.269 0.345 0.266
0.262 0.345 0.266
0.267 0.345 0.266
0.262 0.345 0.266
0.252 0.345 0.266
0.264 0.345 0.266
0.270 0.345 0.266
0.265 0.345 0.266
0.251 0.345 0.266
0.269 0.345 0.266
0.277 0.345 0.266
0.285 0.345 0.266
0.291 0.345 0.266
0.267 0.345 0.266
0.286 0.345 0.266
0.295 0.345 0.266
0.301 0.345 0.266
0.298 0.345 0.266
0.306 0.345 0.266
0.312 0.345 0.266
0.295 0.345 0.266
0.279 0.345 0.266
0.276 0.345 0.266
0.285 0.345 0.266
0.286 0.345 0.266
0.291 0.345 0.266
0.297 0.345 0.266
0.288 0.345 0.266
0.295 0.345 0.266
0.262 0.345 0.266
0.274 0.345 0.266
0.267 0.345 0.266
0.254 0.345 0.266
0.265 0.345 0.266
0.267 0.345 0.266
0.278 0.345 0.266
0.269 0.345 0.266
0.261 0.345 0.266
0.228 0.345 0.266
0.217 0.345 0.266
0.203 0.345 0.266
0.206 0.345 0.266
0.209 0.345 0.266
0.195 0.345 0.266
0.247 0.345 0.266
0.275 0.345 0.266
0.274 0.345 0.266
0.269 0.345 0.266
0.264 0.345 0.266
0.275 0.345 0.266
0.268 0.345 0.266
0.272 0.345 0.266
0.249 0.345 0.266
0.253 0.345 0.266
0.258 0.345 0.266
0.249 0.345 0.266
0.259 0.345 0.266
0.259 0.345 0.266
0.229 0.345 0.266
0.233 0.345 0.266
0.231 0.345 0.266
0.219 0.345 0.266
0.253 0.345 0.266
0.256 0.345 0.266
0.253 0.345 0.266
0.259 0.345 0.266
0.277 0.345 0.266
0.255 0.345 0.266
0.241 0.345 0.266
0.255 0.345 0.266
0.272 0.345 0.266
0.293 0.345 0.266
0.272 0.345 0.266
0.269 0.345 0.266
0.296 0.345 0.266
0.259 0.345 0.266
0.276 0.345 0.266
0.278 0.345 0.266
0.291 0.345 0.266
0.279 0.345 0.266
0.277 0.345 0.266
0.255 0.345 0.266
0.261 0.345 0.266
0.240 0.345 0.266
0.244 0.345 0.266
0.252 0.345 0.266
0.263 0.345 0.266
0.264 0.345 0.266
0.275 0.345 0.266
0.265 0.345 0.266
0.246 0.345 0.266
0.205 0.345 0.266
0.215 0.345 0.266
0.250 0.345 0.266
0.246 0.345 0.266
0.254 0.345 0.266
0.277 0.345 0.266
0.258 0.345 0.266
0.266 0.345 0.266
0.270 0.345 0.266
0.247 0.345 0.266
0.272 0.345 0.266
0.242 0.345 0.266
0.256 0.345 0.266
0.237 0.345 0.266
0.242 0.345 0.266
0.232 0.345 0.266
0.244 0.345 0.266
0.246 0.345 0.266
0.239 0.345 0.266
0.244 0.345 0.266
0.252 0.345 0.266
0.236 0.345 0.266
0.235 0.345 0.266
0.220 0.345 0.266
0.234 0.345 0.266
0.227 0.345 0.266
0.239 0.345 0.266
0.258 0.345 0.266
0.247 0.345 0.266
0.237 0.345 0.266
0.238 0.345 0.266
0.252 0.345 0.266
0.247 0.345 0.266
0.242 0.345 0.266
0.254 0.345 0.266
0.231 0.345 0.266
0.260 0.345 0.266
0.238 0.345 0.266
0.269 0.345 0.266
0.256 0.345 0.266
0.247 0.345 0.266
0.259 0.345 0.266
0.244 0.345 0.266
0.273 0.345 0.266
0.246 0.345 0.266
0.244 0.345 0.266
0.269 0.345 0.266
0.259 0.345 0.266
0.249 0.345 0.266
0.255 0.345 0.266
0.245 0.345 0.266
0.258 0.345 0.266
0.268 0.345 0.266
0.273 0.345 0.266
0.273 0.345 0.266
0.238 0.345 0.266
0.247 0.345 0.266
0.224 0.345 0.266
0.267 0.345 0.266
0.259 0.345 0.266
0.252 0.345 0.266
0.258 0.345 0.266
0.273 0.345 0.266
0.267 0.345 0.266
0.264 0.345 0.266
0.240 0.345 0.266
0.243 0.345 0.266
0.249 0.345 0.266
0.243 0.345 0.266
0.247 0.345 0.266
0.250 0.345 0.266
0.243 0.345 0.266
0.238 0.345 0.266
0.239 0.345 0.266
0.251 0.345 0.266
0.232 0.345 0.266
0.235 0.345 0.266
0.245 0.345 0.266
0.256 0.345 0.266
0.240 0.345 0.266
0.226 0.345 0.266
0.249 0.345 0.266
0.245 0.345 0.266
0.260 0.345 0.266
0.266 0.345 0.266
0.242 0.345 0.266
0.235 0.345 0.266
0.247 0.345 0.266
0.249 0.345 0.266
0.236 0.345 0.266
0.253 0.345 0.266
0.232 0.345 0.266
0.249 0.345 0.266
0.273 0.345 0.266
0.292 0.345 0.266
0.270 0.345 0.266
0.278 0.345 0.266
0.264 0.345 0.266
0.246 0.345 0.266
0.226 0.345 0.266
0.249 0.345 0.266
0.242 0.345 0.266
0.259 0.345 0.266
0.242 0.345 0.266
0.260 0.345 0.266
0.235 0.345 0.266
0.240 0.345 0.266
0.225 0.345 0.266
0.250 0.345 0.266
0.243 0.345 0.266
0.237 0.345 0.266
0.249 0.345 0.266
0.255 0.345 0.266
0.275 0.345 0.266
0.260 0.345 0.266
0.270 0.345 0.266
0.293 0.345 0.266
0.283 0.345 0.266
0.276 0.345 0.266
0.249 0.345 0.266
0.260 0.345 0.266
0.234 0.345 0.266
0.254 0.345 0.266
0.238 0.345 0.266
0.224 0.345 0.266
0.225 0.345 0.266
0.242 0.345 0.266
0.237 0.345 0.266
0.238 0.345 0.266
0.225 0.345 0.266
0.253 0.345 0.266
0.238 0.345 0.266
0.238 0.345 0.266
0.250 0.345 0.266
0.238 0.345 0.266
0.235 0.345 0.266
0.222 0.345 0.266
0.273 0.345 0.266
0.243 0.345 0.266
0.233 0.345 0.266
0.238 0.345 0.266
0.236 0.345 0.266
0.244 0.345 0.266
0.236 0.345 0.266
0.241 0.345 0.266
0.250 0.345 0.266
0.232 0.345 0.266
0.254 0.345 0.266
0.245 0.345 0.266
0.234 0.345 0.266
0.238 0.345 0.266
0.235 0.345 0.266
0.242 0.345 0.266
0.250 0.345 0.266
0.260 0.345 0.266
0.265 0.345 0.266
0.255 0.345 0.266
0.263 0.345 0.266
0.250 0.345 0.266
0.231 0.345 0.266
0.264 0.345 0.266
0.241 0.345 0.266
0.225 0.345 0.266
0.252 0.345 0.266
0.245 0.345 0.266
0.249 0.345 0.266
0.259 0.345 0.266
0.235 0.345 0.266
0.242 0.345 0.266
0.251 0.345 0.266
0.258 0.345 0.266
0.248 0.345 0.266
0.254 0.345 0.266
0.245 0.345 0.266
0.239 0.345 0.266
0.260 0.345 0.266
0.244 0.345 0.266
0.244 0.345 0.266
0.243 0.345 0.266
0.239 0.345 0.266
0.244 0.345 0.266
0.239 0.345 0.266
0.244 0.345 0.266
0.230 0.345 0.266
0.239 0.345 0.266
0.241 0.345 0.266
0.245 0.345 0.266
0.253 0.345 0.266
0.238 0.345 0.266
0.223 0.345 0.266
0.223 0.345 0.266
0.245 0.345 0.266
0.257 0.345 0.266
0.223 0.345 0.266
0.232 0.345 0.266
0.241 0.345 0.266
0.237 0.345 0.266
0.240 0.345 0.266
0.244 0.345 0.266
0.238 0.345 0.266
0.220 0.345 0.266
0.235 0.345 0.266
0.243 0.345 0.266
0.254 0.345 0.266
0.241 0.345 0.266
0.239 0.345 0.266
0.258 0.345 0.266
0.237 0.345 0.266
0.245 0.345 0.266
0.263 0.345 0.266
0.262 0.345 0.266
0.233 0.345 0.266
0.263 0.345 0.266
0.236 0.345 0.266
0.244 0.345 0.266
0.255 0.345 0.266
0.250 0.345 0.266
0.237 0.345 0.266
0.259 0.345 0.266
0.259 0.345 0.266
0.248 0.345 0.266
0.240 0.345 0.266
0.256 0.345 0.266
0.227 0.345 0.266
0.256 0.345 0.266
0.257 0.345 0.266
0.197 0.345 0.266
0.253 0.345 0.266
0.257 0.345 0.266
0.233 0.345 0.266
0.211 0.345 0.266
0.253 0.345 0.266
0.244 0.345 0.266
0.247 0.345 0.266
0.238 0.345 0.266
0.230 0.345 0.266
0.252 0.345 0.266
0.270 0.345 0.266
0.251 0.345 0.266
0.254 0.345 0.266
0.241 0.345 0.266
0.278 0.345 0.266
0.263 0.345 0.266
0.264 0.345 0.266
0.256 0.345 0.266
0.239 0.345 0.266
0.222 0.345 0.266
0.246 0.345 0.266
0.232 0.345 0.266
0.233 0.345 0.266
0.255 0.345 0.266
0.267 0.345 0.266
0.285 0.345 0.266
0.251 0.345 0.266
0.263 0.345 0.266
0.246 0.345 0.266
0.255 0.345 0.266
0.257 0.345 0.266
0.258 0.345 0.266
0.229 0.345 0.266
0.273 0.345 0.266
0.284 0.345 0.266
0.284 0.345 0.266
0.242 0.345 0.266
0.277 0.345 0.266
0.288 0.345 0.266
0.314 0.345 0.266
0.295 0.345 0.266
0.293 0.345 0.266
0.312 0.345 0.266
0.302 0.345 0.266
0.282 0.345 0.266
0.302 0.345 0.266
0.318 0.345 0.266
0.288 0.345 0.266
0.304 0.345 0.266
0.299 0.345 0.266
0.321 0.345 0.266
0.304 0.345 0.266
0.327 0.345 0.266
0.310 0.345 0.266
0.301 0.345 0.266
0.301 0.345 0.266
0.315 0.345 0.266
0.310 0.345 0.266
0.297 0.345 0.266
0.316 0.345 0.266
0.309 0.345 0.266
0.296 0.345 0.266
0.310 0.345 0.266
0.314 0.345 0.266
0.307 0.345 0.266
0.318 0.345 0.266
0.283 0.345 0.266
0.291 0.345 0.266
0.303 0.345 0.266
0.309 0.345 0.266
0.293 0.345 0.266
0.312 0.345 0.266
0.321 0.345 0.266
0.327 0.345 0.266
0.324 0.345 0.266
* 0.350 0.347 0.266
0.339 0.347 0.266
0.331 0.347 0.266
0.331 0.347 0.266
0.323 0.347 0.266
0.292 0.347 0.266
0.346 0.347 0.266
0.303 0.347 0.266
0.329 0.347 0.266
0.336 0.347 0.266
0.324 0.347 0.266
* 0.350 0.348 0.266
0.329 0.348 0.266
0.322 0.348 0.266
0.315 0.348 0.266
0.328 0.348 0.266
0.315 0.348 0.266
0.325 0.348 0.266
* 0.351 0.349 0.267
0.324 0.349 0.267
0.316 0.349 0.267
0.311 0.349 0.267
0.295 0.349 0.267
0.291 0.349 0.267
0.295 0.349 0.267
0.314 0.349 0.267
0.301 0.349 0.267
0.302 0.349 0.267
0.293 0.349 0.267
0.310 0.349 0.267
0.286 0.349 0.267
0.298 0.349 0.267
0.296 0.349 0.267
0.308 0.349 0.267
0.285 0.349 0.267
0.298 0.349 0.267
0.299 0.349 0.267
0.285 0.349 0.267
0.300 0.349 0.267
0.292 0.349 0.267
0.295 0.349 0.267
0.296 0.349 0.267
0.313 0.349 0.267
0.276 0.349 0.267
0.304 0.349 0.267
0.281 0.349 0.267
0.316 0.349 0.267
0.289 0.349 0.267
0.264 0.349 0.267
0.301 0.349 0.267
0.288 0.349 0.267
0.278 0.349 0.267
0.300 0.349 0.267
0.304 0.349 0.267
0.247 0.349 0.267
0.271 0.349 0.267
0.309 0.349 0.267
0.312 0.349 0.267
0.287 0.349 0.267
0.308 0.349 0.267
0.297 0.349 0.267
0.313 0.349 0.267
0.315 0.349 0.267
0.293 0.349 0.267
0.296 0.349 0.267
0.296 0.349 0.267
0.305 0.349 0.267
0.297 0.349 0.267
0.322 0.349 0.267
0.329 0.349 0.267
0.310 0.349 0.267
0.305 0.349 0.267
0.290 0.349 0.267
0.206 0.349 0.267
0.189 0.349 0.267
0.173 0.349 0.267
0.196 0.349 0.267
0.198 0.349 0.267
0.226 0.349 0.267
0.171 0.349 0.267
0.207 0.349 0.267
0.277 0.349 0.267
0.272 0.349 0.267
0.279 0.349 0.267
0.285 0.349 0.267
0.282 0.349 0.267
0.276 0.349 0.267
0.254 0.349 0.267
0.280 0.349 0.267
0.296 0.349 0.267
0.244 0.349 0.267
0.270 0.349 0.267
0.292 0.349 0.267
0.293 0.349 0.267
0.277 0.349 0.267
0.285 0.349 0.267
0.276 0.349 0.267
0.254 0.349 0.267
0.301 0.349 0.267
0.272 0.349 0.267
0.286 0.349 0.267
0.272 0.349 0.267
0.277 0.349 0.267
0.283 0.349 0.267
0.274 0.349 0.267
0.274 0.349 0.267
0.255 0.349 0.267
0.258 0.349 0.267
0.252 0.349 0.267
0.248 0.349 0.267
0.213 0.349 0.267
0.247 0.349 0.267
0.238 0.349 0.267
0.246 0.349 0.267
0.231 0.349 0.267
0.183 0.349 0.267
0.209 0.349 0.267
0.257 0.349 0.267
0.252 0.349 0.267
0.250 0.349 0.267
0.245 0.349 0.267
0.261 0.349 0.267
0.258 0.349 0.267
0.268 0.349 0.267
0.260 0.349 0.267
0.249 0.349 0.267
0.262 0.349 0.267
0.287 0.349 0.267
0.293 0.349 0.267
0.286 0.349 0.267
0.290 0.349 0.267
0.297 0.349 0.267
0.280 0.349 0.267
0.265 0.349 0.267
0.260 0.349 0.267
0.290 0.349 0.267
0.289 0.349 0.267
0.266 0.349 0.267
0.279 0.349 0.267
0.287 0.349 0.267
0.273 0.349 0.267
0.259 0.349 0.267
0.251 0.349 0.267
0.254 0.349 0.267
0.263 0.349 0.267
0.284 0.349 0.267
0.283 0.349 0.267
0.263 0.349 0.267
0.256 0.349 0.267
0.264 0.349 0.267
0.261 0.349 0.267
0.271 0.349 0.267
0.245 0.349 0.267
0.257 0.349 0.267
0.271 0.349 0.267
0.250 0.349 0.267
0.276 0.349 0.267
0.262 0.349 0.267
0.235 0.349 0.267
0.259 0.349 0.267
0.228 0.349 0.267
0.260 0.349 0.267
0.247 0.349 0.267
0.247 0.349 0.267
0.218 0.349 0.267
0.243 0.349 0.267
0.240 0.349 0.267
0.254 0.349 0.267
0.247 0.349 0.267
0.262 0.349 0.267
0.259 0.349 0.267
0.258 0.349 0.267
0.269 0.349 0.267
0.269 0.349 0.267
0.296 0.349 0.267
0.272 0.349 0.267
0.266 0.349 0.267
0.282 0.349 0.267
0.271 0.349 0.267
0.300 0.349 0.267
0.280 0.349 0.267
0.259 0.349 0.267
0.256 0.349 0.267
0.262 0.349 0.267
0.252 0.349 0.267
0.257 0.349 0.267
0.216 0.349 0.267
0.223 0.349 0.267
0.264 0.349 0.267
0.239 0.349 0.267
0.269 0.349 0.267
0.271 0.349 0.267
0.238 0.349 0.267
0.218 0.349 0.267
0.240 0.349 0.267
0.240 0.349 0.267
0.240 0.349 0.267
0.267 0.349 0.267
0.249 0.349 0.267
0.251 0.349 0.267
0.219 0.349 0.267
0.224 0.349 0.267
0.259 0.349 0.267
0.247 0.349 0.267
0.253 0.349 0.267
0.223 0.349 0.267
0.182 0.349 0.267
0.193 0.349 0.267
0.226 0.349 0.267
0.234 0.349 0.267
0.244 0.349 0.267
0.219 0.349 0.267
0.240 0.349 0.267
0.234 0.349 0.267
0.240 0.349 0.267
0.228 0.349 0.267
0.235 0.349 0.267
0.250 0.349 0.267
0.265 0.349 0.267
0.255 0.349 0.267
0.236 0.349 0.267
0.231 0.349 0.267
0.250 0.349 0.267
0.241 0.349 0.267
0.260 0.349 0.267
0.248 0.349 0.267
0.237 0.349 0.267
0.239 0.349 0.267
0.224 0.349 0.267
0.219 0.349 0.267
0.227 0.349 0.267
0.222 0.349 0.267
0.231 0.349 0.267
0.239 0.349 0.267
0.235 0.349 0.267
0.222 0.349 0.267
0.217 0.349 0.267
0.224 0.349 0.267
0.227 0.349 0.267
0.221 0.349 0.267
0.242 0.349 0.267
0.220 0.349 0.267
0.255 0.349 0.267
0.248 0.349 0.267
0.253 0.349 0.267
0.252 0.349 0.267
0.227 0.349 0.267
0.248 0.349 0.267
0.219 0.349 0.267
0.230 0.349 0.267
0.225 0.349 0.267
0.230 0.349 0.267
0.218 0.349 0.267
0.255 0.349 0.267
0.243 0.349 0.267
0.206 0.349 0.267
0.223 0.349 0.267
0.222 0.349 0.267
0.216 0.349 0.267
0.208 0.349 0.267
0.218 0.349 0.267
0.214 0.349 0.267
0.209 0.349 0.267
0.228 0.349 0.267
0.225 0.349 0.267
0.223 0.349 0.267
0.212 0.349 0.267
0.218 0.349 0.267
0.217 0.349 0.267
0.221 0.349 0.267
0.249 0.349 0.267
0.246 0.349 0.267
0.251 0.349 0.267
0.248 0.349 0.267
0.254 0.349 0.267
0.266 0.349 0.267
0.267 0.349 0.267
0.248 0.349 0.267
0.280 0.349 0.267
0.260 0.349 0.267
0.257 0.349 0.267
0.263 0.349 0.267
0.251 0.349 0.267
0.234 0.349 0.267
0.222 0.349 0.267
0.244 0.349 0.267
0.239 0.349 0.267
0.234 0.349 0.267
0.243 0.349 0.267
0.239 0.349 0.267
0.224 0.349 0.267
0.229 0.349 0.267
0.259 0.349 0.267
0.239 0.349 0.267
0.250 0.349 0.267
0.244 0.349 0.267
0.240 0.349 0.267
0.235 0.349 0.267
0.239 0.349 0.267
0.238 0.349 0.267
0.232 0.349 0.267
0.245 0.349 0.267
0.234 0.349 0.267
0.221 0.349 0.267
0.245 0.349 0.267
0.211 0.349 0.267
0.215 0.349 0.267
0.232 0.349 0.267
0.245 0.349 0.267
0.217 0.349 0.267
0.237 0.349 0.267
0.227 0.349 0.267
0.241 0.349 0.267
0.240 0.349 0.267
0.250 0.349 0.267
0.240 0.349 0.267
0.248 0.349 0.267
0.248 0.349 0.267
0.228 0.349 0.267
0.229 0.349 0.267
0.228 0.349 0.267
0.241 0.349 0.267
0.229 0.349 0.267
0.258 0.349 0.267
0.248 0.349 0.267
0.230 0.349 0.267
0.258 0.349 0.267
0.256 0.349 0.267
0.265 0.349 0.267
0.291 0.349 0.267
0.277 0.349 0.267
0.294 0.349 0.267
0.280 0.349 0.267
0.276 0.349 0.267
0.290 0.349 0.267
0.259 0.349 0.267
0.248 0.349 0.267
0.251 0.349 0.267
0.253 0.349 0.267
0.241 0.349 0.267
0.254 0.349 0.267
0.246 0.349 0.267
0.249 0.349 0.267
0.286 0.349 0.267
0.248 0.349 0.267
0.242 0.349 0.267
0.250 0.349 0.267
0.255 0.349 0.267
0.253 0.349 0.267
0.234 0.349 0.267
0.253 0.349 0.267
0.272 0.349 0.267
0.288 0.349 0.267
0.240 0.349 0.267
0.241 0.349 0.267
0.243 0.349 0.267
0.237 0.349 0.267
0.263 0.349 0.267
0.259 0.349 0.267
0.274 0.349 0.267
0.272 0.349 0.267
0.288 0.349 0.267
0.261 0.349 0.267
0.292 0.349 0.267
0.289 0.349 0.267
0.296 0.349 0.267
0.283 0.349 0.267
0.271 0.349 0.267
0.269 0.349 0.267
0.281 0.349 0.267
0.267 0.349 0.267
0.277 0.349 0.267
0.274 0.349 0.267
0.250 0.349 0.267
0.255 0.349 0.267
0.256 0.349 0.267
0.297 0.349 0.267
0.280 0.349 0.267
0.295 0.349 0.267
0.300 0.349 0.267
0.278 0.349 0.267
0.292 0.349 0.267
0.277 0.349 0.267
0.277 0.349 0.267
0.288 0.349 0.267
0.283 0.349 0.267
0.295 0.349 0.267
0.290 0.349 0.267
0.280 0.349 0.267
0.287 0.349 0.267
0.286 0.349 0.267
0.295 0.349 0.267
0.310 0.349 0.267
0.290 0.349 0.267
0.290 0.349 0.267
0.295 0.349 0.267
0.309 0.349 0.267
0.282 0.349 0.267
0.305 0.349 0.267
0.292 0.349 0.267
0.284 0.349 0.267
0.290 0.349 0.267
0.302 0.349 0.267
0.282 0.349 0.267
0.301 0.349 0.267
0.296 0.349 0.267
0.296 0.349 0.267
0.298 0.349 0.267
0.283 0.349 0.267
0.322 0.349 0.267
0.305 0.349 0.267
0.317 0.349 0.267
0.290 0.349 0.267
0.309 0.349 0.267
0.309 0.349 0.267
0.296 0.349 0.267
0.299 0.349 0.267
0.313 0.349 0.267
0.288 0.349 0.267
0.291 0.349 0.267
0.303 0.349 0.267
0.290 0.349 0.267
0.307 0.349 0.267
0.315 0.349 0.267
0.311 0.349 0.267
0.307 0.349 0.267
0.291 0.349 0.267
0.308 0.349 0.267
0.321 0.349 0.267
0.331 0.349 0.267
0.316 0.349 0.267
0.293 0.349 0.267
0.306 0.349 0.267
0.306 0.349 0.267
0.319 0.349 0.267
0.313 0.349 0.267
0.323 0.349 0.267
0.317 0.349 0.267
0.288 0.349 0.267
0.317 0.349 0.267
0.312 0.349 0.267
0.294 0.349 0.267
0.295 0.349 0.267
0.301 0.349 0.267
0.289 0.349 0.267
0.289 0.349 0.267
0.270 0.349 0.267
0.288 0.349 0.267
0.272 0.349 0.267
0.263 0.349 0.267
0.270 0.349 0.267
0.268 0.349 0.267
0.272 0.349 0.267
0.276 0.349 0.267
0.284 0.349 0.267
0.254 0.349 0.267
0.279 0.349 0.267
0.270 0.349 0.267
0.251 0.349 0.267
0.278 0.349 0.267
0.275 0.349 0.267
0.259 0.349 0.267
0.270 0.349 0.267
0.276 0.349 0.267
0.257 0.349 0.267
0.249 0.349 0.267
0.253 0.349 0.267
0.238 0.349 0.267
0.237 0.349 0.267
0.250 0.349 0.267
0.267 0.349 0.267
0.263 0.349 0.267
0.256 0.349 0.267
0.260 0.349 0.267
0.245 0.349 0.267
0.281 0.349 0.267
0.267 0.349 0.267
0.264 0.349 0.267
0.248 0.349 0.267
0.274 0.349 0.267
0.266 0.349 0.267
0.257 0.349 0.267
0.291 0.349 0.267
0.295 0.349 0.267
0.307 0.349 0.267
0.266 0.349 0.267
0.302 0.349 0.267
0.259 0.349 0.267
0.268 0.349 0.267
0.292 0.349 0.267
0.285 0.349 0.267
0.274 0.349 0.267
0.257 0.349 0.267
0.265 0.349 0.267
0.265 0.349 0.267
0.245 0.349 0.267
0.248 0.349 0.267
0.253 0.349 0.267
0.268 0.349 0.267
0.225 0.349 0.267
0.262 0.349 0.267
0.247 0.349 0.267
0.254 0.349 0.267
0.247 0.349 0.267
0.251 0.349 0.267
0.254 0.349 0.267
0.261 0.349 0.267
0.263 0.349 0.267
0.264 0.349 0.267
0.261 0.349 0.267
0.263 0.349 0.267
0.253 0.349 0.267
0.257 0.349 0.267
0.242 0.349 0.267
0.249 0.349 0.267
0.243 0.349 0.267
0.254 0.349 0.267
0.245 0.349 0.267
0.251 0.349 0.267
0.243 0.349 0.267
0.265 0.349 0.267
0.237 0.349 0.267
0.263 0.349 0.267
0.255 0.349 0.267
0.269 0.349 0.267
0.240 0.349 0.267
0.258 0.349 0.267
0.256 0.349 0.267
0.252 0.349 0.267
0.261 0.349 0.267
0.268 0.349 0.267
0.263 0.349 0.267
0.256 0.349 0.267
0.230 0.349 0.267
0.227 0.349 0.267
0.218 0.349 0.267
0.220 0.349 0.267
0.210 0.349 0.267
0.249 0.349 0.267
0.240 0.349 0.267
0.221 0.349 0.267
0.233 0.349 0.267
0.218 0.349 0.267
0.205 0.349 0.267
0.230 0.349 0.267
0.214 0.349 0.267
0.221 0.349 0.267
0.229 0.349 0.267
0.254 0.349 0.267
0.224 0.349 0.267
0.237 0.349 0.267
0.226 0.349 0.267
0.221 0.349 0.267
0.232 0.349 0.267
0.223 0.349 0.267
0.238 0.349 0.267
0.224 0.349 0.267
0.231 0.349 0.267
0.229 0.349 0.267
0.231 0.349 0.267
0.230 0.349 0.267
0.237 0.349 0.267
0.226 0.349 0.267
0.240 0.349 0.267
0.245 0.349 0.267
0.247 0.349 0.267
0.249 0.349 0.267
0.249 0.349 0.267
0.264 0.349 0.267
0.240 0.349 0.267
0.252 0.349 0.267
0.264 0.349 0.267
0.257 0.349 0.267
0.273 0.349 0.267
0.272 0.349 0.267
0.263 0.349 0.267
0.263 0.349 0.267
0.247 0.349 0.267
0.256 0.349 0.267
0.257 0.349 0.267
0.243 0.349 0.267
0.234 0.349 0.267
0.250 0.349 0.267
0.245 0.349 0.267
0.246 0.349 0.267
0.241 0.349 0.267
0.243 0.349 0.267
0.261 0.349 0.267
0.247 0.349 0.267
