0.276
0.278
0.266
0.269
0.251
0.238
* 0.147
0.166
0.214
0.237
0.254
0.246
x
0.263
x
0.248
0.251
0.262
0.269
0.274
0.268
0.270
0.264
0.248
0.268
0.258
0.276
0.269
0.271
0.246
0.276
0.273
0.277
0.257
0.267
0.249
0.254
0.272
0.252
0.278
0.260
0.281
0.264
0.262
0.266
0.275
0.273
0.229
* 0.147
0.219
0.241
0.264
0.260
0.270
0.273
0.259
0.262
0.268
0.265
0.277
0.266
0.265
0.269
0.277
0.283
0.261
0.284
0.281
0.283
0.276
0.253
0.265
0.262
0.255
0.263
0.254
0.261
0.248
0.263
0.263
0.259
0.241
0.255
0.236
0.247
0.240
0.249
0.249
0.251
0.266
0.272
0.270
0.268
0.266
0.262
0.280
0.260
0.277
0.278
0.272
0.271
0.279
0.279
0.259
0.269
0.258
0.247
0.262
0.255
0.266
0.258
0.266
0.264
0.262
0.253
0.249
0.253
0.271
0.228
0.225
0.223
0.245
0.218
0.218
0.219
0.220
0.215
0.217
0.236
0.270
0.265
0.295
0.305
0.298
0.289
0.308
0.326
0.325
0.320
0.306
0.301
0.306
0.323
0.347
0.327
0.300
0.329
0.300
0.316
0.317
0.322
0.332
0.315
0.335
0.316
0.319
0.313
0.308
0.314
0.313
0.324
0.322
* 0.230
0.266
0.283
0.279
0.295
0.279
0.310
0.292
0.309
0.288
0.290
0.303
0.291
0.293
0.248
0.249
0.254
0.265
0.252
0.256
0.249
0.252
0.244
0.251
0.265
0.251
0.246
0.266
0.272
0.266
0.263
0.260
0.246
0.254
0.261
0.256
0.239
0.247
0.246
0.252
0.243
0.261
0.253
0.255
0.241
0.250
0.235
0.240
0.265
0.259
0.251
0.242
0.247
0.260
0.248
0.249
0.259
0.247
0.239
0.259
0.254
0.251
0.254
0.248
0.252
0.256
0.249
0.244
0.247
0.241
0.258
0.246
0.247
0.254
0.258
0.234
0.229
0.215
0.226
0.231
0.225
0.213
0.209
0.208
0.209
0.212
0.208
0.212
0.219
0.225
0.207
0.212
0.235
0.221
0.233
0.219
0.211
0.240
0.218
0.221
0.209
0.228
0.237
0.233
0.219
0.219
0.225
0.222
0.227
0.214
0.216
0.230
0.215
0.231
0.237
0.214
0.226
0.218
0.225
0.216
0.228
0.234
0.218
0.233
0.226
0.290
0.275
0.290
0.276
0.284
0.295
0.282
0.271
0.292
0.291
0.283
0.292
0.300
0.291
0.288
0.288
0.282
0.281
0.284
0.280
0.296
0.275
0.289
0.308
0.278
0.279
0.295
0.302
0.305
0.309
0.307
0.297
0.314
0.315
0.290
0.302
0.289
0.306
0.300
0.289
* 0.245
0.203
0.250
0.260
0.272
0.279
0.247
0.256
0.275
0.267
0.262
0.265
0.252
0.251
0.258
0.275
0.272
0.267
0.266
0.262
0.236
0.236
0.246
0.247
0.275
0.262
0.259
0.247
0.250
0.228
0.242
0.240
0.236
0.245
0.248
0.236
0.248
0.253
0.250
0.245
0.252
0.268
0.251
0.249
0.253
0.233
* 0.161
0.198
0.247
0.242
0.257
0.253
0.258
0.256
0.267
0.257
0.274
0.284
0.280
0.281
0.268
0.253
0.293
0.264
0.244
0.243
0.250
0.256
0.261
0.257
0.256
0.257
0.240
0.256
0.223
0.226
0.221
0.259
0.228
0.253
0.253
0.265
0.262
0.251
0.280
0.200
0.243
0.266
0.275
0.235
0.231
0.246
0.251
0.251
0.255
0.244
0.251
0.262
0.235
0.251
0.250
0.250
0.269
0.250
0.260
0.286
0.274
0.272
0.224
0.256
0.250
0.236
0.264
0.243
0.243
0.250
0.245
0.256
0.263
0.263
0.252
0.262
0.246
0.253
0.260
0.245
0.237
0.252
0.241
0.259
0.245
0.271
0.267
0.259
0.263
0.263
0.267
0.280
0.267
0.282
0.277
0.286
0.276
0.267
0.269
0.263
0.287
0.265
0.274
0.256
0.254
0.271
0.244
0.256
0.274
0.246
0.259
0.259
0.253
0.250
0.269
0.284
0.250
0.252
0.250
0.252
0.284
0.252
0.259
0.276
0.263
0.262
0.271
* 0.199
0.208
0.209
0.214
0.237
0.238
0.246
0.252
0.269
0.254
0.273
0.256
0.263
0.248
0.258
0.250
0.269
0.260
0.259
0.261
0.261
0.241
0.258
0.239
0.246
0.256
0.263
0.259
0.254
0.265
0.248
0.256
0.265
0.254
0.256
0.256
0.263
0.263
0.244
0.231
0.269
0.265
0.267
0.264
0.268
0.240
0.246
0.265
0.244
0.246
0.260
0.250
0.263
0.267
0.263
0.260
0.244
0.271
0.267
0.280
0.250
0.279
0.280
0.284
0.280
0.277
0.290
0.273
0.310
0.298
0.259
0.303
0.309
0.289
0.299
0.285
0.263
0.291
0.276
0.269
0.263
0.258
0.241
0.267
0.258
0.272
0.263
0.245
0.229
0.239
0.243
0.239
0.248
0.275
0.261
0.261
0.275
0.254
0.276
0.273
0.271
0.244
0.246
0.277
0.284
0.284
0.302
0.269
0.306
0.299
0.299
0.293
0.279
0.283
0.284
0.299
0.292
0.283
0.266
0.272
0.239
0.262
0.265
0.292
0.296
0.305
0.290
0.292
0.309
0.306
0.208
0.243
0.278
0.277
0.286
0.278
0.261
0.269
0.248
0.233
0.218
0.213
0.206
0.211
0.209
0.203
0.201
0.215
0.209
0.218
0.228
0.247
0.256
0.237
0.262
0.252
0.277
0.281
0.279
0.260
0.254
0.254
0.256
0.256
0.268
0.280
0.273
0.279
0.282
0.276
0.276
0.270
0.282
0.297
0.271
0.271
0.292
0.297
0.280
0.275
0.304
0.281
0.299
0.280
0.285
0.265
0.270
0.287
0.274
0.292
0.286
0.258
0.262
0.282
0.290
0.269
0.287
0.266
0.264
0.273
0.275
0.280
0.274
0.271
0.272
0.284
0.283
0.266
0.275
0.281
0.287
0.281
0.283
0.255
0.300
0.278
0.280
0.266
0.264
0.268
0.291
0.293
0.262
0.292
0.284
0.273
0.256
0.285
0.279
0.266
0.274
0.274
0.290
0.270
0.262
0.275
0.287
0.281
0.288
0.292
0.285
0.278
0.297
0.279
0.277
0.279
0.280
0.274
0.273
0.285
0.264
0.262
0.287
0.277
0.285
0.289
0.275
0.283
0.282
0.268
0.254
0.294
0.283
0.277
0.273
0.260
0.268
0.252
0.260
0.264
0.273
0.279
0.291
0.279
0.279
0.282
0.279
0.281
0.281
0.267
0.281
0.272
0.266
0.282
0.274
0.259
0.262
0.288
0.280
0.302
0.301
0.321
0.334
0.307
0.318
0.341
0.339
0.336
0.315
0.321
0.306
0.315
0.338
0.332
0.327
0.324
0.321
0.332
0.329
0.336
0.326
0.337
0.347
0.323
0.339
0.320
0.331
0.313
0.324
0.330
0.339
0.337
0.323
0.320
0.321
0.333
0.321
0.314
0.330
0.309
0.320
0.332
0.335
0.287
0.273
0.267
0.273
0.272
0.280
0.276
0.275
0.277
0.274
0.258
0.268
0.273
0.264
0.262
0.271
0.286
0.289
0.283
0.273
0.267
0.281
0.264
0.263
0.286
0.281
0.265
0.265
0.271
0.271
0.258
0.271
0.260
0.281
0.287
0.296
0.271
0.297
0.283
0.275
0.292
0.281
0.290
0.278
0.273
0.295
0.269
0.279
0.265
0.285
0.283
0.274
0.279
0.284
0.277
0.286
0.288
0.273
0.286
0.279
* 0.203
0.201
0.190
0.203
0.207
0.210
0.204
0.202
0.211
0.287
0.300
0.293
0.305
0.286
0.302
0.285
0.280
0.281
0.272
0.251
0.262
0.261
0.270
0.273
0.283
0.275
0.256
0.273
0.279
0.276
0.270
0.273
0.280
0.273
0.255
0.271
0.262
0.275
0.279
0.276
0.277
0.240
0.258
0.270
0.278
0.272
0.251
0.285
0.272
0.262
0.269
0.264
0.266
0.277
0.295
0.288
0.287
0.276
0.266
0.268
0.268
0.268
0.260
0.268
0.282
0.283
0.252
0.263
0.263
0.264
0.281
0.260
0.260
0.265
0.287
0.314
0.258
0.249
0.259
0.251
0.264
0.273
0.286
0.254
0.274
0.277
0.263
0.268
0.279
0.291
0.264
0.262
0.247
0.258
0.264
0.281
0.265
0.268
0.262
0.285
0.283
0.260
0.268
0.256
0.277
0.268
0.253
0.280
0.259
0.234
0.243
0.235
0.235
0.221
0.213
0.217
0.207
0.210
0.207
0.225
0.235
0.250
0.271
0.256
0.270
0.268
0.291
0.286
0.276
0.275
0.266
0.260
0.284
0.287
0.268
0.285
0.284
0.293
0.273
0.277
0.281
0.293
0.270
0.292
0.301
0.311
0.320
0.298
0.309
0.312
0.290
0.327
0.307
0.323
0.320
0.318
0.312
0.316
* 0.239
0.206
0.200
0.188
0.200
0.190
0.189
0.180
0.180
0.197
0.192
0.183
0.187
0.175
0.168
0.182
0.202
0.173
0.176
0.177
0.189
0.188
0.187
0.171
0.180
0.194
0.171
0.176
0.161
0.177
0.183
0.182
0.161
0.159
0.151
0.192
0.213
0.195
0.166
0.153
0.183
0.180
0.187
0.174
0.199
0.199
0.217
0.202
0.225
0.230
0.233
0.223
0.230
0.251
0.287
0.272
0.287
0.312
0.314
0.295
0.305
0.307
0.303
0.262
0.287
0.269
0.261
0.279
0.293
0.277
0.293
0.304
0.300
0.289
0.302
0.291
0.306
0.317
0.302
0.306
0.296
* 0.249
0.294
0.308
0.285
0.302
0.306
0.305
0.268
0.262
0.275
0.283
0.259
0.259
0.276
0.269
0.262
0.267
0.262
0.252
0.264
0.270
0.265
0.251
0.269
0.277
0.285
0.291
0.267
0.286
0.295
0.301
0.298
0.306
0.312
0.295
0.279
0.276
0.285
0.286
0.291
0.297
0.288
0.295
0.262
0.274
0.267
0.254
0.265
0.267
0.278
0.269
0.261
0.228
0.217
0.203
0.206
0.209
0.195
0.247
0.275
0.274
0.269
0.264
0.275
0.268
0.272
0.249
0.253
0.258
0.249
0.259
0.259
0.229
0.233
0.231
0.219
0.253
0.256
0.253
0.259
0.277
0.255
0.241
0.255
0.272
0.293
0.272
0.269
0.296
0.259
0.276
0.278
0.291
0.279
0.277
0.255
0.261
0.240
0.244
0.252
0.263
0.264
0.275
0.265
0.246
* 0.205
0.215
0.250
0.246
0.254
0.277
0.258
0.266
0.270
0.247
0.272
0.242
0.256
0.237
0.242
0.232
0.244
0.246
0.239
0.244
0.252
0.236
0.235
0.220
0.234
0.227
0.239
0.258
0.247
0.237
0.238
0.252
0.247
0.242
0.254
0.231
0.260
0.238
0.269
0.256
0.247
0.259
0.244
0.273
0.246
0.244
0.269
0.259
0.249
0.255
0.245
0.258
0.268
0.273
0.273
0.238
0.247
0.224
0.267
0.259
0.252
0.258
0.273
0.267
0.264
0.240
0.243
0.249
0.243
0.247
0.250
0.243
0.238
0.239
0.251
0.232
0.235
0.245
0.256
0.240
0.226
0.249
0.245
0.260
0.266
0.242
0.235
0.247
0.249
0.236
0.253
0.232
0.249
0.273
0.292
0.270
0.278
0.264
0.246
0.226
0.249
0.242
0.259
0.242
0.260
0.235
0.240
0.225
0.250
0.243
0.237
0.249
0.255
0.275
0.260
0.270
0.293
0.283
0.276
0.249
0.260
0.234
0.254
0.238
0.224
0.225
0.242
0.237
0.238
0.225
0.253
0.238
0.238
0.250
0.238
0.235
0.222
0.273
0.243
0.233
0.238
0.236
0.244
0.236
0.241
0.250
0.232
0.254
0.245
0.234
0.238
0.235
0.242
0.250
0.260
0.265
0.255
0.263
0.250
0.231
0.264
0.241
0.225
0.252
0.245
0.249
0.259
0.235
0.242
0.251
0.258
0.248
0.254
0.245
0.239
0.260
0.244
0.244
0.243
0.239
0.244
0.239
0.244
0.230
0.239
0.241
0.245
0.253
0.238
0.223
0.223
0.245
0.257
0.223
0.232
0.241
0.237
0.240
0.244
0.238
0.220
0.235
0.243
0.254
0.241
0.239
0.258
0.237
0.245
0.263
0.262
0.233
0.263
0.236
0.244
0.255
0.250
0.237
0.259
0.259
0.248
0.240
0.256
0.227
0.256
0.257
* 0.197
0.253
0.257
0.233
0.211
0.253
0.244
0.247
0.238
0.230
0.252
0.270
0.251
0.254
0.241
0.278
0.263
0.264
0.256
0.239
0.222
0.246
0.232
0.233
0.255
0.267
0.285
0.251
0.263
0.246
0.255
0.257
0.258
0.229
0.273
0.284
0.284
0.242
0.277
0.288
0.314
0.295
0.293
0.312
0.302
0.282
0.302
0.318
0.288
0.304
0.299
0.321
0.304
0.327
0.310
0.301
0.301
0.315
0.310
0.297
0.316
0.309
0.296
0.310
0.314
0.307
0.318
0.283
0.291
0.303
0.309
0.293
0.312
0.321
0.327
0.324
0.350
0.339
0.331
0.331
0.323
0.292
0.346
0.303
0.329
0.336
0.324
0.350
0.329
0.322
0.315
0.328
0.315
0.325
0.351
0.324
0.316
0.311
0.295
0.291
0.295
0.314
0.301
0.302
0.293
0.310
0.286
0.298
0.296
0.308
0.285
0.298
0.299
0.285
0.300
0.292
0.295
0.296
0.313
0.276
0.304
0.281
0.316
0.289
0.264
0.301
0.288
0.278
0.300
0.304
0.247
0.271
0.309
0.312
0.287
0.308
0.297
0.313
0.315
0.293
0.296
0.296
0.305
0.297
0.322
0.329
0.310
0.305
0.290
* 0.206
0.189
0.173
0.196
0.198
0.226
0.171
0.207
0.277
0.272
0.279
0.285
0.282
0.276
0.254
0.280
0.296
0.244
0.270
0.292
0.293
0.277
0.285
0.276
0.254
0.301
0.272
0.286
0.272
0.277
0.283
0.274
0.274
0.255
0.258
0.252
0.248
0.213
0.247
0.238
0.246
0.231
0.183
0.209
0.257
0.252
0.250
0.245
0.261
0.258
0.268
0.260
0.249
0.262
0.287
0.293
0.286
0.290
0.297
0.280
0.265
0.260
0.290
0.289
0.266
0.279
0.287
0.273
0.259
0.251
0.254
0.263
0.284
0.283
0.263
0.256
0.264
0.261
0.271
0.245
0.257
0.271
0.250
0.276
0.262
0.235
0.259
0.228
0.260
0.247
0.247
0.218
0.243
0.240
0.254
0.247
0.262
0.259
0.258
0.269
0.269
0.296
0.272
0.266
0.282
0.271
0.300
0.280
0.259
0.256
0.262
0.252
0.257
0.216
0.223
0.264
0.239
0.269
0.271
0.238
0.218
0.240
0.240
0.240
0.267
0.249
0.251
0.219
0.224
0.259
0.247
0.253
0.223
* 0.182
0.193
0.226
0.234
0.244
0.219
0.240
0.234
0.240
0.228
0.235
0.250
0.265
0.255
0.236
0.231
0.250
0.241
0.260
0.248
0.237
0.239
0.224
0.219
0.227
0.222
0.231
0.239
0.235
0.222
0.217
0.224
0.227
0.221
0.242
0.220
0.255
0.248
0.253
0.252
0.227
0.248
0.219
0.230
0.225
0.230
0.218
0.255
0.243
0.206
0.223
0.222
0.216
0.208
0.218
0.214
0.209
0.228
0.225
0.223
0.212
0.218
0.217
0.221
0.249
0.246
0.251
0.248
0.254
0.266
0.267
0.248
0.280
0.260
0.257
0.263
0.251
0.234
0.222
0.244
0.239
0.234
0.243
0.239
0.224
0.229
0.259
0.239
0.250
0.244
0.240
0.235
0.239
0.238
0.232
0.245
0.234
0.221
0.245
0.211
0.215
0.232
0.245
0.217
0.237
0.227
0.241
0.240
0.250
0.240
0.248
0.248
0.228
0.229
0.228
0.241
0.229
0.258
0.248
0.230
0.258
0.256
0.265
0.291
0.277
0.294
0.280
0.276
0.290
0.259
0.248
0.251
0.253
0.241
0.254
0.246
0.249
0.286
0.248
0.242
0.250
0.255
0.253
0.234
0.253
0.272
0.288
0.240
0.241
0.243
0.237
0.263
0.259
0.274
0.272
0.288
0.261
0.292
0.289
0.296
0.283
0.271
0.269
0.281
0.267
0.277
0.274
0.250
0.255
0.256
0.297
0.280
0.295
0.300
0.278
0.292
0.277
0.277
0.288
0.283
0.295
0.290
0.280
0.287
0.286
0.295
0.310
0.290
0.290
0.295
0.309
0.282
0.305
0.292
0.284
0.290
0.302
0.282
0.301
0.296
0.296
0.298
0.283
0.322
0.305
0.317
0.290
0.309
0.309
0.296
0.299
0.313
0.288
0.291
0.303
0.290
0.307
0.315
0.311
0.307
0.291
0.308
0.321
0.331
0.316
0.293
0.306
0.306
0.319
0.313
0.323
0.317
0.288
0.317
0.312
0.294
0.295
0.301
0.289
0.289
0.270
0.288
0.272
0.263
0.270
0.268
0.272
0.276
0.284
0.254
0.279
0.270
0.251
0.278
0.275
0.259
0.270
0.276
0.257
0.249
0.253
0.238
0.237
0.250
0.267
0.263
0.256
0.260
0.245
0.281
0.267
0.264
0.248
0.274
0.266
0.257
0.291
0.295
0.307
0.266
0.302
0.259
0.268
0.292
0.285
0.274
0.257
0.265
0.265
0.245
0.248
0.253
0.268
0.225
0.262
0.247
0.254
0.247
0.251
0.254
0.261
0.263
0.264
0.261
0.263
0.253
0.257
0.242
0.249
0.243
0.254
0.245
0.251
0.243
0.265
0.237
0.263
0.255
0.269
0.240
0.258
0.256
0.252
0.261
0.268
0.263
0.256
0.230
0.227
0.218
0.220
0.210
0.249
0.240
0.221
0.233
0.218
0.205
0.230
0.214
0.221
0.229
0.254
0.224
0.237
0.226
0.221
0.232
0.223
0.238
0.224
0.231
0.229
0.231
0.230
0.237
0.226
0.240
0.245
0.247
0.249
0.249
0.264
0.240
0.252
0.264
0.257
0.273
0.272
0.263
0.263
0.247
0.256
0.257
0.243
0.234
0.250
0.245
0.246
0.241
0.243
0.261
0.247
