0.276 0.240
0.278 0.240
0.266 0.240
0.269 0.240
0.251 0.240
0.238 0.240
0.147 0.240
0.166 0.240
0.214 0.240
0.237 0.240
* 0.254 0.240
0.246 0.240
x
0.263 0.240
x
0.248 0.240
0.251 0.240
0.262 0.240
0.269 0.240
0.274 0.240
0.268 0.240
0.270 0.240
0.264 0.240
0.248 0.240
0.268 0.240
0.258 0.240
0.276 0.240
0.269 0.240
0.271 0.240
0.246 0.240
0.276 0.240
0.273 0.240
0.277 0.240
0.257 0.240
0.267 0.240
0.249 0.240
0.254 0.240
0.272 0.240
0.252 0.240
0.278 0.240
0.260 0.240
0.281 0.240
0.264 0.240
0.262 0.240
0.266 0.240
0.275 0.240
0.273 0.240
0.229 0.240
0.147 0.240
0.219 0.240
* 0.241 0.240
0.264 0.240
0.260 0.240
0.270 0.240
0.273 0.240
0.259 0.240
0.262 0.240
0.268 0.240
0.265 0.240
0.277 0.240
0.266 0.240
0.265 0.240
0.269 0.240
0.277 0.240
0.283 0.240
0.261 0.240
0.284 0.240
0.281 0.240
0.283 0.240
0.276 0.240
0.253 0.240
0.265 0.240
0.262 0.240
0.255 0.240
0.263 0.240
0.254 0.240
0.261 0.240
0.248 0.240
0.263 0.240
0.263 0.240
0.259 0.240
0.241 0.240
0.255 0.240
0.236 0.240
0.247 0.240
0.240 0.240
0.249 0.240
0.249 0.240
0.251 0.240
0.266 0.240
0.272 0.240
0.270 0.240
0.268 0.240
0.266 0.240
0.262 0.240
0.280 0.240
0.260 0.240
0.277 0.240
0.278 0.240
0.272 0.240
0.271 0.240
0.279 0.240
0.279 0.240
0.259 0.240
0.269 0.240
0.258 0.240
0.247 0.240
0.262 0.240
0.255 0.240
0.266 0.240
0.258 0.240
0.266 0.240
0.264 0.240
0.262 0.240
0.253 0.240
0.249 0.240
0.253 0.240
0.271 0.240
0.228 0.240
0.225 0.240
0.223 0.240
* 0.245 0.240
0.218 0.240
0.218 0.240
0.219 0.240
0.220 0.240
0.215 0.240
0.217 0.240
0.236 0.240
* 0.270 0.240
0.265 0.240
0.295 0.240
0.305 0.240
0.298 0.240
0.289 0.240
0.308 0.240
0.326 0.240
0.325 0.240
0.320 0.240
0.306 0.240
0.301 0.240
0.306 0.240
0.323 0.240
0.347 0.240
0.327 0.240
0.300 0.240
0.329 0.240
0.300 0.240
0.316 0.240
0.317 0.240
0.322 0.240
0.332 0.240
0.315 0.240
0.335 0.240
0.316 0.240
0.319 0.240
0.313 0.240
0.308 0.240
0.314 0.240
0.313 0.240
0.324 0.240
0.322 0.240
0.230 0.240
0.266 0.240
0.283 0.240
0.279 0.240
0.295 0.240
0.279 0.240
0.310 0.240
0.292 0.240
0.309 0.240
0.288 0.240
0.290 0.240
0.303 0.240
0.291 0.240
0.293 0.240
0.248 0.240
0.249 0.240
0.254 0.240
0.265 0.240
0.252 0.240
0.256 0.240
0.249 0.240
0.252 0.240
0.244 0.240
0.251 0.240
0.265 0.240
0.251 0.240
0.246 0.240
0.266 0.240
0.272 0.240
0.266 0.240
0.263 0.240
0.260 0.240
0.246 0.240
0.254 0.240
0.261 0.240
0.256 0.240
0.239 0.240
0.247 0.240
0.246 0.240
0.252 0.240
0.243 0.240
0.261 0.240
0.253 0.240
0.255 0.240
0.241 0.240
0.250 0.240
0.235 0.240
0.240 0.240
0.265 0.240
0.259 0.240
0.251 0.240
0.242 0.240
0.247 0.240
0.260 0.240
0.248 0.240
0.249 0.240
0.259 0.240
0.247 0.240
0.239 0.240
0.259 0.240
0.254 0.240
0.251 0.240
0.254 0.240
0.248 0.240
0.252 0.240
0.256 0.240
0.249 0.240
0.244 0.240
0.247 0.240
0.241 0.240
0.258 0.240
0.246 0.240
0.247 0.240
0.254 0.240
0.258 0.240
0.234 0.240
0.229 0.240
0.215 0.240
0.226 0.240
0.231 0.240
0.225 0.240
0.213 0.240
0.209 0.240
0.208 0.240
0.209 0.240
0.212 0.240
0.208 0.240
0.212 0.240
0.219 0.240
0.225 0.240
0.207 0.240
0.212 0.240
0.235 0.240
0.221 0.240
0.233 0.240
0.219 0.240
0.211 0.240
0.240 0.240
0.218 0.240
0.221 0.240
0.209 0.240
0.228 0.240
0.237 0.240
0.233 0.240
0.219 0.240
0.219 0.240
0.225 0.240
0.222 0.240
0.227 0.240
0.214 0.240
0.216 0.240
0.230 0.240
0.215 0.240
0.231 0.240
0.237 0.240
0.214 0.240
0.226 0.240
0.218 0.240
0.225 0.240
0.216 0.240
0.228 0.240
0.234 0.240
0.218 0.240
0.233 0.240
0.226 0.240
* 0.290 0.240
0.275 0.240
0.290 0.240
0.276 0.240
0.284 0.240
0.295 0.240
0.282 0.240
0.271 0.240
0.292 0.240
0.291 0.240
0.283 0.240
0.292 0.240
0.300 0.240
0.291 0.240
0.288 0.240
0.288 0.240
0.282 0.240
0.281 0.240
0.284 0.240
0.280 0.240
0.296 0.240
0.275 0.240
0.289 0.240
0.308 0.240
0.278 0.240
0.279 0.240
0.295 0.240
0.302 0.240
0.305 0.240
0.309 0.240
0.307 0.240
0.297 0.240
0.314 0.240
0.315 0.240
0.290 0.240
0.302 0.240
0.289 0.240
0.306 0.240
0.300 0.240
0.289 0.240
0.245 0.240
0.203 0.240
0.250 0.240
0.260 0.240
0.272 0.240
0.279 0.240
0.247 0.240
0.256 0.240
0.275 0.240
0.267 0.240
0.262 0.240
0.265 0.240
0.252 0.240
0.251 0.240
0.258 0.240
0.275 0.240
0.272 0.240
0.267 0.240
0.266 0.240
0.262 0.240
0.236 0.240
0.236 0.240
0.246 0.240
0.247 0.240
0.275 0.240
0.262 0.240
0.259 0.240
0.247 0.240
0.250 0.240
0.228 0.240
0.242 0.240
0.240 0.240
0.236 0.240
0.245 0.240
0.248 0.240
0.236 0.240
0.248 0.240
0.253 0.240
0.250 0.240
0.245 0.240
0.252 0.240
0.268 0.240
0.251 0.240
0.249 0.240
0.253 0.240
0.233 0.240
0.161 0.240
0.198 0.240
* 0.247 0.240
0.242 0.240
0.257 0.240
0.253 0.240
0.258 0.240
0.256 0.240
0.267 0.240
0.257 0.240
0.274 0.240
0.284 0.240
0.280 0.240
0.281 0.240
0.268 0.240
0.253 0.240
0.293 0.240
0.264 0.240
0.244 0.240
0.243 0.240
0.250 0.240
0.256 0.240
0.261 0.240
0.257 0.240
0.256 0.240
0.257 0.240
0.240 0.240
0.256 0.240
0.223 0.240
0.226 0.240
0.221 0.240
* 0.259 0.240
0.228 0.240
0.253 0.240
0.253 0.240
0.265 0.240
0.262 0.240
0.251 0.240
0.280 0.240
0.200 0.240
0.243 0.240
0.266 0.240
0.275 0.240
0.235 0.240
0.231 0.240
0.246 0.240
0.251 0.240
0.251 0.240
0.255 0.240
0.244 0.240
0.251 0.240
0.262 0.240
0.235 0.240
0.251 0.240
0.250 0.240
0.250 0.240
0.269 0.240
0.250 0.240
0.260 0.240
0.286 0.240
0.274 0.240
0.272 0.240
0.224 0.240
0.256 0.240
0.250 0.240
0.236 0.240
0.264 0.240
0.243 0.240
0.243 0.240
0.250 0.240
0.245 0.240
0.256 0.240
0.263 0.240
0.263 0.240
0.252 0.240
0.262 0.240
0.246 0.240
0.253 0.240
0.260 0.240
0.245 0.240
0.237 0.240
0.252 0.240
0.241 0.240
0.259 0.240
0.245 0.240
0.271 0.240
0.267 0.240
0.259 0.240
0.263 0.240
0.263 0.240
0.267 0.240
0.280 0.240
0.267 0.240
0.282 0.240
0.277 0.240
0.286 0.240
0.276 0.240
0.267 0.240
0.269 0.240
0.263 0.240
0.287 0.240
0.265 0.240
0.274 0.240
0.256 0.240
0.254 0.240
0.271 0.240
0.244 0.240
0.256 0.240
0.274 0.240
0.246 0.240
0.259 0.240
0.259 0.240
0.253 0.240
0.250 0.240
0.269 0.240
0.284 0.240
0.250 0.240
0.252 0.240
0.250 0.240
0.252 0.240
0.284 0.240
0.252 0.240
0.259 0.240
0.276 0.240
0.263 0.240
0.262 0.240
0.271 0.240
0.199 0.240
0.208 0.240
0.209 0.240
0.214 0.240
0.237 0.240
0.238 0.240
* 0.246 0.240
0.252 0.240
0.269 0.240
0.254 0.240
0.273 0.240
0.256 0.240
0.263 0.240
0.248 0.240
0.258 0.240
0.250 0.240
0.269 0.240
0.260 0.240
0.259 0.240
0.261 0.240
0.261 0.240
0.241 0.240
0.258 0.240
0.239 0.240
0.246 0.240
0.256 0.240
0.263 0.240
0.259 0.240
0.254 0.240
0.265 0.240
0.248 0.240
0.256 0.240
0.265 0.240
0.254 0.240
0.256 0.240
0.256 0.240
0.263 0.240
0.263 0.240
0.244 0.240
0.231 0.240
0.269 0.240
0.265 0.240
0.267 0.240
0.264 0.240
0.268 0.240
0.240 0.240
0.246 0.240
0.265 0.240
0.244 0.240
0.246 0.240
0.260 0.240
0.250 0.240
0.263 0.240
0.267 0.240
0.263 0.240
0.260 0.240
0.244 0.240
0.271 0.240
0.267 0.240
0.280 0.240
0.250 0.240
0.279 0.240
0.280 0.240
0.284 0.240
0.280 0.240
0.277 0.240
0.290 0.240
0.273 0.240
0.310 0.240
0.298 0.240
0.259 0.240
0.303 0.240
0.309 0.240
0.289 0.240
0.299 0.240
0.285 0.240
0.263 0.240
0.291 0.240
0.276 0.240
0.269 0.240
0.263 0.240
0.258 0.245 0.266
0.241 0.245 0.266
0.267 0.245 0.266
0.258 0.245 0.266
0.272 0.245 0.266
0.263 0.245 0.266
0.245 0.245 0.266
0.229 0.245 0.266
0.239 0.245 0.266
0.243 0.245 0.266
0.239 0.245 0.266
* 0.248 0.245 0.266
0.275 0.245 0.266
0.261 0.245 0.266
0.261 0.245 0.266
0.275 0.245 0.266
0.254 0.245 0.266
0.276 0.245 0.266
0.273 0.245 0.266
0.271 0.245 0.266
0.244 0.245 0.266
0.246 0.245 0.266
0.277 0.245 0.266
0.284 0.245 0.266
0.284 0.245 0.266
0.302 0.245 0.266
0.269 0.245 0.266
0.306 0.245 0.266
0.299 0.245 0.266
0.299 0.245 0.266
0.293 0.245 0.266
0.279 0.245 0.266
0.283 0.245 0.266
0.284 0.245 0.267
0.299 0.245 0.267
0.292 0.245 0.267
0.283 0.245 0.267
0.266 0.245 0.267
0.272 0.245 0.267
0.239 0.245 0.267
0.262 0.245 0.267
0.265 0.245 0.267
0.292 0.245 0.267
0.296 0.245 0.267
0.305 0.245 0.267
0.290 0.245 0.267
0.292 0.245 0.267
0.309 0.245 0.267
0.306 0.245 0.267
0.208 0.245 0.267
0.243 0.245 0.267
0.278 0.245 0.267
0.277 0.245 0.267
0.286 0.245 0.267
0.278 0.245 0.267
0.261 0.245 0.267
0.269 0.245 0.267
0.248 0.245 0.267
0.233 0.245 0.267
0.218 0.245 0.267
0.213 0.245 0.267
0.206 0.245 0.267
0.211 0.245 0.267
0.209 0.245 0.267
0.203 0.245 0.267
0.201 0.245 0.267
0.215 0.245 0.267
0.209 0.245 0.267
0.218 0.245 0.267
0.228 0.245 0.267
* 0.247 0.245 0.267
0.256 0.245 0.267
0.237 0.245 0.267
0.262 0.245 0.267
0.252 0.245 0.267
0.277 0.245 0.267
0.281 0.245 0.267
0.279 0.245 0.267
0.260 0.245 0.267
0.254 0.245 0.267
0.254 0.245 0.267
0.256 0.245 0.267
0.256 0.245 0.267
0.268 0.245 0.267
0.280 0.245 0.267
0.273 0.245 0.267
0.279 0.245 0.267
0.282 0.245 0.267
0.276 0.245 0.267
0.276 0.245 0.267
0.270 0.245 0.267
0.282 0.245 0.267
0.297 0.245 0.267
0.271 0.245 0.267
0.271 0.245 0.267
0.292 0.246 0.267
0.297 0.246 0.268
0.280 0.246 0.268
0.275 0.246 0.268
0.304 0.246 0.268
0.281 0.246 0.268
0.299 0.246 0.268
0.280 0.246 0.268
0.285 0.246 0.268
0.265 0.246 0.268
0.270 0.246 0.268
0.287 0.246 0.268
0.274 0.246 0.268
0.292 0.246 0.268
0.286 0.246 0.268
0.258 0.246 0.268
0.262 0.246 0.268
0.282 0.246 0.268
0.290 0.246 0.268
0.269 0.246 0.268
0.287 0.246 0.268
0.266 0.246 0.268
0.264 0.246 0.268
0.273 0.246 0.268
0.275 0.246 0.268
0.280 0.246 0.268
0.274 0.246 0.268
0.271 0.246 0.268
0.272 0.246 0.268
0.284 0.246 0.268
0.283 0.246 0.268
0.266 0.246 0.268
0.275 0.246 0.268
0.281 0.246 0.268
0.287 0.246 0.268
0.281 0.246 0.268
0.283 0.246 0.268
0.255 0.246 0.268
0.300 0.246 0.268
0.278 0.246 0.268
0.280 0.246 0.268
0.266 0.246 0.268
0.264 0.246 0.268
0.268 0.246 0.268
0.291 0.246 0.268
0.293 0.246 0.268
0.262 0.247 0.268
0.292 0.247 0.267
0.284 0.247 0.267
0.273 0.247 0.267
0.256 0.247 0.267
0.285 0.247 0.267
0.279 0.247 0.267
0.266 0.247 0.267
0.274 0.247 0.267
0.274 0.247 0.267
0.290 0.247 0.267
0.270 0.247 0.267
0.262 0.247 0.266
0.275 0.247 0.266
0.287 0.247 0.266
0.281 0.247 0.266
0.288 0.247 0.266
0.292 0.247 0.266
0.285 0.247 0.266
0.278 0.248 0.266
0.297 0.248 0.266
0.279 0.248 0.266
0.277 0.248 0.266
0.279 0.248 0.266
0.280 0.248 0.266
0.274 0.248 0.266
0.273 0.248 0.266
0.285 0.248 0.266
0.264 0.248 0.266
0.262 0.248 0.266
0.287 0.248 0.266
0.277 0.248 0.266
0.285 0.248 0.266
0.289 0.248 0.266
0.275 0.248 0.266
0.283 0.248 0.266
0.282 0.248 0.266
0.268 0.248 0.266
0.254 0.248 0.266
0.294 0.248 0.266
0.283 0.248 0.266
0.277 0.248 0.266
0.273 0.248 0.266
0.260 0.248 0.266
0.268 0.248 0.266
0.252 0.248 0.266
0.260 0.248 0.266
0.264 0.248 0.266
0.273 0.248 0.266
0.279 0.248 0.266
0.291 0.248 0.267
0.279 0.248 0.267
0.279 0.248 0.267
0.282 0.248 0.267
0.279 0.248 0.267
0.281 0.248 0.267
0.281 0.249 0.267
0.267 0.249 0.267
0.281 0.249 0.267
0.272 0.249 0.267
0.266 0.249 0.267
0.282 0.249 0.267
0.274 0.249 0.267
0.259 0.249 0.267
0.262 0.249 0.267
0.288 0.249 0.267
0.280 0.249 0.267
0.302 0.249 0.267
0.301 0.249 0.268
0.321 0.249 0.268
0.334 0.249 0.268
0.307 0.249 0.268
0.318 0.249 0.268
0.341 0.249 0.268
0.339 0.249 0.268
0.336 0.249 0.269
0.315 0.249 0.269
0.321 0.249 0.269
0.306 0.249 0.269
0.315 0.249 0.269
0.338 0.249 0.269
0.332 0.249 0.269
0.327 0.249 0.270
0.324 0.249 0.270
0.321 0.249 0.270
0.332 0.249 0.270
0.329 0.249 0.270
0.336 0.249 0.270
0.326 0.249 0.271
0.337 0.249 0.271
0.347 0.249 0.271
0.323 0.249 0.271
0.339 0.249 0.271
0.320 0.249 0.271
0.331 0.249 0.271
0.313 0.249 0.272
0.324 0.249 0.272
0.330 0.249 0.272
0.339 0.249 0.272
0.337 0.249 0.272
0.323 0.249 0.272
0.320 0.249 0.272
0.321 0.249 0.272
0.333 0.249 0.272
0.321 0.249 0.272
0.314 0.249 0.272
0.330 0.249 0.272
0.309 0.249 0.272
0.320 0.249 0.273
0.332 0.249 0.273
0.335 0.249 0.273
0.287 0.249 0.273
0.273 0.249 0.273
0.267 0.249 0.273
0.273 0.249 0.273
0.272 0.249 0.273
0.280 0.249 0.273
0.276 0.249 0.273
0.275 0.249 0.273
0.277 0.249 0.273
0.274 0.249 0.273
0.258 0.249 0.272
0.268 0.248 0.272
0.273 0.248 0.272
0.264 0.248 0.272
0.262 0.248 0.272
0.271 0.248 0.272
0.286 0.248 0.272
0.289 0.248 0.272
0.283 0.248 0.272
0.273 0.248 0.272
0.267 0.248 0.272
0.281 0.248 0.272
0.264 0.248 0.272
0.263 0.248 0.272
0.286 0.249 0.272
0.281 0.249 0.272
0.265 0.249 0.272
0.265 0.249 0.272
0.271 0.249 0.272
0.271 0.249 0.272
0.258 0.249 0.272
0.271 0.249 0.272
0.260 0.249 0.272
0.281 0.249 0.272
0.287 0.249 0.272
0.296 0.249 0.272
0.271 0.249 0.272
0.297 0.249 0.272
0.283 0.249 0.272
0.275 0.249 0.272
0.292 0.249 0.272
0.281 0.249 0.272
0.290 0.249 0.272
0.278 0.249 0.273
0.273 0.250 0.273
0.295 0.250 0.273
0.269 0.250 0.273
0.279 0.250 0.273
0.265 0.250 0.273
0.285 0.250 0.273
0.283 0.250 0.273
0.274 0.250 0.273
0.279 0.250 0.273
0.284 0.250 0.273
0.277 0.250 0.273
0.286 0.251 0.273
0.288 0.251 0.273
0.273 0.251 0.273
0.286 0.251 0.274
0.279 0.251 0.274
0.203 0.251 0.274
0.201 0.251 0.274
0.190 0.251 0.274
0.203 0.251 0.274
0.207 0.251 0.274
0.210 0.251 0.274
0.204 0.251 0.274
0.202 0.251 0.274
0.211 0.251 0.274
* 0.287 0.251 0.274
0.300 0.251 0.274
0.293 0.251 0.274
0.305 0.251 0.274
0.286 0.251 0.274
0.302 0.251 0.274
0.285 0.252 0.274
0.280 0.252 0.274
0.281 0.252 0.274
0.272 0.252 0.274
0.251 0.252 0.274
0.262 0.252 0.274
0.261 0.252 0.274
0.270 0.252 0.274
0.273 0.252 0.274
0.283 0.252 0.274
0.275 0.252 0.274
0.256 0.252 0.274
0.273 0.252 0.274
0.279 0.252 0.274
0.276 0.252 0.274
0.270 0.252 0.274
0.273 0.252 0.274
0.280 0.252 0.274
0.273 0.252 0.275
0.255 0.252 0.275
0.271 0.252 0.275
0.262 0.252 0.275
0.275 0.252 0.275
0.279 0.252 0.275
0.276 0.252 0.275
0.277 0.252 0.275
0.240 0.252 0.275
0.258 0.252 0.275
0.270 0.252 0.275
0.278 0.253 0.275
0.272 0.253 0.275
0.251 0.253 0.275
0.285 0.253 0.275
0.272 0.253 0.275
0.262 0.253 0.275
0.269 0.253 0.275
0.264 0.253 0.275
0.266 0.253 0.275
0.277 0.253 0.275
0.295 0.253 0.275
0.288 0.253 0.275
0.287 0.254 0.275
0.276 0.254 0.275
0.266 0.254 0.275
0.268 0.254 0.276
0.268 0.254 0.276
0.268 0.254 0.276
0.260 0.254 0.276
0.268 0.254 0.276
0.282 0.254 0.276
0.283 0.254 0.276
0.252 0.254 0.276
0.263 0.254 0.276
0.263 0.254 0.276
0.264 0.254 0.276
0.281 0.254 0.276
0.260 0.254 0.276
0.260 0.254 0.276
0.265 0.254 0.276
0.287 0.255 0.276
0.314 0.255 0.276
0.258 0.255 0.276
0.249 0.255 0.276
0.259 0.255 0.276
0.251 0.255 0.276
0.264 0.255 0.276
0.273 0.255 0.276
0.286 0.255 0.276
0.254 0.255 0.276
0.274 0.255 0.276
0.277 0.255 0.276
0.263 0.255 0.276
0.268 0.255 0.276
0.279 0.255 0.276
0.291 0.255 0.276
0.264 0.255 0.276
0.262 0.255 0.277
0.247 0.255 0.277
0.258 0.256 0.277
0.264 0.256 0.277
0.281 0.256 0.277
0.265 0.256 0.277
0.268 0.256 0.277
0.262 0.256 0.277
0.285 0.256 0.277
0.283 0.256 0.277
0.260 0.256 0.277
0.268 0.256 0.277
0.256 0.256 0.277
0.277 0.256 0.277
0.268 0.256 0.277
0.253 0.256 0.277
0.280 0.256 0.277
0.259 0.256 0.277
0.234 0.256 0.277
0.243 0.256 0.277
0.235 0.256 0.277
0.235 0.256 0.277
0.221 0.256 0.277
0.213 0.256 0.277
0.217 0.256 0.277
0.207 0.256 0.277
0.210 0.256 0.277
0.207 0.256 0.277
0.225 0.256 0.277
0.235 0.256 0.277
0.250 0.256 0.277
* 0.271 0.256 0.277
0.256 0.256 0.277
0.270 0.256 0.277
0.268 0.256 0.277
0.291 0.256 0.277
0.286 0.256 0.277
0.276 0.256 0.277
0.275 0.256 0.277
0.266 0.256 0.277
0.260 0.256 0.277
0.284 0.256 0.277
0.287 0.256 0.277
0.268 0.256 0.277
0.285 0.256 0.277
0.284 0.256 0.277
0.293 0.256 0.277
0.273 0.256 0.277
0.277 0.256 0.277
0.281 0.256 0.277
0.293 0.256 0.277
0.270 0.257 0.277
0.292 0.257 0.277
0.301 0.257 0.277
0.311 0.257 0.277
0.320 0.257 0.278
0.298 0.257 0.278
0.309 0.257 0.278
0.312 0.257 0.278
0.290 0.257 0.278
0.327 0.257 0.278
0.307 0.257 0.278
0.323 0.257 0.278
0.320 0.257 0.278
0.318 0.257 0.278
0.312 0.257 0.279
0.316 0.257 0.279
0.239 0.257 0.279
0.206 0.257 0.279
0.200 0.257 0.279
0.188 0.257 0.279
0.200 0.257 0.279
0.190 0.257 0.279
0.189 0.257 0.279
0.180 0.257 0.279
0.180 0.257 0.279
0.197 0.257 0.279
0.192 0.257 0.279
0.183 0.257 0.279
0.187 0.257 0.279
0.175 0.257 0.279
0.168 0.257 0.279
0.182 0.257 0.279
0.202 0.257 0.279
0.173 0.257 0.279
0.176 0.257 0.279
0.177 0.257 0.279
0.189 0.257 0.279
0.188 0.257 0.279
0.187 0.257 0.279
0.171 0.257 0.279
0.180 0.257 0.279
0.194 0.257 0.279
0.171 0.257 0.279
0.176 0.257 0.279
0.161 0.257 0.279
0.177 0.257 0.279
0.183 0.257 0.279
0.182 0.257 0.279
0.161 0.257 0.279
0.159 0.257 0.279
0.151 0.257 0.279
0.192 0.257 0.279
0.213 0.257 0.279
0.195 0.257 0.279
0.166 0.257 0.279
0.153 0.257 0.279
0.183 0.257 0.279
0.180 0.257 0.279
0.187 0.257 0.279
0.174 0.257 0.279
0.199 0.257 0.279
0.199 0.257 0.279
0.217 0.257 0.279
0.202 0.257 0.279
0.225 0.257 0.279
0.230 0.257 0.279
0.233 0.257 0.279
0.223 0.257 0.279
0.230 0.257 0.279
0.251 0.257 0.279
* 0.287 0.257 0.279
0.272 0.258 0.279
0.287 0.258 0.279
0.312 0.258 0.279
0.314 0.258 0.279
0.295 0.258 0.279
0.305 0.258 0.279
0.307 0.258 0.279
0.303 0.258 0.279
0.262 0.258 0.279
0.287 0.258 0.279
0.269 0.258 0.280
0.261 0.258 0.280
0.279 0.259 0.280
0.293 0.259 0.280
0.277 0.259 0.280
0.293 0.259 0.280
0.304 0.259 0.280
0.300 0.259 0.280
0.289 0.238 0.280
0.302 0.238 0.280
0.291 0.238 0.280
0.306 0.238 0.280
0.317 0.238 0.280
0.302 0.238 0.280
0.306 0.238 0.281
0.296 0.239 0.281
0.249 0.239 0.281
0.294 0.239 0.281
0.308 0.239 0.281
0.285 0.239 0.281
0.302 0.239 0.281
0.306 0.239 0.281
0.305 0.239 0.281
0.268 0.239 0.281
0.262 0.239 0.281
0.275 0.240 0.281
0.283 0.240 0.281
0.259 0.240 0.281
0.259 0.240 0.281
0.276 0.240 0.281
0.269 0.240 0.281
0.262 0.240 0.281
0.267 0.240 0.281
0.262 0.240 0.281
0.252 0.240 0.281
0.264 0.240 0.281
0.270 0.240 0.281
0.265 0.240 0.281
0.251 0.240 0.281
0.269 0.240 0.281
0.277 0.240 0.281
0.285 0.240 0.281
0.291 0.240 0.281
0.267 0.240 0.281
0.286 0.240 0.281
0.295 0.240 0.281
0.301 0.240 0.281
0.298 0.240 0.281
0.306 0.240 0.281
0.312 0.240 0.281
0.295 0.240 0.281
0.279 0.240 0.281
0.276 0.240 0.281
0.285 0.240 0.281
0.286 0.240 0.281
0.291 0.240 0.281
0.297 0.240 0.281
0.288 0.240 0.282
0.295 0.240 0.282
0.262 0.240 0.282
0.274 0.240 0.282
0.267 0.241 0.282
0.254 0.240 0.282
0.265 0.240 0.282
0.267 0.241 0.282
0.278 0.241 0.282
0.269 0.241 0.282
0.261 0.241 0.282
0.228 0.241 0.282
0.217 0.241 0.282
0.203 0.241 0.282
0.206 0.241 0.282
0.209 0.241 0.282
0.195 0.241 0.282
* 0.247 0.240 0.282
0.275 0.241 0.282
0.274 0.241 0.282
0.269 0.241 0.282
0.264 0.240 0.282
0.275 0.241 0.282
0.268 0.241 0.282
0.272 0.241 0.282
0.249 0.241 0.282
0.253 0.241 0.282
0.258 0.240 0.282
0.249 0.240 0.281
0.259 0.240 0.281
0.259 0.240 0.281
0.229 0.240 0.281
0.233 0.240 0.281
0.231 0.240 0.281
0.219 0.240 0.281
* 0.253 0.240 0.281
0.256 0.240 0.281
0.253 0.240 0.281
0.259 0.240 0.281
0.277 0.240 0.281
0.255 0.239 0.281
0.241 0.239 0.281
0.255 0.239 0.281
0.272 0.239 0.281
0.293 0.239 0.281
0.272 0.239 0.281
0.269 0.239 0.281
0.296 0.239 0.281
0.259 0.239 0.281
0.276 0.239 0.281
0.278 0.239 0.281
0.291 0.239 0.281
0.279 0.239 0.281
0.277 0.239 0.281
0.255 0.239 0.281
0.261 0.240 0.281
0.240 0.240 0.281
0.244 0.240 0.281
0.252 0.239 0.281
0.263 0.239 0.281
0.264 0.239 0.281
0.275 0.239 0.281
0.265 0.239 0.281
0.246 0.239 0.281
0.205 0.239 0.281
0.215 0.239 0.281
0.250 0.239 0.280
0.246 0.238 0.280
0.254 0.238 0.280
0.277 0.238 0.280
0.258 0.238 0.280
0.266 0.238 0.280
0.270 0.238 0.280
0.247 0.238 0.280
0.272 0.238 0.280
0.242 0.238 0.280
0.256 0.238 0.280
0.237 0.238 0.280
0.242 0.238 0.280
0.232 0.238 0.280
0.244 0.237 0.280
0.246 0.259 0.280
0.239 0.259 0.280
0.244 0.259 0.280
0.252 0.259 0.280
0.236 0.259 0.280
0.235 0.259 0.280
0.220 0.259 0.280
0.234 0.259 0.280
0.227 0.259 0.280
0.239 0.259 0.280
0.258 0.259 0.280
0.247 0.259 0.280
0.237 0.259 0.280
0.238 0.259 0.280
0.252 0.259 0.280
0.247 0.259 0.280
0.242 0.259 0.280
0.254 0.259 0.280
0.231 0.259 0.280
* 0.260 0.259 0.280
0.238 0.259 0.280
0.269 0.258 0.280
0.256 0.258 0.280
0.247 0.258 0.280
0.259 0.258 0.280
0.244 0.258 0.280
0.273 0.258 0.280
0.246 0.258 0.280
0.244 0.258 0.280
0.269 0.258 0.279
0.259 0.258 0.279
0.249 0.258 0.279
0.255 0.258 0.279
0.245 0.258 0.279
* 0.258 0.258 0.279
0.268 0.257 0.279
0.273 0.257 0.279
0.273 0.257 0.279
0.238 0.257 0.279
0.247 0.257 0.279
0.224 0.257 0.279
* 0.267 0.257 0.279
0.259 0.257 0.279
0.252 0.257 0.279
0.258 0.257 0.279
0.273 0.257 0.279
0.267 0.257 0.279
0.264 0.257 0.279
0.240 0.257 0.279
0.243 0.257 0.279
0.249 0.257 0.279
0.243 0.257 0.279
0.247 0.257 0.279
0.250 0.257 0.279
0.243 0.257 0.279
0.238 0.257 0.279
0.239 0.257 0.279
0.251 0.257 0.279
0.232 0.257 0.279
0.235 0.257 0.279
0.245 0.257 0.279
0.256 0.257 0.279
0.240 0.257 0.279
0.226 0.257 0.279
0.249 0.257 0.279
0.245 0.257 0.279
* 0.260 0.257 0.279
0.266 0.257 0.279
0.242 0.257 0.279
0.235 0.257 0.279
0.247 0.257 0.279
0.249 0.257 0.279
0.236 0.257 0.279
0.253 0.257 0.279
0.232 0.257 0.279
0.249 0.257 0.279
* 0.273 0.257 0.279
0.292 0.257 0.279
0.270 0.257 0.279
0.278 0.257 0.279
0.264 0.257 0.279
0.246 0.257 0.279
0.226 0.257 0.279
0.249 0.257 0.279
0.242 0.257 0.279
* 0.259 0.257 0.279
0.242 0.257 0.279
0.260 0.257 0.279
0.235 0.257 0.279
0.240 0.257 0.279
0.225 0.257 0.279
0.250 0.257 0.279
0.243 0.257 0.279
0.237 0.257 0.279
0.249 0.257 0.279
0.255 0.257 0.279
* 0.275 0.257 0.279
0.260 0.257 0.279
0.270 0.257 0.279
0.293 0.257 0.279
0.283 0.257 0.279
0.276 0.257 0.279
0.249 0.257 0.279
0.260 0.257 0.279
0.234 0.257 0.279
0.254 0.257 0.279
0.238 0.257 0.279
0.224 0.257 0.279
0.225 0.257 0.279
0.242 0.257 0.279
0.237 0.257 0.279
0.238 0.257 0.279
0.225 0.257 0.279
0.253 0.257 0.279
0.238 0.257 0.279
0.238 0.257 0.279
0.250 0.257 0.279
0.238 0.257 0.279
0.235 0.257 0.279
0.222 0.257 0.279
* 0.273 0.257 0.279
0.243 0.257 0.279
0.233 0.257 0.279
0.238 0.257 0.279
0.236 0.257 0.279
0.244 0.257 0.279
0.236 0.257 0.279
0.241 0.257 0.279
0.250 0.257 0.279
0.232 0.257 0.279
0.254 0.257 0.279
0.245 0.257 0.279
0.234 0.257 0.279
0.238 0.257 0.279
0.235 0.257 0.279
0.242 0.257 0.279
0.250 0.257 0.279
* 0.260 0.257 0.279
0.265 0.257 0.279
0.255 0.257 0.279
0.263 0.257 0.279
0.250 0.257 0.279
0.231 0.257 0.279
0.264 0.256 0.278
0.241 0.256 0.278
0.225 0.256 0.278
0.252 0.256 0.278
0.245 0.256 0.278
0.249 0.256 0.278
* 0.259 0.256 0.278
0.235 0.256 0.278
0.242 0.256 0.278
0.251 0.256 0.278
* 0.258 0.256 0.278
0.248 0.256 0.278
0.254 0.256 0.278
0.245 0.256 0.278
0.239 0.256 0.278
* 0.260 0.256 0.278
0.244 0.256 0.278
0.244 0.256 0.278
0.243 0.256 0.278
0.239 0.256 0.278
0.244 0.256 0.278
0.239 0.256 0.278
0.244 0.256 0.278
0.230 0.256 0.278
0.239 0.256 0.278
0.241 0.256 0.278
0.245 0.256 0.278
0.253 0.256 0.278
0.238 0.256 0.278
0.223 0.256 0.278
0.223 0.256 0.278
0.245 0.256 0.278
* 0.257 0.256 0.278
0.223 0.256 0.278
0.232 0.256 0.278
0.241 0.256 0.278
0.237 0.256 0.278
0.240 0.256 0.278
0.244 0.256 0.278
0.238 0.256 0.278
0.220 0.256 0.278
0.235 0.256 0.278
0.243 0.256 0.278
0.254 0.256 0.278
0.241 0.256 0.278
0.239 0.256 0.278
* 0.258 0.256 0.278
0.237 0.256 0.278
0.245 0.256 0.278
0.263 0.256 0.278
0.262 0.256 0.278
0.233 0.256 0.278
0.263 0.256 0.278
0.236 0.256 0.278
0.244 0.256 0.278
0.255 0.256 0.278
0.250 0.256 0.278
0.237 0.256 0.278
* 0.259 0.255 0.278
0.259 0.255 0.278
0.248 0.255 0.278
0.240 0.255 0.278
0.256 0.255 0.278
0.227 0.255 0.278
0.256 0.255 0.278
0.257 0.255 0.277
0.197 0.255 0.277
0.253 0.255 0.277
0.257 0.254 0.277
0.233 0.254 0.277
0.211 0.254 0.277
0.253 0.254 0.277
0.244 0.254 0.277
0.247 0.254 0.277
0.238 0.254 0.277
0.230 0.254 0.277
0.252 0.254 0.277
* 0.270 0.254 0.277
0.251 0.254 0.277
0.254 0.254 0.277
0.241 0.254 0.277
0.278 0.254 0.277
0.263 0.254 0.277
0.264 0.254 0.277
0.256 0.254 0.277
0.239 0.254 0.277
0.222 0.254 0.277
0.246 0.254 0.277
0.232 0.254 0.277
0.233 0.254 0.277
* 0.255 0.254 0.277
0.267 0.254 0.277
0.285 0.254 0.277
0.251 0.254 0.277
0.263 0.254 0.277
0.246 0.254 0.277
0.255 0.253 0.277
0.257 0.253 0.277
0.258 0.253 0.276
0.229 0.253 0.276
0.273 0.253 0.276
0.284 0.253 0.276
0.284 0.253 0.276
0.242 0.253 0.276
0.277 0.253 0.276
0.288 0.253 0.276
0.314 0.253 0.276
0.295 0.253 0.277
0.293 0.253 0.277
0.312 0.253 0.277
0.302 0.253 0.277
0.282 0.253 0.277
0.302 0.253 0.277
0.318 0.253 0.277
0.288 0.253 0.277
0.304 0.253 0.277
0.299 0.253 0.277
0.321 0.253 0.277
0.304 0.253 0.277
0.327 0.253 0.277
0.310 0.253 0.277
0.301 0.254 0.277
0.301 0.254 0.277
0.315 0.254 0.278
0.310 0.254 0.278
0.297 0.254 0.278
0.316 0.254 0.278
0.309 0.254 0.278
0.296 0.254 0.278
0.310 0.254 0.278
0.314 0.254 0.278
0.307 0.254 0.278
0.318 0.254 0.278
0.283 0.254 0.278
0.291 0.254 0.278
0.303 0.254 0.278
0.309 0.254 0.278
0.293 0.254 0.278
0.312 0.254 0.278
0.321 0.254 0.278
0.327 0.254 0.278
0.324 0.254 0.278
0.350 0.254 0.278
0.339 0.254 0.278
0.331 0.254 0.278
0.331 0.254 0.278
0.323 0.254 0.278
0.292 0.254 0.278
0.346 0.254 0.278
0.303 0.254 0.278
0.329 0.254 0.278
0.336 0.254 0.278
0.324 0.254 0.278
0.350 0.254 0.278
0.329 0.254 0.278
0.322 0.254 0.278
0.315 0.254 0.278
0.328 0.254 0.278
0.315 0.254 0.278
0.325 0.254 0.278
0.351 0.254 0.278
0.324 0.254 0.278
0.316 0.254 0.278
0.311 0.254 0.278
0.295 0.254 0.278
0.291 0.254 0.278
0.295 0.254 0.277
0.314 0.254 0.277
0.301 0.254 0.277
0.302 0.254 0.277
0.293 0.254 0.277
0.310 0.254 0.277
0.286 0.254 0.277
0.298 0.254 0.277
0.296 0.254 0.277
0.308 0.254 0.277
0.285 0.254 0.277
0.298 0.254 0.277
0.299 0.254 0.277
0.285 0.254 0.277
0.300 0.254 0.277
0.292 0.254 0.277
0.295 0.254 0.277
0.296 0.254 0.277
0.313 0.254 0.278
0.276 0.254 0.278
0.304 0.255 0.278
0.281 0.255 0.278
0.316 0.255 0.278
0.289 0.255 0.278
0.264 0.255 0.278
0.301 0.255 0.278
0.288 0.255 0.278
0.278 0.255 0.278
0.300 0.255 0.278
0.304 0.255 0.278
0.247 0.255 0.278
0.271 0.255 0.278
0.309 0.255 0.278
0.312 0.255 0.278
0.287 0.255 0.278
0.308 0.255 0.278
0.297 0.255 0.278
0.313 0.255 0.278
0.315 0.255 0.278
0.293 0.255 0.278
0.296 0.255 0.278
0.296 0.255 0.279
0.305 0.255 0.279
0.297 0.255 0.279
0.322 0.255 0.279
0.329 0.255 0.279
0.310 0.255 0.279
0.305 0.255 0.279
0.290 0.255 0.279
0.206 0.255 0.279
0.189 0.255 0.279
0.173 0.255 0.279
0.196 0.255 0.279
0.198 0.255 0.279
0.226 0.255 0.279
0.171 0.255 0.279
0.207 0.255 0.279
* 0.277 0.255 0.279
0.272 0.255 0.279
0.279 0.255 0.279
0.285 0.255 0.279
0.282 0.255 0.279
0.276 0.255 0.279
0.254 0.255 0.279
0.280 0.255 0.279
0.296 0.255 0.279
0.244 0.255 0.279
0.270 0.255 0.279
0.292 0.255 0.279
0.293 0.255 0.279
0.277 0.255 0.279
0.285 0.255 0.279
0.276 0.255 0.279
0.254 0.255 0.279
0.301 0.255 0.279
0.272 0.255 0.279
0.286 0.255 0.279
0.272 0.255 0.279
0.277 0.255 0.279
0.283 0.255 0.279
0.274 0.255 0.279
0.274 0.255 0.279
0.255 0.255 0.278
0.258 0.255 0.278
0.252 0.255 0.278
0.248 0.255 0.278
0.213 0.255 0.278
0.247 0.255 0.278
0.238 0.255 0.278
0.246 0.255 0.278
0.231 0.255 0.278
0.183 0.255 0.278
0.209 0.255 0.278
* 0.257 0.255 0.278
0.252 0.255 0.278
0.250 0.255 0.278
0.245 0.255 0.278
* 0.261 0.254 0.278
0.258 0.254 0.278
0.268 0.255 0.278
0.260 0.255 0.278
0.249 0.255 0.278
0.262 0.254 0.278
0.287 0.254 0.278
0.293 0.254 0.278
0.286 0.254 0.278
0.290 0.255 0.278
0.297 0.255 0.278
0.280 0.255 0.278
0.265 0.255 0.278
0.260 0.255 0.278
0.290 0.255 0.278
0.289 0.255 0.278
0.266 0.255 0.278
0.279 0.255 0.279
0.287 0.255 0.279
0.273 0.255 0.279
0.259 0.255 0.279
0.251 0.255 0.279
0.254 0.255 0.279
0.263 0.254 0.278
0.284 0.255 0.278
0.283 0.255 0.279
0.263 0.255 0.279
0.256 0.255 0.278
0.264 0.255 0.278
0.261 0.255 0.278
0.271 0.255 0.278
0.245 0.255 0.278
0.257 0.254 0.278
0.271 0.254 0.278
0.250 0.254 0.278
0.276 0.254 0.278
0.262 0.254 0.278
0.235 0.254 0.278
0.259 0.254 0.278
0.228 0.254 0.278
0.260 0.254 0.278
0.247 0.254 0.278
0.247 0.254 0.278
0.218 0.254 0.278
0.243 0.254 0.278
0.240 0.254 0.278
* 0.254 0.254 0.278
0.247 0.254 0.278
0.262 0.254 0.278
0.259 0.254 0.278
0.258 0.254 0.278
0.269 0.254 0.278
0.269 0.254 0.278
0.296 0.254 0.278
0.272 0.254 0.278
0.266 0.254 0.278
0.282 0.254 0.278
0.271 0.254 0.278
0.300 0.254 0.278
0.280 0.254 0.278
0.259 0.254 0.278
0.256 0.254 0.278
0.262 0.254 0.278
0.252 0.254 0.278
0.257 0.254 0.278
0.216 0.254 0.278
0.223 0.254 0.278
0.264 0.253 0.278
0.239 0.253 0.278
0.269 0.253 0.278
0.271 0.253 0.278
0.238 0.253 0.278
0.218 0.253 0.278
0.240 0.253 0.278
0.240 0.253 0.278
0.240 0.253 0.278
* 0.267 0.253 0.278
0.249 0.253 0.278
0.251 0.253 0.278
0.219 0.253 0.278
0.224 0.253 0.278
* 0.259 0.253 0.278
0.247 0.253 0.278
0.253 0.253 0.278
0.223 0.253 0.278
0.182 0.253 0.278
0.193 0.253 0.278
0.226 0.253 0.278
0.234 0.253 0.278
0.244 0.253 0.278
0.219 0.253 0.278
0.240 0.253 0.278
0.234 0.253 0.278
0.240 0.253 0.278
0.228 0.253 0.278
0.235 0.253 0.278
0.250 0.253 0.278
* 0.265 0.253 0.278
0.255 0.253 0.278
0.236 0.253 0.278
0.231 0.253 0.278
0.250 0.253 0.278
0.241 0.253 0.278
* 0.260 0.253 0.278
0.248 0.253 0.278
0.237 0.253 0.278
0.239 0.253 0.278
0.224 0.253 0.278
0.219 0.253 0.278
0.227 0.253 0.278
0.222 0.253 0.278
0.231 0.253 0.278
0.239 0.253 0.278
0.235 0.253 0.278
0.222 0.253 0.278
0.217 0.253 0.278
0.224 0.253 0.278
0.227 0.253 0.278
0.221 0.253 0.278
0.242 0.253 0.278
0.220 0.253 0.278
* 0.255 0.253 0.277
0.248 0.253 0.277
0.253 0.253 0.277
0.252 0.253 0.277
0.227 0.253 0.277
0.248 0.253 0.277
0.219 0.253 0.277
0.230 0.253 0.277
0.225 0.253 0.277
0.230 0.253 0.277
0.218 0.253 0.277
* 0.255 0.253 0.277
0.243 0.253 0.277
0.206 0.253 0.277
0.223 0.253 0.277
0.222 0.253 0.277
0.216 0.253 0.277
0.208 0.253 0.277
0.218 0.253 0.277
0.214 0.253 0.277
0.209 0.253 0.277
0.228 0.253 0.277
0.225 0.253 0.277
0.223 0.253 0.277
0.212 0.253 0.277
0.218 0.253 0.277
0.217 0.253 0.277
0.221 0.253 0.277
0.249 0.253 0.277
0.246 0.253 0.277
0.251 0.253 0.277
0.248 0.253 0.277
* 0.254 0.253 0.277
0.266 0.253 0.277
0.267 0.253 0.277
0.248 0.253 0.277
0.280 0.253 0.277
0.260 0.253 0.277
0.257 0.253 0.277
0.263 0.253 0.277
0.251 0.253 0.277
0.234 0.253 0.277
0.222 0.253 0.277
0.244 0.253 0.277
0.239 0.253 0.277
0.234 0.253 0.277
0.243 0.253 0.277
0.239 0.253 0.277
0.224 0.253 0.277
0.229 0.253 0.277
* 0.259 0.253 0.277
0.239 0.253 0.277
0.250 0.253 0.277
0.244 0.253 0.277
0.240 0.253 0.277
0.235 0.253 0.277
0.239 0.253 0.277
0.238 0.253 0.277
0.232 0.253 0.277
0.245 0.253 0.277
0.234 0.253 0.277
0.221 0.253 0.277
0.245 0.253 0.277
0.211 0.253 0.277
0.215 0.253 0.277
0.232 0.253 0.277
0.245 0.253 0.277
0.217 0.253 0.277
0.237 0.253 0.277
0.227 0.253 0.277
0.241 0.253 0.277
0.240 0.253 0.277
0.250 0.253 0.277
0.240 0.253 0.277
0.248 0.253 0.277
0.248 0.253 0.277
0.228 0.253 0.277
0.229 0.253 0.277
0.228 0.253 0.277
0.241 0.253 0.277
0.229 0.253 0.277
* 0.258 0.253 0.277
0.248 0.253 0.277
0.230 0.253 0.277
0.258 0.252 0.277
0.256 0.252 0.277
0.265 0.252 0.277
0.291 0.252 0.277
0.277 0.252 0.277
0.294 0.253 0.277
0.280 0.253 0.277
0.276 0.253 0.277
0.290 0.253 0.277
0.259 0.252 0.277
0.248 0.252 0.277
0.251 0.252 0.277
0.253 0.252 0.277
0.241 0.252 0.277
0.254 0.252 0.277
0.246 0.252 0.277
0.249 0.252 0.277
0.286 0.252 0.277
0.248 0.252 0.277
0.242 0.252 0.277
0.250 0.252 0.277
* 0.255 0.252 0.277
0.253 0.252 0.277
0.234 0.252 0.277
0.253 0.252 0.277
0.272 0.251 0.277
0.288 0.252 0.277
0.240 0.252 0.277
0.241 0.252 0.277
0.243 0.252 0.277
0.237 0.252 0.277
* 0.263 0.251 0.277
0.259 0.251 0.276
0.274 0.251 0.276
0.272 0.251 0.276
0.288 0.251 0.276
0.261 0.251 0.276
0.292 0.251 0.276
0.289 0.251 0.276
0.296 0.251 0.276
0.283 0.251 0.276
0.271 0.251 0.276
0.269 0.251 0.276
0.281 0.251 0.276
0.267 0.251 0.276
0.277 0.251 0.276
0.274 0.251 0.276
0.250 0.251 0.276
0.255 0.251 0.275
0.256 0.251 0.275
0.297 0.251 0.275
0.280 0.251 0.275
0.295 0.251 0.275
0.300 0.251 0.275
0.278 0.251 0.275
0.292 0.251 0.275
0.277 0.251 0.275
0.277 0.251 0.275
0.288 0.251 0.275
0.283 0.251 0.275
0.295 0.251 0.275
0.290 0.251 0.275
0.280 0.251 0.275
0.287 0.251 0.275
0.286 0.251 0.275
0.295 0.251 0.275
0.310 0.251 0.275
0.290 0.251 0.275
0.290 0.251 0.275
0.295 0.251 0.275
0.309 0.251 0.275
0.282 0.251 0.275
0.305 0.251 0.275
0.292 0.251 0.275
0.284 0.251 0.275
0.290 0.251 0.275
0.302 0.251 0.275
0.282 0.251 0.275
0.301 0.251 0.275
0.296 0.251 0.275
0.296 0.251 0.275
0.298 0.251 0.275
0.283 0.251 0.275
0.322 0.251 0.275
0.305 0.251 0.276
0.317 0.251 0.276
0.290 0.251 0.276
0.309 0.251 0.276
0.309 0.251 0.276
0.296 0.252 0.276
0.299 0.252 0.276
0.313 0.252 0.276
0.288 0.252 0.276
0.291 0.252 0.276
0.303 0.252 0.276
0.290 0.252 0.276
0.307 0.252 0.276
0.315 0.252 0.276
0.311 0.252 0.277
0.307 0.252 0.277
0.291 0.252 0.277
0.308 0.252 0.277
0.321 0.252 0.277
0.331 0.252 0.277
0.316 0.252 0.277
0.293 0.252 0.277
0.306 0.252 0.277
0.306 0.252 0.277
0.319 0.252 0.277
0.313 0.252 0.277
0.323 0.252 0.277
0.317 0.252 0.277
0.288 0.252 0.277
0.317 0.252 0.277
0.312 0.252 0.277
0.294 0.252 0.277
0.295 0.252 0.277
0.301 0.252 0.277
0.289 0.252 0.277
0.289 0.252 0.277
0.270 0.252 0.277
0.288 0.252 0.277
0.272 0.252 0.277
0.263 0.252 0.277
0.270 0.252 0.277
0.268 0.252 0.277
0.272 0.252 0.277
0.276 0.252 0.277
0.284 0.252 0.278
0.254 0.252 0.277
0.279 0.252 0.277
0.270 0.252 0.277
0.251 0.252 0.277
0.278 0.252 0.278
0.275 0.252 0.278
0.259 0.252 0.278
0.270 0.253 0.278
0.276 0.253 0.278
0.257 0.253 0.278
0.249 0.253 0.278
0.253 0.253 0.278
0.238 0.253 0.278
0.237 0.253 0.278
0.250 0.253 0.278
* 0.267 0.253 0.278
0.263 0.253 0.278
0.256 0.253 0.278
0.260 0.253 0.278
0.245 0.253 0.278
0.281 0.253 0.278
0.267 0.253 0.278
0.264 0.253 0.278
0.248 0.253 0.278
0.274 0.252 0.278
0.266 0.252 0.278
0.257 0.252 0.278
0.291 0.252 0.278
0.295 0.252 0.278
0.307 0.252 0.278
0.266 0.252 0.278
0.302 0.252 0.278
0.259 0.252 0.278
0.268 0.253 0.278
0.292 0.253 0.278
0.285 0.253 0.278
0.274 0.253 0.278
0.257 0.253 0.278
0.265 0.253 0.278
0.265 0.253 0.278
0.245 0.253 0.278
0.248 0.253 0.278
0.253 0.253 0.278
0.268 0.253 0.278
0.225 0.253 0.278
0.262 0.253 0.278
0.247 0.253 0.278
0.254 0.253 0.278
0.247 0.253 0.278
0.251 0.253 0.278
0.254 0.253 0.278
0.261 0.253 0.278
0.263 0.253 0.278
0.264 0.253 0.278
0.261 0.253 0.278
0.263 0.253 0.278
0.253 0.253 0.278
0.257 0.253 0.278
0.242 0.253 0.278
0.249 0.253 0.278
0.243 0.253 0.278
* 0.254 0.253 0.278
0.245 0.253 0.278
0.251 0.253 0.278
0.243 0.253 0.278
* 0.265 0.254 0.278
0.237 0.254 0.278
0.263 0.254 0.278
0.255 0.253 0.278
0.269 0.254 0.278
0.240 0.254 0.278
0.258 0.253 0.278
0.256 0.254 0.278
0.252 0.254 0.278
0.261 0.254 0.278
0.268 0.254 0.278
0.263 0.254 0.278
0.256 0.254 0.278
0.230 0.254 0.278
0.227 0.254 0.278
0.218 0.254 0.278
0.220 0.254 0.278
0.210 0.254 0.278
0.249 0.254 0.278
0.240 0.254 0.278
0.221 0.254 0.278
0.233 0.254 0.278
0.218 0.254 0.278
0.205 0.254 0.278
0.230 0.254 0.278
0.214 0.254 0.278
0.221 0.254 0.278
0.229 0.254 0.278
* 0.254 0.254 0.278
0.224 0.254 0.278
0.237 0.254 0.278
0.226 0.254 0.278
0.221 0.254 0.278
0.232 0.254 0.278
0.223 0.254 0.278
0.238 0.254 0.278
0.224 0.254 0.278
0.231 0.254 0.278
0.229 0.254 0.278
0.231 0.254 0.278
0.230 0.254 0.278
0.237 0.254 0.278
0.226 0.254 0.278
0.240 0.254 0.278
0.245 0.254 0.278
0.247 0.254 0.278
0.249 0.254 0.278
0.249 0.254 0.278
* 0.264 0.254 0.278
0.240 0.254 0.278
0.252 0.254 0.278
0.264 0.253 0.278
0.257 0.253 0.278
0.273 0.253 0.278
0.272 0.253 0.278
0.263 0.253 0.278
0.263 0.253 0.278
0.247 0.253 0.278
0.256 0.253 0.278
0.257 0.253 0.278
0.243 0.253 0.278
0.234 0.253 0.278
0.250 0.253 0.278
0.245 0.253 0.278
0.246 0.253 0.278
0.241 0.253 0.278
0.243 0.253 0.278
* 0.261 0.253 0.278
0.247 0.253 0.278
