0.235 0.240
0.243 0.240
0.247 0.240
0.247 0.240
0.266 0.240
0.246 0.240
0.260 0.240
0.231 0.240
0.256 0.240
0.252 0.240
0.256 0.240
0.250 0.240
0.232 0.240
0.241 0.240
0.239 0.240
0.243 0.240
0.245 0.240
0.245 0.240
0.219 0.240
0.226 0.240
0.233 0.240
* 0.254 0.240
0.252 0.240
0.236 0.240
0.252 0.240
0.231 0.240
0.237 0.240
0.225 0.240
0.237 0.240
* 0.241 0.240
0.226 0.240
0.224 0.240
0.228 0.240
0.223 0.240
0.229 0.240
0.231 0.240
* 0.243 0.240
0.242 0.240
0.256 0.240
0.248 0.240
0.242 0.240
0.226 0.240
0.232 0.240
0.240 0.240
0.266 0.240
0.261 0.240
0.269 0.240
0.250 0.240
0.247 0.240
0.252 0.240
0.255 0.240
0.187 0.240
0.165 0.240
0.185 0.240
0.213 0.240
0.210 0.240
0.224 0.240
0.208 0.240
0.214 0.240
0.214 0.240
0.222 0.240
0.220 0.240
0.228 0.240
0.225 0.240
0.216 0.240
0.237 0.240
0.206 0.240
0.208 0.240
0.227 0.240
* 0.249 0.240
0.236 0.240
0.243 0.240
0.225 0.240
0.252 0.240
0.249 0.240
0.263 0.240
0.248 0.240
0.214 0.240
0.216 0.240
0.204 0.240
0.184 0.240
0.181 0.240
0.205 0.240
* 0.255 0.240
0.263 0.240
0.250 0.240
0.261 0.240
0.271 0.240
0.253 0.240
0.250 0.240
0.260 0.240
0.255 0.240
0.252 0.240
0.225 0.240
0.199 0.240
0.204 0.240
0.191 0.240
0.195 0.240
0.195 0.240
0.231 0.240
* 0.245 0.240
0.232 0.240
0.247 0.240
0.259 0.240
0.240 0.240
0.258 0.240
0.255 0.240
0.253 0.240
0.263 0.240
0.260 0.240
0.272 0.240
0.245 0.240
0.266 0.240
0.269 0.240
0.255 0.240
0.262 0.240
0.264 0.240
0.262 0.240
0.255 0.240
0.267 0.240
0.267 0.240
0.260 0.240
0.261 0.240
0.257 0.240
0.266 0.240
0.262 0.240
0.269 0.240
0.268 0.240
0.262 0.240
0.262 0.240
0.259 0.240
0.255 0.240
0.267 0.240
0.248 0.240
0.164 0.240
0.209 0.240
0.236 0.240
* 0.266 0.240
0.259 0.240
0.238 0.240
0.263 0.240
0.261 0.240
0.263 0.240
0.266 0.240
0.256 0.240
0.259 0.240
0.263 0.240
0.257 0.240
0.243 0.240
0.250 0.240
0.243 0.240
0.225 0.240
0.235 0.240
0.244 0.240
0.213 0.240
0.225 0.240
0.250 0.240
0.224 0.240
0.216 0.240
0.188 0.240
0.210 0.240
* 0.242 0.240
0.224 0.240
0.246 0.240
0.246 0.240
0.226 0.240
0.239 0.240
0.244 0.240
0.244 0.240
0.269 0.240
0.237 0.240
0.265 0.240
0.250 0.240
0.235 0.240
0.239 0.240
0.237 0.240
* 0.246 0.240
0.242 0.240
0.254 0.240
0.250 0.240
0.248 0.240
0.247 0.240
0.239 0.240
0.254 0.240
0.242 0.240
0.256 0.240
0.258 0.240
0.248 0.240
0.250 0.240
0.252 0.240
0.267 0.240
0.243 0.240
0.260 0.240
0.244 0.240
0.163 0.240
0.179 0.240
0.212 0.240
* 0.240 0.240
0.242 0.240
0.238 0.240
0.234 0.240
0.232 0.240
x
x
x
0.195 0.240
x
x
* 0.261 0.240
0.268 0.240
0.259 0.240
0.270 0.240
0.260 0.240
0.281 0.240
0.285 0.240
0.260 0.240
0.270 0.240
0.261 0.240
0.269 0.240
0.258 0.240
0.249 0.240
0.250 0.240
0.259 0.240
0.260 0.240
0.256 0.240
0.142 0.240
0.197 0.240
0.223 0.240
0.236 0.240
* 0.244 0.240
0.253 0.240
0.231 0.240
0.243 0.240
0.231 0.240
0.238 0.240
0.235 0.240
* 0.248 0.240
0.268 0.240
0.263 0.240
0.268 0.240
0.271 0.240
0.268 0.240
0.250 0.240
0.265 0.240
0.267 0.240
0.260 0.240
0.263 0.240
0.260 0.240
0.257 0.240
0.249 0.240
0.262 0.240
0.260 0.240
0.245 0.240
0.239 0.240
0.255 0.240
0.249 0.240
0.245 0.240
0.268 0.240
0.260 0.240
0.239 0.240
0.241 0.240
0.256 0.240
0.260 0.240
0.239 0.240
0.249 0.240
0.232 0.240
0.237 0.240
0.234 0.240
* 0.242 0.240
0.232 0.240
0.239 0.240
0.250 0.240
0.250 0.240
0.258 0.240
0.267 0.240
0.253 0.240
0.271 0.240
0.284 0.240
0.270 0.240
0.269 0.240
0.265 0.240
0.262 0.240
0.256 0.240
0.271 0.240
0.278 0.240
0.270 0.240
0.267 0.240
0.278 0.240
0.268 0.240
0.289 0.240
0.276 0.240
0.268 0.240
0.280 0.240
0.264 0.240
0.262 0.240
0.175 0.240
0.200 0.240
0.193 0.240
0.223 0.240
0.204 0.240
0.228 0.240
0.214 0.240
0.224 0.240
0.226 0.240
0.220 0.240
0.217 0.240
0.237 0.240
* 0.242 0.240
0.246 0.240
0.246 0.240
0.238 0.240
0.241 0.240
0.242 0.240
0.244 0.240
0.222 0.240
0.232 0.240
0.241 0.240
0.245 0.240
0.232 0.240
0.239 0.240
0.235 0.240
0.238 0.240
0.228 0.240
* 0.248 0.240
0.246 0.240
0.236 0.240
0.258 0.240
0.250 0.240
0.241 0.240
0.251 0.240
0.244 0.240
0.250 0.240
0.231 0.240
0.244 0.240
0.235 0.240
0.226 0.240
0.218 0.240
0.208 0.240
* 0.242 0.240
0.230 0.240
0.225 0.240
0.236 0.240
0.236 0.240
* 0.244 0.240
0.220 0.240
0.232 0.240
0.232 0.240
0.234 0.240
0.224 0.240
* 0.246 0.240
0.233 0.240
0.230 0.240
0.240 0.240
0.240 0.240
0.224 0.240
0.232 0.240
0.242 0.240
0.211 0.240
0.233 0.240
0.240 0.240
0.234 0.240
0.240 0.240
0.236 0.240
0.248 0.240
0.254 0.240
0.250 0.240
0.244 0.240
0.236 0.240
0.240 0.240
0.236 0.240
0.228 0.240
0.217 0.240
* 0.244 0.240
0.244 0.240
0.231 0.240
0.236 0.240
0.248 0.240
0.247 0.240
0.247 0.240
0.250 0.240
0.237 0.240
0.231 0.240
0.240 0.240
0.240 0.240
0.233 0.240
0.230 0.240
0.240 0.240
0.235 0.240
0.237 0.240
0.231 0.240
* 0.250 0.240
0.235 0.240
0.235 0.240
0.225 0.240
* 0.249 0.240
0.234 0.240
0.240 0.240
0.234 0.240
0.214 0.240
0.229 0.240
0.229 0.240
0.221 0.240
0.230 0.240
0.239 0.240
0.234 0.240
0.237 0.240
* 0.242 0.240
0.233 0.240
0.239 0.240
0.232 0.240
0.226 0.240
0.230 0.240
* 0.247 0.240
0.250 0.240
0.221 0.240
0.253 0.240
0.262 0.240
0.252 0.240
0.245 0.240
0.245 0.240
0.247 0.240
0.247 0.240
0.230 0.240
0.230 0.240
0.254 0.240
0.243 0.240
0.261 0.240
0.248 0.240
0.257 0.240
0.253 0.240
0.236 0.240
0.254 0.240
0.181 0.240
0.210 0.240
0.240 0.240
0.232 0.240
0.232 0.240
0.250 0.240
0.237 0.240
0.231 0.240
0.222 0.240
* 0.240 0.240
0.232 0.240
0.223 0.240
0.239 0.240
0.224 0.240
* 0.244 0.240
0.240 0.240
0.257 0.240
0.230 0.240
0.257 0.240
0.255 0.240
0.265 0.240
0.227 0.240
0.242 0.240
0.237 0.240
0.257 0.240
0.256 0.240
0.252 0.240
0.246 0.240
0.239 0.240
0.252 0.240
0.244 0.240
0.255 0.240
0.242 0.240
0.265 0.240
0.258 0.240
0.254 0.240
0.245 0.240
0.267 0.240
0.262 0.240
0.244 0.240
0.250 0.240
0.252 0.240
0.235 0.240
0.247 0.240
0.257 0.240
0.187 0.240
0.167 0.240
0.221 0.240
* 0.242 0.240
0.262 0.240
0.249 0.240
0.259 0.240
0.264 0.240
0.261 0.240
0.255 0.240
0.262 0.240
0.269 0.240
0.257 0.240
0.274 0.240
0.265 0.240
0.262 0.240
0.259 0.240
0.258 0.240
0.261 0.240
0.247 0.240
0.265 0.240
0.279 0.240
0.256 0.240
0.259 0.240
0.256 0.240
0.274 0.240
0.245 0.240
0.245 0.240
0.236 0.240
0.250 0.240
0.255 0.240
0.251 0.240
0.249 0.240
0.257 0.240
0.275 0.240
0.254 0.240
0.267 0.240
0.252 0.240
0.249 0.240
0.249 0.240
0.259 0.240
0.264 0.240
0.248 0.240
0.251 0.240
0.250 0.240
0.237 0.240
0.252 0.240
0.267 0.240
0.266 0.240
0.240 0.240
0.265 0.240
0.261 0.240
0.254 0.240
0.257 0.240
0.263 0.240
0.253 0.240
0.254 0.240
0.257 0.240
0.254 0.240
0.257 0.240
0.257 0.240
0.237 0.240
0.166 0.240
0.167 0.240
0.207 0.240
0.209 0.240
0.213 0.240
0.218 0.240
0.222 0.240
0.205 0.240
0.219 0.240
0.209 0.240
0.217 0.240
0.210 0.240
0.218 0.240
0.218 0.240
0.196 0.240
0.201 0.240
0.217 0.240
0.192 0.240
0.215 0.240
0.219 0.240
0.205 0.240
0.209 0.240
0.206 0.240
0.219 0.240
0.208 0.240
0.218 0.240
0.212 0.240
0.209 0.240
0.212 0.240
0.206 0.240
0.217 0.240
0.218 0.240
0.222 0.240
0.205 0.240
0.229 0.240
0.207 0.240
0.233 0.240
0.218 0.240
0.216 0.240
0.217 0.240
0.214 0.240
0.224 0.240
0.219 0.240
0.221 0.240
0.210 0.240
0.216 0.240
0.234 0.240
* 0.248 0.240
0.250 0.240
0.238 0.240
0.250 0.240
0.236 0.240
0.248 0.240
0.234 0.240
0.260 0.240
0.228 0.240
0.236 0.240
0.242 0.240
0.256 0.240
0.254 0.240
0.246 0.240
0.256 0.240
0.254 0.240
0.252 0.240
0.252 0.240
0.254 0.240
0.266 0.240
0.244 0.240
0.246 0.240
0.259 0.240
0.250 0.240
0.246 0.240
0.250 0.240
0.242 0.240
0.251 0.240
0.244 0.240
0.246 0.240
0.238 0.240
0.248 0.240
0.238 0.240
0.234 0.240
0.244 0.240
0.240 0.240
0.236 0.240
0.244 0.240
0.230 0.240
0.236 0.240
0.240 0.240
0.238 0.240
0.207 0.240
0.230 0.240
0.227 0.240
0.224 0.240
0.210 0.240
* 0.242 0.240
0.223 0.240
0.224 0.240
0.205 0.240
0.202 0.240
0.211 0.240
0.221 0.240
0.221 0.240
0.217 0.240
0.205 0.240
0.225 0.240
0.210 0.240
0.208 0.240
0.203 0.240
0.205 0.240
0.207 0.240
0.202 0.240
0.213 0.240
0.227 0.240
0.232 0.240
0.216 0.240
0.213 0.240
0.213 0.240
0.212 0.240
0.216 0.240
0.188 0.240
0.207 0.240
0.214 0.240
0.191 0.240
0.203 0.240
0.212 0.240
0.212 0.240
0.205 0.240
0.212 0.240
0.224 0.240
0.208 0.240
0.208 0.240
0.224 0.240
0.215 0.240
0.215 0.240
0.202 0.240
0.222 0.240
0.212 0.240
0.225 0.240
0.227 0.240
0.220 0.240
0.221 0.240
0.232 0.240
0.234 0.240
0.228 0.240
* 0.241 0.240
0.246 0.240
0.237 0.240
0.244 0.240
0.224 0.240
0.228 0.240
0.235 0.240
* 0.244 0.240
0.249 0.240
0.244 0.240
0.251 0.240
0.249 0.240
0.243 0.240
0.249 0.240
0.240 0.240
0.241 0.240
0.248 0.240
0.256 0.240
0.150 0.240
0.157 0.240
0.211 0.240
0.230 0.240
0.227 0.240
0.209 0.240
0.223 0.240
0.232 0.240
0.216 0.240
0.220 0.240
0.231 0.240
0.216 0.240
0.233 0.240
0.219 0.240
0.226 0.240
0.238 0.240
0.215 0.240
0.240 0.240
0.215 0.240
0.228 0.240
0.229 0.240
0.236 0.240
0.234 0.240
0.219 0.240
* 0.240 0.240
0.251 0.240
0.252 0.240
0.256 0.240
0.252 0.240
0.238 0.240
0.242 0.240
0.273 0.240
0.250 0.240
0.246 0.240
0.244 0.240
0.241 0.240
0.244 0.240
0.247 0.240
0.254 0.240
0.226 0.240
0.249 0.240
0.243 0.240
0.248 0.240
0.234 0.240
0.254 0.240
0.246 0.240
0.247 0.240
0.231 0.240
0.231 0.240
0.239 0.240
* 0.249 0.240
0.253 0.240
0.234 0.240
0.232 0.240
0.221 0.240
0.228 0.240
* 0.261 0.240
0.232 0.240
0.234 0.240
0.254 0.240
0.234 0.240
0.237 0.240
0.229 0.240
0.221 0.240
0.205 0.240
0.215 0.240
* 0.258 0.240
0.263 0.240
0.259 0.240
0.275 0.240
0.251 0.240
0.270 0.240
0.267 0.240
0.199 0.240
0.150 0.240
0.156 0.240
0.152 0.240
0.175 0.240
0.185 0.240
0.175 0.240
0.172 0.240
0.171 0.240
0.172 0.240
0.201 0.240
0.183 0.240
0.216 0.240
0.224 0.240
0.208 0.240
0.197 0.240
0.210 0.240
0.205 0.240
0.228 0.240
0.222 0.240
* 0.245 0.240
0.251 0.240
0.263 0.240
0.228 0.240
0.250 0.240
0.241 0.240
0.239 0.240
0.225 0.240
0.234 0.240
0.231 0.240
* 0.244 0.240
0.241 0.240
0.247 0.240
0.250 0.240
0.242 0.238 0.250
0.258 0.238 0.250
0.262 0.238 0.250
0.252 0.238 0.250
0.266 0.238 0.250
0.229 0.238 0.250
0.234 0.238 0.250
0.240 0.238 0.250
0.268 0.238 0.250
0.264 0.238 0.250
0.262 0.238 0.250
0.272 0.238 0.250
0.265 0.238 0.250
0.267 0.238 0.251
0.259 0.238 0.251
0.250 0.238 0.251
0.248 0.238 0.251
0.254 0.238 0.251
0.248 0.238 0.251
0.250 0.238 0.251
0.248 0.238 0.251
0.262 0.238 0.251
0.268 0.238 0.251
0.258 0.238 0.251
0.256 0.238 0.251
0.254 0.238 0.251
0.258 0.238 0.251
0.271 0.238 0.251
0.264 0.238 0.251
0.272 0.238 0.251
0.263 0.239 0.251
0.248 0.239 0.251
0.259 0.239 0.251
0.257 0.239 0.251
0.230 0.239 0.251
0.233 0.239 0.251
0.215 0.239 0.251
0.212 0.239 0.251
0.184 0.239 0.251
0.197 0.239 0.251
0.191 0.239 0.251
0.175 0.239 0.251
0.195 0.239 0.251
0.221 0.239 0.251
0.224 0.239 0.251
* 0.246 0.239 0.251
0.263 0.239 0.251
0.252 0.239 0.251
0.248 0.239 0.251
0.248 0.239 0.251
0.269 0.239 0.251
0.257 0.239 0.251
0.259 0.239 0.251
0.267 0.239 0.251
0.265 0.239 0.251
0.262 0.239 0.251
0.277 0.239 0.251
0.266 0.239 0.251
0.264 0.239 0.251
0.265 0.239 0.251
0.269 0.239 0.251
0.264 0.239 0.251
0.283 0.239 0.251
0.271 0.239 0.251
0.269 0.239 0.251
0.260 0.239 0.251
0.258 0.239 0.251
0.248 0.239 0.251
0.247 0.239 0.251
0.254 0.239 0.252
0.256 0.239 0.252
0.261 0.239 0.252
0.257 0.239 0.252
0.273 0.239 0.252
0.258 0.239 0.252
0.235 0.239 0.252
0.179 0.239 0.252
0.175 0.239 0.252
0.213 0.239 0.252
0.224 0.239 0.252
* 0.242 0.239 0.252
0.264 0.239 0.252
0.247 0.239 0.252
0.250 0.239 0.252
0.258 0.239 0.252
0.250 0.239 0.252
0.273 0.239 0.252
0.258 0.239 0.252
0.251 0.239 0.252
0.257 0.239 0.251
0.275 0.239 0.252
0.265 0.239 0.252
0.240 0.239 0.251
0.242 0.239 0.251
0.258 0.239 0.251
0.244 0.239 0.251
0.254 0.239 0.251
0.232 0.239 0.251
0.243 0.239 0.251
0.249 0.239 0.251
0.260 0.239 0.251
0.252 0.239 0.251
0.239 0.239 0.251
0.241 0.238 0.251
0.244 0.238 0.251
0.254 0.238 0.251
0.245 0.238 0.251
0.252 0.238 0.251
0.262 0.238 0.251
0.244 0.238 0.251
0.231 0.238 0.251
0.231 0.238 0.251
0.233 0.238 0.251
* 0.242 0.238 0.251
0.252 0.238 0.251
0.231 0.238 0.251
0.222 0.238 0.251
0.242 0.238 0.251
0.242 0.238 0.251
0.222 0.238 0.251
0.241 0.238 0.251
0.243 0.238 0.251
0.247 0.238 0.251
0.265 0.238 0.251
0.260 0.238 0.251
0.240 0.238 0.251
0.202 0.238 0.251
0.254 0.238 0.251
0.247 0.238 0.251
0.254 0.238 0.251
0.247 0.238 0.251
0.261 0.238 0.251
0.238 0.238 0.251
0.247 0.238 0.251
0.231 0.238 0.251
0.239 0.238 0.251
0.232 0.238 0.251
0.237 0.238 0.251
0.255 0.238 0.251
0.238 0.238 0.251
0.254 0.238 0.251
0.244 0.238 0.251
0.241 0.238 0.251
0.249 0.238 0.251
0.245 0.238 0.251
0.252 0.238 0.251
0.231 0.238 0.251
0.244 0.238 0.251
0.243 0.238 0.251
0.242 0.238 0.251
0.251 0.238 0.251
0.243 0.238 0.251
0.258 0.238 0.251
0.228 0.238 0.251
0.241 0.238 0.251
0.244 0.238 0.251
0.226 0.238 0.251
0.251 0.238 0.251
0.235 0.238 0.251
0.232 0.238 0.251
0.244 0.238 0.251
0.247 0.238 0.251
0.242 0.238 0.251
0.257 0.238 0.250
0.234 0.238 0.250
0.236 0.238 0.250
0.212 0.238 0.250
* 0.246 0.238 0.250
0.242 0.238 0.250
0.239 0.238 0.250
0.225 0.238 0.250
0.252 0.238 0.250
0.240 0.238 0.250
0.236 0.238 0.250
0.159 0.238 0.250
0.183 0.238 0.250
0.216 0.238 0.250
0.231 0.238 0.250
0.220 0.238 0.250
0.220 0.238 0.250
* 0.239 0.238 0.250
0.227 0.238 0.250
0.225 0.238 0.250
0.237 0.238 0.250
0.220 0.238 0.250
* 0.241 0.237 0.250
0.231 0.237 0.250
0.238 0.237 0.250
0.242 0.237 0.250
0.245 0.237 0.250
0.232 0.237 0.250
0.239 0.237 0.250
0.242 0.237 0.250
0.228 0.237 0.250
0.230 0.237 0.250
0.238 0.237 0.250
0.231 0.237 0.250
0.247 0.237 0.250
0.229 0.237 0.250
0.235 0.237 0.250
0.249 0.237 0.250
0.226 0.237 0.250
0.229 0.237 0.250
0.231 0.237 0.250
* 0.238 0.237 0.249
0.251 0.237 0.249
0.242 0.237 0.249
0.231 0.237 0.249
0.242 0.237 0.249
0.229 0.237 0.249
0.228 0.237 0.249
0.228 0.237 0.249
0.236 0.237 0.249
0.221 0.237 0.249
* 0.244 0.237 0.249
0.233 0.237 0.249
0.242 0.237 0.249
0.231 0.237 0.249
0.239 0.236 0.249
0.240 0.236 0.249
0.239 0.236 0.249
0.239 0.236 0.249
0.242 0.236 0.249
0.238 0.236 0.249
0.218 0.236 0.249
0.224 0.236 0.249
0.162 0.236 0.249
0.192 0.236 0.249
0.210 0.236 0.249
0.224 0.236 0.249
0.215 0.236 0.249
* 0.237 0.236 0.249
0.226 0.236 0.249
0.239 0.236 0.249
0.224 0.236 0.249
0.246 0.236 0.249
0.237 0.236 0.249
0.228 0.236 0.249
0.252 0.236 0.249
0.237 0.236 0.249
0.223 0.236 0.249
0.238 0.236 0.249
0.250 0.236 0.249
0.226 0.236 0.249
0.239 0.236 0.249
0.222 0.236 0.249
0.229 0.236 0.249
0.229 0.236 0.249
0.217 0.236 0.249
0.221 0.236 0.249
0.233 0.236 0.249
0.231 0.236 0.249
* 0.244 0.236 0.249
0.239 0.236 0.249
0.233 0.236 0.249
0.228 0.236 0.249
0.231 0.236 0.249
* 0.247 0.236 0.249
0.247 0.236 0.249
0.238 0.236 0.248
0.239 0.236 0.248
0.242 0.236 0.248
0.237 0.236 0.248
0.231 0.236 0.248
0.240 0.236 0.248
0.252 0.236 0.248
0.239 0.236 0.248
0.240 0.236 0.248
0.230 0.236 0.248
0.237 0.235 0.248
0.239 0.235 0.248
0.226 0.235 0.248
0.236 0.235 0.248
0.230 0.235 0.248
0.244 0.235 0.247
0.233 0.235 0.247
0.225 0.235 0.247
0.220 0.235 0.247
* 0.246 0.235 0.247
0.231 0.235 0.247
0.184 0.235 0.247
0.195 0.235 0.247
0.202 0.235 0.247
0.210 0.235 0.247
0.226 0.235 0.247
0.220 0.235 0.247
0.221 0.235 0.247
* 0.237 0.235 0.247
0.237 0.235 0.247
0.210 0.235 0.247
0.227 0.235 0.247
0.226 0.235 0.247
0.223 0.235 0.247
0.232 0.235 0.247
0.220 0.235 0.247
* 0.236 0.235 0.247
0.227 0.235 0.247
0.229 0.235 0.247
0.230 0.235 0.247
* 0.235 0.235 0.247
0.237 0.235 0.247
0.240 0.235 0.247
0.230 0.235 0.247
0.229 0.235 0.247
0.235 0.235 0.247
0.242 0.235 0.247
0.246 0.235 0.247
0.246 0.235 0.247
0.241 0.235 0.247
0.242 0.235 0.247
0.251 0.235 0.247
0.245 0.235 0.247
0.240 0.235 0.247
0.245 0.235 0.247
0.236 0.235 0.247
0.260 0.235 0.247
0.250 0.235 0.247
0.254 0.235 0.247
0.242 0.235 0.247
0.260 0.235 0.247
0.250 0.235 0.247
0.252 0.235 0.247
0.235 0.235 0.247
0.257 0.235 0.247
0.253 0.235 0.247
0.234 0.235 0.247
0.239 0.235 0.247
0.240 0.235 0.247
0.234 0.235 0.247
0.258 0.235 0.247
0.252 0.236 0.248
0.239 0.236 0.248
0.260 0.236 0.248
0.247 0.236 0.248
0.189 0.236 0.248
0.206 0.236 0.248
0.221 0.236 0.248
0.233 0.236 0.248
* 0.242 0.236 0.248
0.237 0.236 0.248
0.231 0.236 0.248
0.247 0.236 0.248
0.246 0.236 0.248
0.225 0.236 0.248
0.247 0.236 0.248
0.224 0.236 0.248
0.249 0.236 0.247
0.249 0.236 0.248
0.239 0.236 0.248
0.225 0.236 0.248
0.244 0.235 0.247
0.265 0.236 0.248
0.254 0.236 0.248
0.246 0.236 0.248
0.239 0.236 0.248
0.247 0.236 0.248
0.251 0.236 0.248
0.241 0.236 0.248
0.250 0.236 0.248
0.250 0.236 0.248
0.241 0.236 0.248
0.232 0.236 0.248
0.239 0.236 0.248
0.239 0.236 0.248
0.229 0.236 0.248
0.236 0.236 0.248
0.225 0.236 0.248
0.224 0.236 0.248
0.241 0.235 0.248
0.219 0.235 0.248
0.225 0.235 0.248
0.234 0.235 0.248
0.234 0.235 0.248
0.223 0.235 0.248
* 0.242 0.235 0.248
0.237 0.235 0.247
0.254 0.235 0.247
0.240 0.235 0.247
0.242 0.235 0.247
0.241 0.235 0.247
0.236 0.235 0.247
0.240 0.235 0.247
0.237 0.235 0.247
0.240 0.235 0.247
0.238 0.235 0.247
0.234 0.235 0.247
0.218 0.235 0.247
0.232 0.235 0.247
0.229 0.235 0.247
* 0.240 0.235 0.247
0.232 0.235 0.247
0.250 0.235 0.247
0.252 0.235 0.247
0.250 0.235 0.247
0.257 0.235 0.247
0.237 0.236 0.247
0.231 0.236 0.247
0.240 0.236 0.248
0.235 0.236 0.248
0.239 0.236 0.248
0.239 0.236 0.247
0.245 0.236 0.248
0.233 0.236 0.248
0.232 0.236 0.248
0.249 0.236 0.247
0.242 0.236 0.247
0.230 0.236 0.247
0.239 0.236 0.247
0.229 0.236 0.247
0.222 0.236 0.247
0.226 0.236 0.247
* 0.237 0.236 0.247
0.239 0.236 0.247
0.250 0.236 0.247
0.240 0.236 0.247
0.244 0.236 0.247
0.237 0.236 0.247
0.245 0.236 0.247
0.229 0.236 0.247
0.233 0.236 0.247
0.229 0.236 0.247
* 0.237 0.236 0.247
0.250 0.236 0.247
0.231 0.236 0.247
0.225 0.236 0.247
0.234 0.236 0.247
* 0.237 0.236 0.247
0.228 0.236 0.247
0.224 0.236 0.247
0.257 0.236 0.247
0.240 0.236 0.247
0.250 0.236 0.247
0.237 0.236 0.247
0.177 0.236 0.247
0.212 0.236 0.247
0.228 0.236 0.247
* 0.240 0.236 0.247
0.239 0.236 0.247
0.236 0.235 0.247
0.250 0.235 0.247
0.248 0.235 0.247
0.255 0.235 0.247
0.248 0.236 0.247
0.237 0.236 0.247
0.235 0.236 0.247
0.225 0.236 0.247
0.233 0.236 0.247
* 0.240 0.235 0.247
0.233 0.235 0.247
0.239 0.235 0.247
0.246 0.235 0.247
0.246 0.235 0.247
0.235 0.235 0.247
0.240 0.235 0.247
0.235 0.235 0.247
0.232 0.235 0.247
0.213 0.235 0.247
0.222 0.235 0.247
0.228 0.235 0.247
* 0.244 0.235 0.247
0.238 0.235 0.247
0.238 0.235 0.247
0.249 0.235 0.247
0.246 0.235 0.247
0.226 0.235 0.247
0.237 0.235 0.246
0.242 0.235 0.246
0.241 0.235 0.246
0.255 0.235 0.246
0.258 0.235 0.246
0.242 0.235 0.246
0.250 0.235 0.246
0.262 0.235 0.246
0.255 0.235 0.246
0.259 0.235 0.246
0.248 0.235 0.246
0.264 0.235 0.246
0.264 0.235 0.246
0.236 0.235 0.246
0.250 0.235 0.246
0.256 0.235 0.246
0.246 0.235 0.246
0.249 0.235 0.246
0.246 0.235 0.246
0.256 0.235 0.246
0.235 0.235 0.246
0.257 0.235 0.246
0.255 0.235 0.246
0.254 0.235 0.246
0.244 0.235 0.246
0.265 0.235 0.246
0.235 0.235 0.246
0.234 0.235 0.246
0.249 0.235 0.246
0.239 0.235 0.246
0.244 0.235 0.246
0.247 0.235 0.246
0.238 0.235 0.246
0.261 0.235 0.246
0.231 0.235 0.246
0.247 0.235 0.246
0.257 0.235 0.246
0.252 0.235 0.246
0.242 0.235 0.246
0.244 0.235 0.246
0.246 0.235 0.246
0.267 0.235 0.246
0.250 0.235 0.246
0.260 0.235 0.246
0.258 0.235 0.246
0.270 0.235 0.246
0.242 0.235 0.246
0.232 0.235 0.246
0.237 0.235 0.246
0.233 0.235 0.246
0.234 0.235 0.246
0.239 0.235 0.246
0.243 0.235 0.246
0.248 0.235 0.246
0.254 0.235 0.246
0.243 0.235 0.246
0.248 0.235 0.246
0.256 0.235 0.246
0.243 0.235 0.246
0.167 0.235 0.246
0.158 0.235 0.246
0.183 0.235 0.246
* 0.245 0.235 0.246
0.251 0.235 0.246
0.228 0.235 0.246
0.258 0.235 0.246
0.260 0.235 0.246
0.250 0.235 0.246
0.257 0.235 0.246
0.226 0.235 0.246
0.227 0.235 0.246
0.244 0.235 0.246
0.234 0.235 0.246
0.221 0.235 0.246
0.204 0.235 0.246
0.194 0.235 0.246
0.205 0.235 0.246
0.185 0.235 0.246
0.213 0.235 0.246
0.197 0.235 0.246
0.189 0.235 0.246
0.180 0.235 0.246
0.189 0.235 0.246
0.202 0.235 0.246
0.222 0.235 0.246
0.227 0.235 0.246
0.227 0.235 0.246
0.208 0.235 0.246
* 0.240 0.235 0.246
0.242 0.235 0.246
0.247 0.235 0.246
0.249 0.235 0.246
0.240 0.235 0.246
0.233 0.235 0.246
0.233 0.235 0.246
0.238 0.235 0.246
0.245 0.235 0.246
0.262 0.235 0.246
0.252 0.235 0.246
0.255 0.235 0.246
0.248 0.235 0.246
0.247 0.235 0.246
0.230 0.235 0.246
0.236 0.235 0.246
0.233 0.235 0.246
0.223 0.235 0.246
0.252 0.234 0.246
0.227 0.234 0.246
0.252 0.234 0.246
0.235 0.234 0.246
0.255 0.234 0.246
0.237 0.234 0.246
0.240 0.234 0.246
0.248 0.234 0.246
0.228 0.234 0.246
0.235 0.234 0.246
0.259 0.234 0.246
0.240 0.234 0.246
0.215 0.234 0.246
0.255 0.234 0.246
0.245 0.234 0.246
0.259 0.234 0.246
0.233 0.234 0.246
0.266 0.234 0.246
0.249 0.234 0.246
0.228 0.234 0.246
0.229 0.234 0.246
0.242 0.234 0.245
0.235 0.234 0.245
0.250 0.234 0.245
0.243 0.234 0.245
0.250 0.234 0.245
0.226 0.234 0.245
0.257 0.234 0.245
0.242 0.234 0.245
0.259 0.234 0.245
0.247 0.234 0.245
0.255 0.234 0.246
0.238 0.234 0.246
0.257 0.234 0.246
0.230 0.234 0.246
0.211 0.234 0.246
0.210 0.234 0.246
0.222 0.234 0.246
* 0.238 0.234 0.245
0.226 0.234 0.245
0.250 0.234 0.245
0.248 0.234 0.245
0.242 0.234 0.245
0.232 0.234 0.245
0.238 0.234 0.245
0.216 0.234 0.245
0.181 0.234 0.245
0.192 0.234 0.245
0.185 0.234 0.245
0.198 0.234 0.245
0.186 0.234 0.245
0.189 0.234 0.245
0.199 0.234 0.245
* 0.240 0.234 0.245
0.238 0.234 0.245
0.248 0.234 0.245
0.247 0.234 0.245
0.242 0.234 0.245
0.266 0.234 0.245
0.252 0.234 0.245
0.249 0.234 0.245
0.226 0.234 0.245
0.216 0.234 0.245
0.203 0.234 0.245
0.203 0.234 0.245
0.186 0.234 0.245
0.199 0.234 0.245
0.192 0.234 0.245
0.195 0.234 0.245
0.197 0.234 0.245
0.228 0.234 0.245
0.234 0.234 0.245
0.232 0.234 0.245
* 0.240 0.234 0.245
0.246 0.234 0.245
0.235 0.234 0.245
0.263 0.234 0.245
0.232 0.234 0.245
0.262 0.234 0.245
0.238 0.234 0.245
0.242 0.234 0.245
0.259 0.234 0.245
0.242 0.234 0.245
0.237 0.234 0.245
0.254 0.234 0.245
0.248 0.234 0.245
0.236 0.234 0.245
0.244 0.234 0.245
0.259 0.234 0.245
0.246 0.234 0.245
0.259 0.234 0.245
0.257 0.234 0.245
0.242 0.234 0.245
0.221 0.234 0.245
0.232 0.234 0.245
0.224 0.234 0.245
0.232 0.234 0.245
* 0.260 0.234 0.245
0.230 0.234 0.245
0.242 0.234 0.245
0.262 0.234 0.245
0.255 0.234 0.245
0.245 0.234 0.245
0.242 0.234 0.245
0.250 0.234 0.245
0.242 0.234 0.245
0.252 0.234 0.245
0.244 0.234 0.245
0.261 0.234 0.245
0.266 0.234 0.245
0.270 0.234 0.245
0.279 0.234 0.245
0.261 0.234 0.245
0.280 0.234 0.245
0.254 0.234 0.245
0.263 0.234 0.245
0.261 0.234 0.245
0.250 0.234 0.245
0.233 0.234 0.245
0.275 0.234 0.245
0.259 0.234 0.245
0.250 0.234 0.245
0.264 0.234 0.245
0.264 0.234 0.245
0.248 0.234 0.245
0.254 0.234 0.245
0.257 0.234 0.245
0.226 0.234 0.245
0.250 0.234 0.245
0.255 0.234 0.245
0.257 0.234 0.245
0.257 0.234 0.245
0.262 0.234 0.245
0.252 0.234 0.245
0.251 0.234 0.245
0.250 0.234 0.245
0.248 0.234 0.245
0.246 0.234 0.245
0.259 0.234 0.245
0.261 0.234 0.245
0.257 0.234 0.245
0.236 0.234 0.245
0.162 0.234 0.245
0.196 0.234 0.245
0.239 0.233 0.244
0.220 0.233 0.244
0.240 0.233 0.244
0.238 0.233 0.244
0.234 0.232 0.244
0.233 0.232 0.244
0.216 0.232 0.244
0.220 0.232 0.244
0.235 0.232 0.244
0.218 0.232 0.244
0.229 0.232 0.244
0.233 0.232 0.244
0.233 0.232 0.244
0.233 0.232 0.243
0.233 0.232 0.243
0.229 0.232 0.243
0.245 0.232 0.243
0.224 0.232 0.243
0.241 0.232 0.243
0.238 0.232 0.243
0.234 0.232 0.243
0.253 0.232 0.243
0.238 0.232 0.243
0.240 0.232 0.243
0.233 0.232 0.243
0.231 0.232 0.243
0.228 0.232 0.243
0.236 0.232 0.243
0.248 0.232 0.243
0.243 0.232 0.243
0.231 0.232 0.243
0.243 0.232 0.243
0.238 0.232 0.243
0.241 0.232 0.243
0.246 0.232 0.243
0.257 0.232 0.243
0.229 0.232 0.243
0.225 0.232 0.243
0.248 0.231 0.243
0.234 0.231 0.243
0.234 0.232 0.243
0.248 0.232 0.243
0.243 0.232 0.243
0.232 0.232 0.243
0.242 0.232 0.243
0.233 0.232 0.243
0.222 0.232 0.243
0.229 0.232 0.243
0.243 0.231 0.243
0.241 0.231 0.243
0.237 0.232 0.243
0.243 0.232 0.243
0.241 0.232 0.243
0.248 0.232 0.243
0.253 0.232 0.243
0.250 0.232 0.243
0.247 0.232 0.243
0.254 0.232 0.243
0.240 0.232 0.243
0.247 0.232 0.243
0.241 0.232 0.243
0.240 0.232 0.243
0.234 0.232 0.243
0.250 0.232 0.243
0.233 0.232 0.243
0.241 0.232 0.243
0.236 0.232 0.243
0.250 0.232 0.243
0.250 0.232 0.243
0.238 0.232 0.243
0.234 0.232 0.243
0.245 0.232 0.243
0.248 0.232 0.243
0.246 0.232 0.243
0.224 0.232 0.243
0.235 0.232 0.243
0.255 0.232 0.243
0.248 0.232 0.243
0.245 0.232 0.243
0.238 0.232 0.243
0.250 0.232 0.243
0.245 0.232 0.243
0.236 0.232 0.243
0.243 0.232 0.243
0.247 0.232 0.243
0.231 0.232 0.243
0.245 0.232 0.243
0.233 0.232 0.243
0.232 0.232 0.243
0.229 0.232 0.243
0.240 0.232 0.243
0.240 0.232 0.243
0.235 0.232 0.243
0.228 0.232 0.243
0.261 0.232 0.243
0.243 0.232 0.243
0.266 0.232 0.243
0.232 0.232 0.243
0.259 0.232 0.243
0.245 0.232 0.243
0.248 0.232 0.243
0.248 0.232 0.243
0.252 0.232 0.243
0.252 0.232 0.243
0.242 0.232 0.243
0.236 0.232 0.243
0.263 0.232 0.243
0.231 0.232 0.243
0.191 0.232 0.243
0.187 0.232 0.243
0.199 0.232 0.243
0.194 0.232 0.243
0.186 0.232 0.243
0.191 0.232 0.243
0.215 0.232 0.243
* 0.252 0.232 0.243
0.255 0.232 0.243
0.267 0.232 0.243
0.257 0.232 0.243
0.257 0.232 0.243
0.264 0.232 0.243
0.263 0.232 0.243
0.264 0.232 0.243
0.254 0.232 0.243
0.242 0.232 0.243
0.216 0.232 0.243
0.207 0.232 0.243
0.213 0.232 0.243
0.201 0.232 0.243
0.189 0.232 0.243
0.202 0.232 0.243
0.206 0.232 0.243
0.190 0.232 0.243
0.206 0.232 0.243
0.193 0.232 0.243
0.211 0.232 0.243
0.204 0.232 0.243
0.196 0.232 0.243
0.204 0.232 0.243
0.214 0.232 0.243
0.197 0.232 0.243
0.223 0.232 0.243
* 0.242 0.232 0.243
0.238 0.232 0.243
0.254 0.232 0.243
0.266 0.232 0.243
0.262 0.232 0.244
0.265 0.232 0.244
0.260 0.232 0.244
0.248 0.232 0.244
0.250 0.232 0.244
0.252 0.232 0.244
0.259 0.232 0.244
0.255 0.232 0.244
0.232 0.232 0.244
0.217 0.232 0.244
0.238 0.232 0.244
0.243 0.232 0.244
0.252 0.232 0.244
0.243 0.232 0.244
0.241 0.232 0.244
0.236 0.232 0.244
0.236 0.232 0.244
0.226 0.232 0.244
0.240 0.232 0.244
0.250 0.232 0.244
0.252 0.232 0.244
0.243 0.232 0.244
0.242 0.232 0.244
0.257 0.232 0.244
0.259 0.232 0.244
0.263 0.232 0.244
0.261 0.232 0.244
0.264 0.232 0.244
0.273 0.232 0.244
0.254 0.232 0.244
0.272 0.232 0.244
0.268 0.232 0.244
0.261 0.232 0.244
0.268 0.232 0.244
0.260 0.233 0.244
0.255 0.233 0.244
0.259 0.233 0.245
0.257 0.233 0.245
0.252 0.233 0.245
0.262 0.233 0.245
0.256 0.233 0.245
0.271 0.233 0.245
0.251 0.233 0.245
0.273 0.233 0.245
0.269 0.233 0.245
0.268 0.233 0.245
0.252 0.233 0.245
0.266 0.233 0.245
0.264 0.233 0.245
0.257 0.233 0.245
0.252 0.233 0.245
0.245 0.233 0.245
0.257 0.233 0.245
0.247 0.233 0.245
0.248 0.233 0.245
0.254 0.233 0.245
0.263 0.233 0.245
0.260 0.233 0.245
0.268 0.233 0.245
0.250 0.233 0.245
0.257 0.233 0.245
0.256 0.233 0.245
0.264 0.233 0.245
0.249 0.233 0.245
0.262 0.233 0.245
0.271 0.233 0.245
0.259 0.233 0.245
0.275 0.233 0.246
0.277 0.233 0.246
0.269 0.233 0.246
0.266 0.233 0.246
0.287 0.233 0.246
0.268 0.233 0.246
0.266 0.233 0.246
0.264 0.233 0.246
0.278 0.233 0.246
0.274 0.233 0.246
0.263 0.233 0.246
0.261 0.233 0.246
0.272 0.233 0.246
0.268 0.233 0.246
0.259 0.233 0.246
0.255 0.233 0.246
0.261 0.233 0.246
0.235 0.233 0.246
0.231 0.233 0.246
0.210 0.233 0.246
0.194 0.233 0.246
0.214 0.233 0.246
0.200 0.233 0.246
0.197 0.233 0.246
0.204 0.233 0.246
0.206 0.233 0.246
0.204 0.233 0.246
0.233 0.233 0.246
* 0.238 0.233 0.246
0.235 0.233 0.246
0.257 0.233 0.246
0.230 0.233 0.246
0.238 0.233 0.246
0.268 0.233 0.246
0.240 0.233 0.246
0.264 0.233 0.246
0.250 0.233 0.246
0.262 0.233 0.246
0.250 0.233 0.246
0.269 0.233 0.246
0.226 0.233 0.246
0.207 0.233 0.246
0.220 0.233 0.246
0.213 0.233 0.246
0.207 0.233 0.246
0.220 0.233 0.246
* 0.245 0.233 0.246
0.252 0.233 0.246
0.234 0.233 0.246
0.245 0.233 0.246
0.248 0.233 0.246
0.242 0.233 0.246
0.212 0.233 0.246
0.194 0.233 0.246
0.201 0.233 0.246
0.207 0.233 0.246
* 0.238 0.233 0.246
0.243 0.233 0.247
0.257 0.234 0.247
0.261 0.234 0.247
0.255 0.234 0.247
0.236 0.234 0.247
0.233 0.234 0.247
0.220 0.234 0.247
0.233 0.234 0.247
* 0.235 0.234 0.247
0.204 0.234 0.247
0.212 0.234 0.247
0.186 0.234 0.247
0.194 0.234 0.247
0.200 0.234 0.247
0.229 0.234 0.247
0.182 0.234 0.247
0.210 0.234 0.247
* 0.243 0.234 0.247
0.237 0.234 0.247
0.259 0.234 0.247
0.271 0.234 0.247
0.259 0.234 0.247
0.246 0.234 0.247
0.227 0.234 0.247
0.272 0.234 0.247
0.219 0.234 0.247
0.194 0.234 0.247
0.219 0.234 0.247
* 0.236 0.234 0.247
0.250 0.234 0.247
0.275 0.234 0.247
0.261 0.234 0.247
0.273 0.234 0.247
0.263 0.234 0.247
0.266 0.234 0.247
0.273 0.234 0.247
0.266 0.234 0.247
0.261 0.234 0.247
0.264 0.234 0.247
0.256 0.234 0.247
0.187 0.234 0.247
0.160 0.234 0.247
0.200 0.234 0.247
0.229 0.234 0.247
0.222 0.234 0.247
0.216 0.234 0.247
* 0.247 0.234 0.247
0.231 0.234 0.247
0.219 0.234 0.247
0.250 0.234 0.247
0.244 0.234 0.247
0.234 0.234 0.247
0.252 0.234 0.247
0.248 0.234 0.247
0.237 0.234 0.247
0.258 0.234 0.247
0.252 0.234 0.247
0.257 0.234 0.247
0.241 0.234 0.247
0.258 0.234 0.247
0.270 0.234 0.248
0.274 0.234 0.248
0.274 0.234 0.248
0.262 0.234 0.248
0.266 0.234 0.248
0.203 0.234 0.248
0.172 0.234 0.248
0.197 0.234 0.248
0.222 0.234 0.248
0.227 0.234 0.248
* 0.253 0.234 0.248
0.270 0.234 0.248
0.254 0.234 0.248
0.262 0.234 0.248
0.253 0.234 0.248
0.266 0.234 0.248
0.266 0.235 0.248
0.263 0.235 0.248
0.254 0.235 0.248
0.259 0.235 0.248
0.254 0.235 0.248
0.249 0.235 0.248
0.260 0.235 0.248
0.249 0.235 0.248
0.265 0.235 0.248
0.263 0.235 0.248
0.248 0.235 0.248
0.248 0.235 0.248
0.251 0.235 0.248
0.254 0.235 0.248
0.252 0.235 0.248
0.270 0.235 0.248
0.247 0.235 0.248
0.242 0.235 0.248
0.270 0.235 0.249
0.256 0.235 0.249
0.243 0.235 0.249
0.246 0.235 0.249
0.270 0.235 0.249
0.255 0.235 0.249
0.258 0.235 0.249
0.232 0.235 0.249
0.226 0.235 0.249
0.201 0.235 0.249
0.204 0.235 0.249
0.201 0.235 0.249
0.169 0.235 0.249
0.206 0.235 0.249
0.192 0.235 0.249
0.207 0.235 0.249
0.209 0.235 0.249
0.225 0.235 0.249
* 0.247 0.235 0.249
0.242 0.235 0.249
0.251 0.235 0.249
0.259 0.235 0.249
0.277 0.235 0.249
0.271 0.235 0.249
0.259 0.235 0.249
0.257 0.235 0.249
0.220 0.235 0.249
0.214 0.235 0.249
0.232 0.235 0.249
0.235 0.235 0.249
* 0.267 0.235 0.249
0.265 0.235 0.249
0.262 0.235 0.249
0.263 0.235 0.249
0.273 0.235 0.249
0.259 0.235 0.249
0.255 0.235 0.249
0.250 0.235 0.249
0.261 0.235 0.249
0.244 0.235 0.249
0.231 0.235 0.249
0.228 0.235 0.249
0.240 0.235 0.249
0.243 0.235 0.249
0.269 0.235 0.249
0.268 0.235 0.249
0.266 0.235 0.249
0.250 0.235 0.249
0.212 0.235 0.249
0.221 0.235 0.249
0.228 0.235 0.249
* 0.240 0.235 0.249
0.270 0.235 0.249
0.270 0.235 0.249
0.264 0.235 0.249
0.261 0.235 0.249
0.266 0.235 0.249
0.259 0.235 0.249
0.266 0.235 0.249
0.270 0.235 0.249
0.255 0.235 0.249
0.245 0.235 0.249
0.245 0.235 0.249
0.272 0.235 0.249
0.287 0.235 0.249
0.277 0.235 0.249
0.258 0.235 0.249
0.247 0.235 0.249
0.261 0.235 0.249
0.268 0.235 0.249
0.252 0.235 0.250
0.254 0.236 0.250
0.270 0.236 0.250
0.254 0.236 0.250
0.244 0.236 0.250
0.215 0.236 0.250
0.226 0.236 0.250
0.238 0.235 0.249
0.236 0.235 0.249
0.209 0.235 0.249
0.243 0.235 0.249
0.273 0.235 0.249
0.257 0.235 0.249
0.269 0.235 0.250
0.264 0.235 0.250
0.254 0.235 0.250
0.253 0.235 0.250
0.247 0.235 0.250
0.248 0.235 0.250
0.268 0.235 0.250
0.248 0.235 0.250
0.265 0.235 0.250
0.246 0.235 0.250
0.251 0.235 0.250
0.243 0.235 0.250
0.235 0.235 0.250
0.238 0.235 0.250
0.241 0.235 0.250
0.227 0.235 0.250
0.235 0.235 0.250
0.228 0.235 0.250
* 0.241 0.235 0.250
0.240 0.235 0.250
0.230 0.235 0.250
0.244 0.235 0.250
0.242 0.235 0.250
0.244 0.235 0.250
0.228 0.235 0.250
0.233 0.235 0.250
0.252 0.235 0.250
0.237 0.235 0.250
0.234 0.235 0.250
0.241 0.235 0.250
0.235 0.235 0.250
0.255 0.235 0.250
0.247 0.235 0.250
0.240 0.235 0.250
0.244 0.235 0.250
0.228 0.235 0.250
0.230 0.235 0.250
0.243 0.235 0.250
0.239 0.235 0.250
0.241 0.235 0.250
0.246 0.236 0.250
0.237 0.235 0.250
0.233 0.235 0.250
0.246 0.235 0.250
0.246 0.235 0.250
0.227 0.235 0.250
0.242 0.235 0.250
0.232 0.235 0.250
0.256 0.235 0.250
0.245 0.235 0.250
0.204 0.235 0.250
0.197 0.235 0.250
0.204 0.235 0.250
0.213 0.235 0.250
0.193 0.235 0.250
0.202 0.235 0.250
0.205 0.235 0.250
0.200 0.235 0.250
0.205 0.235 0.250
0.206 0.235 0.250
0.200 0.235 0.250
0.220 0.235 0.250
0.230 0.235 0.250
* 0.243 0.235 0.250
0.244 0.235 0.250
0.256 0.235 0.250
0.240 0.235 0.250
0.250 0.236 0.250
0.263 0.236 0.250
0.245 0.236 0.250
0.235 0.236 0.250
0.231 0.236 0.250
0.230 0.236 0.250
* 0.250 0.236 0.250
0.245 0.236 0.250
0.231 0.236 0.250
0.223 0.236 0.250
0.203 0.236 0.250
0.218 0.236 0.250
0.208 0.236 0.250
0.199 0.236 0.250
0.192 0.236 0.250
0.203 0.236 0.250
0.210 0.236 0.250
* 0.244 0.236 0.250
0.250 0.236 0.250
0.254 0.236 0.250
0.244 0.236 0.250
0.244 0.236 0.250
0.248 0.236 0.250
0.242 0.236 0.250
0.240 0.236 0.250
0.210 0.236 0.250
0.211 0.236 0.250
0.229 0.236 0.250
* 0.247 0.236 0.250
0.240 0.236 0.250
0.254 0.236 0.250
0.244 0.236 0.250
0.247 0.236 0.250
0.250 0.236 0.250
0.259 0.236 0.250
0.254 0.236 0.250
0.250 0.236 0.250
0.261 0.236 0.250
0.244 0.236 0.250
0.254 0.236 0.250
0.256 0.236 0.250
0.265 0.236 0.250
0.244 0.236 0.250
0.252 0.236 0.250
0.254 0.236 0.250
0.265 0.236 0.250
0.248 0.236 0.250
0.249 0.236 0.250
0.169 0.236 0.250
x
x
0.196 0.236 0.250
0.195 0.236 0.250
0.177 0.236 0.250
0.229 0.236 0.250
0.193 0.236 0.250
* 0.239 0.236 0.250
0.243 0.236 0.250
0.257 0.236 0.250
0.242 0.236 0.250
0.242 0.236 0.250
0.235 0.236 0.250
0.239 0.236 0.250
0.252 0.236 0.250
0.254 0.236 0.250
0.254 0.236 0.250
0.231 0.236 0.250
0.211 0.236 0.250
0.242 0.236 0.250
0.245 0.236 0.250
0.270 0.236 0.250
0.259 0.236 0.250
0.245 0.236 0.250
0.242 0.236 0.250
0.252 0.236 0.250
0.242 0.236 0.250
0.240 0.236 0.250
0.242 0.236 0.250
0.250 0.236 0.250
0.245 0.236 0.250
0.254 0.236 0.250
0.262 0.236 0.250
0.254 0.236 0.250
0.273 0.236 0.250
0.247 0.236 0.250
0.242 0.236 0.250
0.256 0.236 0.250
0.247 0.236 0.250
0.255 0.236 0.250
0.260 0.236 0.250
0.256 0.236 0.250
0.252 0.236 0.249
0.259 0.236 0.249
0.271 0.236 0.250
0.257 0.236 0.250
0.268 0.236 0.250
0.264 0.236 0.250
0.262 0.236 0.250
0.264 0.236 0.250
0.250 0.236 0.250
0.240 0.236 0.250
0.242 0.236 0.250
0.269 0.236 0.250
0.260 0.236 0.250
0.268 0.236 0.250
0.268 0.236 0.250
0.256 0.236 0.250
0.253 0.236 0.250
0.262 0.236 0.250
0.219 0.236 0.250
0.175 0.236 0.250
0.179 0.236 0.250
0.232 0.236 0.250
* 0.238 0.236 0.250
0.255 0.236 0.250
0.245 0.236 0.250
0.240 0.237 0.250
0.244 0.237 0.250
0.242 0.237 0.250
0.248 0.237 0.250
0.253 0.237 0.250
0.238 0.237 0.250
0.244 0.237 0.250
0.240 0.237 0.250
0.232 0.237 0.250
0.226 0.237 0.250
0.257 0.237 0.250
0.244 0.237 0.250
0.236 0.237 0.250
0.256 0.237 0.250
0.254 0.238 0.250
0.251 0.238 0.250
0.251 0.238 0.250
0.247 0.238 0.250
0.252 0.238 0.251
0.242 0.238 0.251
0.244 0.238 0.251
0.260 0.238 0.251
0.251 0.238 0.251
0.266 0.238 0.251
0.247 0.238 0.251
0.250 0.238 0.251
0.238 0.238 0.251
0.245 0.238 0.251
0.256 0.238 0.251
0.243 0.238 0.251
0.258 0.238 0.251
0.265 0.238 0.251
0.252 0.238 0.251
0.249 0.238 0.251
0.259 0.238 0.251
0.230 0.238 0.251
0.245 0.238 0.251
0.252 0.238 0.251
0.260 0.238 0.251
0.258 0.239 0.251
0.254 0.239 0.251
0.282 0.239 0.251
0.248 0.239 0.251
0.255 0.239 0.251
0.248 0.239 0.251
0.250 0.239 0.251
0.252 0.239 0.251
0.251 0.239 0.251
0.248 0.239 0.251
0.252 0.239 0.251
0.254 0.239 0.251
0.242 0.239 0.251
0.256 0.239 0.251
0.249 0.239 0.251
0.234 0.239 0.251
0.217 0.239 0.251
0.214 0.239 0.251
0.218 0.239 0.251
0.218 0.239 0.251
0.205 0.239 0.251
* 0.249 0.239 0.251
0.251 0.239 0.251
0.249 0.239 0.251
0.254 0.239 0.251
0.266 0.239 0.251
0.252 0.239 0.252
0.250 0.239 0.252
0.243 0.239 0.252
0.243 0.239 0.252
0.242 0.239 0.252
0.252 0.239 0.252
0.244 0.239 0.252
0.244 0.239 0.252
0.257 0.239 0.252
0.271 0.239 0.252
0.244 0.239 0.252
0.243 0.239 0.252
0.254 0.239 0.252
0.252 0.239 0.252
0.245 0.239 0.252
0.233 0.239 0.252
0.230 0.239 0.252
0.239 0.239 0.252
0.235 0.239 0.252
0.237 0.239 0.252
* 0.245 0.239 0.252
0.236 0.239 0.252
0.231 0.239 0.252
0.235 0.239 0.252
0.213 0.239 0.252
* 0.252 0.240 0.252
0.244 0.240 0.252
0.251 0.240 0.252
0.237 0.240 0.252
0.239 0.240 0.252
0.255 0.240 0.252
0.254 0.240 0.252
0.254 0.240 0.252
0.258 0.240 0.252
0.244 0.240 0.252
0.245 0.240 0.252
0.247 0.240 0.252
0.266 0.240 0.252
0.264 0.240 0.252
0.285 0.240 0.252
0.292 0.240 0.252
0.254 0.240 0.252
0.256 0.240 0.252
0.242 0.240 0.252
0.278 0.240 0.252
0.270 0.240 0.252
0.273 0.240 0.252
0.264 0.240 0.252
0.270 0.240 0.253
0.256 0.240 0.253
0.268 0.240 0.253
0.259 0.240 0.253
0.250 0.240 0.253
0.270 0.240 0.253
0.271 0.240 0.253
0.235 0.240 0.253
0.232 0.240 0.253
0.251 0.240 0.253
0.240 0.240 0.253
0.263 0.240 0.253
0.189 0.240 0.253
0.194 0.240 0.253
0.230 0.240 0.253
0.235 0.240 0.253
0.233 0.240 0.253
* 0.247 0.240 0.253
0.247 0.240 0.253
0.243 0.240 0.253
0.226 0.240 0.253
0.240 0.240 0.253
0.237 0.240 0.253
* 0.252 0.240 0.252
0.235 0.240 0.252
0.244 0.240 0.252
0.238 0.240 0.252
0.239 0.240 0.252
0.231 0.240 0.252
0.237 0.240 0.252
* 0.272 0.240 0.252
0.234 0.240 0.252
0.259 0.240 0.252
0.270 0.240 0.253
0.273 0.240 0.253
0.257 0.240 0.253
0.237 0.240 0.253
0.254 0.240 0.252
0.257 0.240 0.252
0.267 0.240 0.252
0.265 0.240 0.253
0.278 0.240 0.253
0.245 0.240 0.253
0.261 0.240 0.253
0.249 0.240 0.253
0.242 0.240 0.253
0.258 0.240 0.253
0.228 0.240 0.253
0.159 0.240 0.253
0.202 0.240 0.253
* 0.247 0.240 0.253
0.240 0.240 0.253
0.239 0.240 0.253
0.263 0.240 0.253
0.252 0.240 0.253
0.240 0.240 0.253
0.252 0.240 0.253
0.249 0.241 0.253
0.247 0.241 0.253
0.243 0.240 0.253
0.257 0.241 0.253
0.245 0.241 0.253
0.242 0.241 0.253
0.259 0.241 0.253
0.238 0.241 0.253
0.240 0.241 0.253
0.256 0.240 0.253
0.245 0.240 0.253
0.257 0.240 0.253
0.244 0.240 0.253
0.233 0.240 0.253
0.231 0.240 0.253
0.243 0.240 0.252
0.238 0.240 0.252
0.236 0.240 0.252
0.243 0.240 0.252
0.254 0.240 0.252
0.240 0.240 0.252
0.243 0.240 0.252
0.251 0.240 0.252
0.243 0.240 0.252
0.240 0.240 0.252
0.244 0.240 0.252
0.256 0.240 0.252
0.243 0.240 0.252
0.230 0.240 0.252
0.240 0.240 0.252
0.245 0.240 0.252
0.233 0.240 0.252
0.251 0.240 0.252
0.250 0.240 0.252
0.247 0.240 0.252
0.254 0.240 0.252
0.254 0.240 0.252
0.244 0.240 0.252
0.234 0.240 0.252
0.245 0.239 0.252
0.238 0.239 0.252
0.240 0.239 0.252
0.234 0.239 0.252
0.248 0.239 0.252
0.248 0.239 0.252
0.246 0.239 0.252
0.250 0.239 0.252
0.228 0.239 0.252
0.251 0.239 0.251
0.246 0.239 0.251
0.249 0.239 0.251
0.252 0.239 0.251
0.246 0.239 0.251
0.256 0.239 0.251
0.242 0.239 0.251
0.242 0.239 0.251
0.238 0.239 0.251
0.252 0.239 0.251
0.232 0.239 0.251
0.230 0.239 0.251
0.226 0.239 0.251
* 0.246 0.239 0.251
0.232 0.239 0.251
0.222 0.239 0.251
0.221 0.239 0.251
0.236 0.239 0.251
0.233 0.239 0.251
0.234 0.239 0.251
0.212 0.239 0.251
* 0.244 0.239 0.251
0.242 0.239 0.251
0.238 0.239 0.251
0.244 0.239 0.251
0.246 0.239 0.251
0.250 0.239 0.251
0.240 0.239 0.251
0.250 0.239 0.251
0.244 0.239 0.251
0.254 0.239 0.251
0.265 0.239 0.251
0.257 0.239 0.251
0.275 0.239 0.251
0.254 0.239 0.251
0.267 0.239 0.251
0.260 0.239 0.251
0.265 0.239 0.251
0.246 0.239 0.251
0.248 0.239 0.251
0.263 0.239 0.251
0.256 0.239 0.251
0.257 0.239 0.251
0.263 0.239 0.251
0.258 0.239 0.251
0.261 0.239 0.251
0.267 0.239 0.251
0.257 0.239 0.251
0.252 0.239 0.251
0.256 0.239 0.251
0.252 0.239 0.251
0.256 0.239 0.251
0.263 0.239 0.251
0.261 0.239 0.251
0.271 0.239 0.251
0.259 0.239 0.251
0.254 0.239 0.251
0.250 0.239 0.251
0.263 0.239 0.251
0.252 0.239 0.251
0.256 0.240 0.251
0.284 0.240 0.251
0.267 0.240 0.251
0.273 0.240 0.251
0.258 0.240 0.251
0.270 0.240 0.251
0.256 0.240 0.251
0.252 0.240 0.251
0.254 0.240 0.251
0.254 0.240 0.251
0.250 0.240 0.251
0.250 0.240 0.251
0.244 0.240 0.251
0.250 0.240 0.251
0.254 0.240 0.251
0.248 0.240 0.251
0.244 0.240 0.251
0.252 0.240 0.251
0.252 0.240 0.251
0.236 0.240 0.251
0.229 0.240 0.251
0.246 0.240 0.251
0.264 0.240 0.251
0.260 0.240 0.251
0.259 0.240 0.251
0.248 0.240 0.251
0.256 0.240 0.251
0.250 0.240 0.251
0.255 0.240 0.251
0.250 0.240 0.251
0.250 0.240 0.251
0.252 0.240 0.251
0.220 0.240 0.251
0.234 0.240 0.251
0.255 0.240 0.251
0.237 0.240 0.251
0.247 0.239 0.251
0.247 0.239 0.251
0.238 0.239 0.251
0.244 0.239 0.251
0.242 0.239 0.251
0.232 0.239 0.251
0.252 0.239 0.251
0.238 0.239 0.251
0.226 0.239 0.251
0.236 0.239 0.251
0.219 0.239 0.251
* 0.252 0.239 0.251
0.236 0.239 0.251
0.217 0.239 0.251
0.236 0.239 0.251
* 0.240 0.239 0.251
0.249 0.239 0.251
0.234 0.239 0.251
0.228 0.239 0.251
0.242 0.239 0.251
0.246 0.239 0.251
0.238 0.239 0.251
0.254 0.239 0.251
0.244 0.239 0.251
0.231 0.239 0.251
0.201 0.239 0.251
0.200 0.239 0.251
0.220 0.239 0.251
0.224 0.239 0.251
0.220 0.239 0.251
0.217 0.239 0.251
* 0.244 0.239 0.251
0.257 0.239 0.250
0.244 0.239 0.250
0.238 0.239 0.250
0.230 0.239 0.250
0.249 0.239 0.250
0.239 0.239 0.250
0.221 0.239 0.250
0.206 0.239 0.250
0.217 0.239 0.250
0.207 0.239 0.250
0.223 0.239 0.250
0.225 0.239 0.250
0.222 0.239 0.250
0.234 0.239 0.250
0.237 0.239 0.250
* 0.249 0.239 0.250
0.250 0.239 0.250
0.235 0.239 0.250
0.206 0.239 0.250
0.235 0.239 0.250
0.233 0.239 0.250
* 0.249 0.239 0.250
0.237 0.239 0.250
0.211 0.239 0.250
0.230 0.239 0.250
* 0.244 0.239 0.250
0.230 0.239 0.250
0.233 0.239 0.250
0.243 0.239 0.250
0.245 0.239 0.250
0.249 0.239 0.250
0.242 0.239 0.250
0.247 0.239 0.250
0.258 0.239 0.250
0.230 0.239 0.250
0.233 0.239 0.250
0.233 0.239 0.250
0.231 0.239 0.250
* 0.242 0.239 0.250
0.244 0.239 0.250
0.250 0.239 0.250
0.245 0.239 0.250
0.240 0.239 0.250
0.247 0.239 0.250
0.223 0.239 0.250
0.241 0.238 0.250
0.237 0.238 0.250
0.225 0.238 0.250
0.222 0.238 0.250
0.226 0.238 0.250
* 0.246 0.238 0.250
0.240 0.238 0.250
0.250 0.238 0.250
0.247 0.238 0.250
0.250 0.238 0.250
0.241 0.238 0.250
0.254 0.238 0.250
0.236 0.238 0.250
0.251 0.238 0.250
0.231 0.238 0.250
0.238 0.238 0.250
0.247 0.238 0.250
0.254 0.238 0.250
0.230 0.238 0.250
0.237 0.238 0.250
0.232 0.238 0.250
0.220 0.238 0.250
* 0.242 0.238 0.250
0.256 0.238 0.250
0.238 0.238 0.250
0.225 0.238 0.250
0.233 0.238 0.250
* 0.250 0.238 0.250
0.235 0.238 0.250
0.247 0.238 0.249
0.233 0.238 0.249
0.251 0.238 0.249
0.253 0.238 0.249
0.240 0.238 0.249
0.247 0.238 0.249
0.233 0.238 0.249
0.237 0.238 0.249
0.252 0.238 0.249
0.266 0.238 0.249
0.256 0.238 0.249
0.247 0.238 0.249
0.252 0.238 0.249
0.263 0.238 0.249
0.277 0.238 0.249
0.261 0.238 0.249
0.263 0.238 0.249
0.256 0.238 0.249
0.257 0.238 0.249
0.263 0.238 0.249
0.256 0.238 0.249
0.259 0.239 0.249
0.275 0.239 0.250
0.262 0.239 0.250
0.251 0.239 0.250
0.238 0.239 0.250
0.247 0.239 0.249
0.254 0.239 0.249
0.249 0.239 0.249
0.258 0.239 0.249
0.242 0.239 0.249
0.254 0.239 0.249
0.252 0.239 0.249
0.254 0.239 0.249
0.243 0.239 0.249
0.258 0.239 0.249
0.256 0.239 0.249
0.259 0.239 0.249
0.250 0.239 0.249
0.261 0.239 0.250
0.280 0.239 0.250
0.264 0.239 0.250
0.270 0.239 0.250
0.261 0.239 0.250
0.259 0.239 0.250
0.254 0.239 0.250
0.262 0.239 0.250
0.264 0.239 0.250
0.257 0.239 0.250
0.271 0.239 0.250
0.252 0.239 0.250
0.245 0.239 0.250
0.261 0.239 0.250
0.252 0.239 0.250
0.252 0.239 0.250
0.245 0.239 0.250
0.250 0.239 0.250
0.250 0.239 0.250
0.249 0.240 0.250
0.261 0.240 0.250
0.259 0.240 0.250
0.220 0.240 0.250
0.214 0.240 0.250
0.198 0.240 0.250
0.219 0.240 0.250
* 0.256 0.240 0.250
0.259 0.240 0.250
0.254 0.240 0.250
0.252 0.240 0.250
0.260 0.240 0.250
0.261 0.240 0.250
0.259 0.240 0.251
0.240 0.240 0.251
0.233 0.240 0.251
0.218 0.240 0.251
0.198 0.240 0.251
0.221 0.240 0.251
0.208 0.240 0.251
0.213 0.240 0.251
0.220 0.240 0.251
0.222 0.240 0.251
0.226 0.240 0.251
* 0.248 0.240 0.251
0.242 0.240 0.251
0.265 0.240 0.251
0.250 0.240 0.251
0.264 0.240 0.251
0.269 0.240 0.251
0.261 0.240 0.251
0.264 0.240 0.251
0.278 0.240 0.251
0.261 0.240 0.251
0.267 0.240 0.251
0.267 0.240 0.251
0.259 0.240 0.251
0.263 0.240 0.251
0.257 0.240 0.251
0.255 0.240 0.251
0.265 0.240 0.251
0.253 0.240 0.251
0.264 0.240 0.251
0.206 0.240 0.251
0.199 0.240 0.251
0.224 0.240 0.251
0.238 0.240 0.251
* 0.248 0.240 0.251
0.265 0.240 0.251
0.270 0.240 0.251
0.242 0.240 0.251
0.268 0.240 0.251
0.266 0.240 0.251
0.273 0.240 0.251
0.281 0.240 0.251
0.258 0.240 0.251
0.267 0.240 0.251
0.277 0.240 0.251
0.275 0.240 0.251
0.285 0.240 0.252
0.280 0.240 0.252
0.282 0.240 0.252
0.268 0.240 0.252
0.286 0.240 0.252
0.269 0.240 0.252
0.295 0.240 0.252
0.283 0.240 0.252
0.267 0.240 0.252
0.284 0.240 0.252
0.278 0.240 0.252
0.279 0.240 0.252
0.259 0.240 0.252
0.261 0.240 0.252
0.267 0.240 0.252
0.286 0.240 0.252
0.276 0.240 0.252
0.243 0.240 0.252
0.262 0.240 0.252
0.293 0.240 0.252
0.274 0.240 0.253
0.266 0.241 0.253
0.252 0.241 0.253
0.280 0.241 0.253
0.271 0.241 0.253
0.262 0.241 0.253
0.268 0.241 0.253
0.274 0.241 0.253
0.283 0.241 0.253
0.269 0.241 0.253
0.271 0.241 0.253
0.278 0.241 0.253
0.288 0.241 0.253
0.274 0.241 0.253
0.254 0.241 0.253
0.263 0.241 0.253
0.257 0.241 0.253
0.266 0.241 0.253
0.274 0.241 0.253
0.264 0.241 0.253
0.285 0.241 0.253
0.260 0.241 0.253
0.272 0.241 0.253
0.227 0.241 0.253
0.168 0.241 0.253
0.205 0.241 0.253
0.223 0.241 0.253
* 0.248 0.241 0.253
0.261 0.241 0.253
0.255 0.241 0.253
0.254 0.241 0.253
0.250 0.241 0.253
0.247 0.241 0.253
0.261 0.241 0.253
0.261 0.241 0.253
0.259 0.241 0.253
0.262 0.241 0.253
0.248 0.241 0.253
0.270 0.241 0.253
0.280 0.241 0.254
0.257 0.241 0.253
0.259 0.241 0.253
0.270 0.241 0.253
0.281 0.241 0.254
0.266 0.241 0.254
0.264 0.241 0.254
0.258 0.241 0.254
0.265 0.241 0.254
0.259 0.241 0.254
0.266 0.241 0.254
0.260 0.241 0.254
0.257 0.241 0.254
0.267 0.241 0.254
0.254 0.241 0.254
0.267 0.241 0.254
0.254 0.241 0.254
0.254 0.241 0.254
0.250 0.241 0.254
0.255 0.241 0.254
0.267 0.242 0.254
0.269 0.242 0.254
0.278 0.242 0.254
0.257 0.242 0.254
0.257 0.242 0.254
0.222 0.242 0.254
0.244 0.242 0.254
0.230 0.242 0.254
0.256 0.241 0.254
0.259 0.241 0.254
0.268 0.242 0.254
0.275 0.242 0.254
0.262 0.242 0.254
0.261 0.242 0.254
0.268 0.242 0.254
0.265 0.242 0.254
0.259 0.242 0.254
0.275 0.242 0.254
0.252 0.242 0.254
0.245 0.242 0.254
0.240 0.242 0.254
0.246 0.242 0.254
0.252 0.242 0.254
0.254 0.242 0.254
0.247 0.242 0.254
0.250 0.242 0.254
0.244 0.242 0.254
0.218 0.242 0.254
0.211 0.242 0.254
0.197 0.242 0.254
0.209 0.242 0.254
0.205 0.242 0.254
0.206 0.242 0.254
0.214 0.242 0.254
0.232 0.242 0.254
* 0.243 0.242 0.254
0.226 0.242 0.254
0.231 0.242 0.254
0.237 0.242 0.254
0.238 0.242 0.254
* 0.259 0.242 0.254
0.219 0.242 0.254
0.226 0.242 0.254
0.231 0.242 0.254
0.238 0.242 0.254
* 0.243 0.242 0.254
0.225 0.242 0.254
0.237 0.242 0.254
0.229 0.242 0.254
* 0.260 0.242 0.254
0.254 0.242 0.254
0.275 0.242 0.254
0.263 0.242 0.254
0.249 0.242 0.254
0.253 0.242 0.254
0.279 0.242 0.254
0.278 0.242 0.254
0.259 0.242 0.254
0.264 0.242 0.254
0.191 0.242 0.254
0.184 0.242 0.254
0.206 0.242 0.254
0.237 0.242 0.254
* 0.242 0.242 0.254
0.244 0.242 0.254
0.248 0.242 0.254
0.248 0.242 0.254
0.237 0.242 0.254
0.230 0.242 0.254
0.241 0.242 0.254
0.235 0.242 0.254
* 0.247 0.242 0.254
0.240 0.242 0.254
0.242 0.242 0.254
0.230 0.242 0.254
0.241 0.242 0.254
0.240 0.242 0.254
0.231 0.242 0.254
0.237 0.242 0.254
* 0.246 0.242 0.254
0.232 0.242 0.254
0.233 0.242 0.254
0.236 0.242 0.254
0.232 0.242 0.254
0.230 0.242 0.254
* 0.249 0.242 0.254
0.240 0.242 0.254
0.232 0.242 0.254
0.233 0.242 0.254
0.224 0.242 0.254
0.202 0.242 0.254
0.232 0.242 0.254
0.218 0.242 0.254
0.217 0.242 0.254
0.223 0.242 0.254
0.219 0.242 0.254
0.232 0.242 0.254
0.237 0.242 0.254
0.238 0.242 0.254
* 0.253 0.242 0.254
0.235 0.242 0.254
0.245 0.242 0.254
0.227 0.242 0.254
0.240 0.242 0.254
0.231 0.242 0.254
* 0.257 0.242 0.254
0.238 0.242 0.254
0.255 0.242 0.254
0.243 0.242 0.254
0.250 0.242 0.254
0.245 0.242 0.254
0.250 0.242 0.254
0.259 0.242 0.254
0.247 0.242 0.254
0.174 0.242 0.254
0.166 0.242 0.254
0.205 0.242 0.254
0.204 0.242 0.254
0.215 0.242 0.254
0.229 0.242 0.254
0.238 0.242 0.254
0.236 0.242 0.254
0.238 0.242 0.254
0.234 0.242 0.254
0.236 0.242 0.254
0.240 0.242 0.254
0.240 0.242 0.254
* 0.243 0.242 0.254
0.231 0.242 0.254
0.242 0.241 0.254
0.226 0.241 0.254
0.245 0.241 0.254
0.255 0.241 0.254
0.248 0.241 0.254
0.226 0.241 0.254
0.247 0.241 0.254
0.245 0.241 0.254
0.248 0.241 0.254
0.249 0.241 0.254
0.254 0.241 0.254
0.236 0.241 0.254
0.254 0.241 0.254
0.243 0.241 0.254
0.239 0.241 0.254
0.221 0.241 0.254
0.217 0.241 0.254
0.234 0.241 0.254
0.234 0.241 0.254
0.235 0.241 0.254
* 0.245 0.241 0.254
0.243 0.241 0.254
0.252 0.241 0.254
0.243 0.241 0.254
0.234 0.241 0.254
0.241 0.241 0.254
0.243 0.241 0.254
0.263 0.241 0.254
0.254 0.241 0.254
0.247 0.241 0.254
0.236 0.241 0.254
0.247 0.241 0.254
0.254 0.241 0.254
0.224 0.241 0.254
0.240 0.241 0.254
0.247 0.241 0.253
0.240 0.241 0.253
0.238 0.241 0.253
0.230 0.241 0.253
* 0.245 0.241 0.253
0.232 0.241 0.253
0.238 0.241 0.253
0.219 0.241 0.253
0.220 0.241 0.253
0.240 0.241 0.253
0.240 0.241 0.253
* 0.261 0.241 0.253
0.270 0.241 0.253
0.264 0.241 0.253
0.259 0.241 0.254
0.257 0.241 0.254
0.250 0.241 0.254
0.252 0.241 0.254
0.254 0.241 0.254
0.256 0.241 0.254
0.252 0.241 0.254
0.255 0.241 0.254
0.253 0.241 0.254
0.255 0.241 0.254
0.245 0.241 0.254
0.248 0.241 0.254
0.245 0.241 0.254
0.241 0.241 0.254
0.257 0.241 0.254
0.243 0.241 0.253
0.258 0.241 0.254
0.255 0.241 0.254
0.259 0.241 0.254
0.249 0.241 0.253
0.261 0.241 0.253
0.247 0.241 0.253
0.261 0.241 0.253
0.262 0.241 0.253
0.255 0.241 0.253
0.252 0.241 0.253
0.250 0.241 0.253
0.268 0.241 0.254
0.248 0.241 0.254
0.254 0.241 0.254
0.266 0.241 0.254
0.248 0.241 0.254
0.263 0.241 0.254
0.266 0.241 0.254
0.255 0.241 0.254
0.241 0.241 0.254
0.257 0.241 0.254
0.252 0.241 0.254
0.247 0.241 0.254
0.256 0.241 0.254
0.238 0.241 0.254
0.240 0.241 0.254
0.250 0.241 0.254
0.238 0.241 0.254
0.250 0.241 0.254
0.234 0.241 0.254
0.243 0.241 0.254
0.241 0.241 0.254
0.252 0.241 0.254
0.240 0.241 0.254
0.247 0.241 0.254
0.233 0.241 0.254
0.256 0.241 0.254
0.235 0.241 0.254
0.233 0.241 0.254
0.242 0.241 0.254
0.236 0.241 0.254
0.239 0.241 0.254
0.236 0.241 0.254
0.215 0.241 0.254
0.226 0.241 0.254
0.223 0.241 0.254
0.222 0.241 0.254
0.217 0.241 0.254
0.229 0.241 0.254
0.222 0.241 0.254
0.226 0.241 0.254
0.238 0.241 0.254
0.234 0.241 0.254
* 0.245 0.241 0.254
0.227 0.241 0.254
0.241 0.241 0.254
0.234 0.241 0.254
0.229 0.241 0.254
* 0.243 0.241 0.254
0.231 0.241 0.254
0.255 0.241 0.254
0.245 0.241 0.254
0.256 0.241 0.254
0.172 0.241 0.254
0.154 0.241 0.254
0.165 0.241 0.254
0.185 0.241 0.254
0.199 0.241 0.254
0.207 0.241 0.254
0.195 0.241 0.254
0.209 0.241 0.254
0.212 0.241 0.254
0.224 0.241 0.254
0.220 0.241 0.254
0.204 0.241 0.254
0.223 0.241 0.254
0.225 0.241 0.254
0.232 0.241 0.254
0.220 0.241 0.254
0.228 0.241 0.254
0.220 0.241 0.254
0.215 0.241 0.254
0.231 0.241 0.254
0.227 0.241 0.254
* 0.250 0.241 0.254
0.241 0.241 0.254
0.234 0.241 0.254
0.238 0.241 0.254
0.238 0.241 0.254
0.234 0.241 0.254
* 0.248 0.241 0.254
0.243 0.241 0.254
0.254 0.241 0.254
0.254 0.241 0.254
0.273 0.241 0.254
0.257 0.241 0.254
0.256 0.241 0.254
0.256 0.241 0.254
0.252 0.242 0.254
0.272 0.242 0.254
0.272 0.242 0.254
0.261 0.242 0.254
0.245 0.242 0.254
0.257 0.242 0.254
0.261 0.242 0.254
0.266 0.242 0.254
0.261 0.242 0.254
0.268 0.242 0.254
0.259 0.242 0.254
0.262 0.242 0.254
0.248 0.242 0.254
0.252 0.242 0.254
0.273 0.242 0.254
0.243 0.242 0.254
0.248 0.242 0.254
0.259 0.242 0.254
0.257 0.242 0.254
0.268 0.242 0.254
0.249 0.242 0.254
0.229 0.242 0.254
0.254 0.242 0.254
0.252 0.242 0.254
0.245 0.242 0.254
0.264 0.242 0.254
0.247 0.242 0.254
0.259 0.242 0.254
0.257 0.242 0.254
0.245 0.242 0.254
0.254 0.242 0.254
0.268 0.242 0.254
0.252 0.242 0.254
0.250 0.242 0.254
0.266 0.242 0.254
0.257 0.242 0.254
0.264 0.242 0.254
0.273 0.242 0.254
0.226 0.242 0.254
0.243 0.242 0.254
0.259 0.242 0.254
0.266 0.242 0.254
0.270 0.242 0.254
0.273 0.242 0.254
0.272 0.242 0.255
0.264 0.242 0.255
0.270 0.242 0.255
0.255 0.242 0.255
0.259 0.242 0.255
0.280 0.242 0.255
0.280 0.242 0.255
0.270 0.242 0.255
0.264 0.242 0.255
0.263 0.242 0.255
0.275 0.242 0.255
0.266 0.242 0.255
0.282 0.242 0.255
0.275 0.242 0.255
0.268 0.242 0.255
0.266 0.242 0.255
0.248 0.242 0.255
0.255 0.242 0.255
0.259 0.242 0.255
0.244 0.242 0.255
0.247 0.242 0.255
0.255 0.242 0.255
0.270 0.242 0.255
x
x
x
x
x
x
x
x
x
x
x
x
0.211 0.242 0.255
0.211 0.242 0.255
0.234 0.242 0.255
0.239 0.242 0.255
0.222 0.242 0.255
0.238 0.242 0.255
* 0.250 0.242 0.255
0.232 0.242 0.255
0.235 0.242 0.255
0.252 0.242 0.255
0.245 0.242 0.255
0.245 0.242 0.255
0.252 0.242 0.255
0.229 0.242 0.255
0.259 0.242 0.255
0.263 0.242 0.255
0.256 0.242 0.255
0.240 0.242 0.255
0.249 0.242 0.255
0.266 0.242 0.255
0.242 0.242 0.255
0.245 0.242 0.255
0.247 0.242 0.255
0.230 0.242 0.255
0.240 0.242 0.255
0.243 0.242 0.254
0.272 0.242 0.255
0.260 0.242 0.255
0.275 0.242 0.255
0.275 0.242 0.255
0.273 0.242 0.255
0.275 0.242 0.255
0.264 0.242 0.255
0.269 0.242 0.255
0.245 0.242 0.255
0.243 0.242 0.255
0.242 0.242 0.255
0.227 0.242 0.255
0.242 0.242 0.255
0.234 0.242 0.255
0.237 0.242 0.255
0.255 0.242 0.255
0.259 0.242 0.255
0.249 0.242 0.255
0.248 0.242 0.255
0.262 0.242 0.255
0.244 0.242 0.255
0.178 0.242 0.255
0.208 0.242 0.255
0.221 0.242 0.255
0.237 0.242 0.255
* 0.244 0.242 0.255
0.240 0.242 0.255
0.254 0.242 0.255
0.253 0.242 0.255
0.240 0.242 0.255
0.249 0.242 0.255
0.249 0.242 0.255
0.233 0.242 0.255
0.232 0.242 0.255
0.236 0.242 0.255
0.237 0.242 0.255
* 0.250 0.242 0.255
0.249 0.242 0.255
0.259 0.242 0.255
0.252 0.242 0.255
0.251 0.242 0.255
0.251 0.242 0.255
0.255 0.242 0.255
0.266 0.243 0.255
0.266 0.243 0.255
0.255 0.243 0.255
0.264 0.243 0.255
0.251 0.243 0.255
0.255 0.243 0.255
0.247 0.243 0.255
0.255 0.243 0.255
0.235 0.243 0.255
0.240 0.243 0.255
0.242 0.243 0.255
0.228 0.243 0.255
0.241 0.243 0.255
0.239 0.243 0.255
0.237 0.243 0.255
* 0.248 0.243 0.255
0.230 0.243 0.255
0.242 0.243 0.255
0.231 0.243 0.255
0.237 0.243 0.255
0.186 0.243 0.255
0.225 0.243 0.255
0.229 0.243 0.255
0.218 0.243 0.255
* 0.250 0.243 0.255
0.233 0.243 0.255
0.234 0.243 0.255
0.238 0.243 0.255
* 0.246 0.243 0.255
0.242 0.243 0.255
0.214 0.243 0.255
0.224 0.243 0.255
0.234 0.243 0.255
0.242 0.243 0.255
0.232 0.243 0.255
0.242 0.243 0.255
0.223 0.243 0.255
0.220 0.243 0.255
0.226 0.243 0.255
0.231 0.243 0.255
0.238 0.243 0.255
* 0.246 0.243 0.255
0.238 0.243 0.255
0.235 0.243 0.255
0.226 0.243 0.255
