0.278
0.309
0.318
0.318
0.288
0.288
0.271
0.284
0.302
0.277
0.245
0.169
0.240
0.281
0.289
0.270
0.305
0.286
0.274
0.319
0.319
0.315
0.312
0.228
0.212
* 0.288
0.316
0.343
0.340
0.300
0.302
0.320
0.315
0.333
0.292
0.246
0.234
0.234
* 0.300
0.310
0.310
0.322
0.322
0.326
0.326
0.306
0.302
0.311
0.319
0.319
0.238
0.228
* 0.310
0.310
0.326
0.336
0.310
0.342
0.237
0.220
* 0.242
0.290
0.308
0.321
0.328
0.328
0.306
0.289
0.286
0.290
0.307
0.256
0.227
0.268
0.337
0.319
0.326
0.296
0.285
0.316
0.316
0.250
0.260
0.277
0.270
0.287
0.270
0.282
0.282
0.228
0.267
0.283
0.238
0.281
0.283
0.286
0.279
0.240
0.198
0.221
0.221
* 0.292
0.271
0.292
0.278
0.278
0.247
0.248
0.241
0.212
0.212
0.238
0.238
* 0.248
0.252
0.256
0.288
0.263
0.263
0.243
0.243
0.263
0.277
0.277
0.292
0.292
0.277
0.292
0.300
0.299
0.313
0.300
0.294
0.286
0.287
0.271
0.293
0.276
0.301
0.306
0.235
0.219
0.234
* 0.280
0.260
0.245
0.245
0.228
0.245
0.256
0.251
0.243
0.263
0.277
0.288
0.278
0.310
0.270
0.286
0.280
0.273
0.279
0.265
0.256
0.246
0.281
0.250
0.262
0.278
0.247
0.219
0.270
0.276
0.258
0.258
0.256
0.271
0.278
0.264
0.272
0.277
0.255
0.276
0.261
0.263
0.271
0.261
0.279
0.279
0.250
0.275
0.264
0.276
0.273
0.287
0.291
0.275
0.277
0.217
0.217
* 0.287
0.311
0.334
0.300
0.334
0.303
0.238
0.293
0.293
0.271
0.288
0.288
0.286
0.280
0.278
0.266
0.253
0.276
0.243
0.254
0.254
0.227
0.183
0.232
* 0.279
0.291
0.257
0.235
0.252
0.278
0.256
0.236
0.245
0.300
0.288
0.293
0.295
0.332
0.292
0.288
0.327
0.287
0.283
0.269
0.260
0.250
0.250
0.226
0.226
* 0.247
0.302
0.326
0.321
0.306
0.287
0.281
0.292
0.220
0.116
0.162
0.198
0.194
* 0.270
0.222
0.267
0.287
0.307
0.286
0.295
0.306
0.294
0.284
0.175
0.260
0.274
0.306
0.255
0.261
0.249
0.249
0.266
0.202
0.224
* 0.243
0.258
0.203
0.237
* 0.260
0.198
0.257
0.224
0.204
0.237
* 0.261
0.262
0.269
0.237
0.156
0.156
* 0.260
0.256
0.241
0.215
0.162
0.235
* 0.247
0.263
0.233
0.274
0.274
0.275
0.275
0.274
0.252
0.272
0.239
0.258
0.176
0.137
0.200
* 0.269
0.254
0.271
0.269
0.252
0.270
0.269
0.269
0.263
0.254
0.145
0.182
* 0.258
0.284
0.264
0.264
0.267
0.276
0.306
0.317
0.332
0.320
0.314
0.304
0.277
0.278
0.260
0.251
0.285
0.267
0.298
0.194
0.145
* 0.251
0.271
0.285
0.261
0.273
0.255
0.246
0.262
0.263
0.233
0.189
0.185
0.222
* 0.265
0.261
0.271
0.288
0.283
0.278
0.193
0.254
0.287
0.284
0.283
0.293
0.303
0.278
0.261
0.232
0.224
* 0.252
0.278
0.267
0.285
0.280
0.258
0.252
0.263
0.244
0.261
0.272
0.267
0.256
0.276
0.258
0.215
0.193
0.205
* 0.246
0.323
0.323
0.255
0.255
0.276
0.261
0.267
0.268
0.284
0.291
0.303
0.286
0.286
0.303
0.278
0.284
0.284
0.231
0.305
0.305
0.299
0.312
0.285
0.276
0.255
0.261
0.294
0.267
0.288
0.282
0.237
0.285
0.248
0.265
0.243
0.281
0.311
0.314
0.313
0.283
0.303
0.306
0.259
0.282
0.320
0.306
0.306
0.318
0.315
0.315
0.305
0.320
0.289
0.252
0.234
0.315
0.314
0.297
0.305
0.305
0.318
0.274
0.261
0.252
0.277
0.291
0.266
0.257
0.280
0.267
0.262
0.262
0.249
0.262
0.293
0.293
0.327
0.295
0.345
0.340
0.330
0.321
0.315
0.279
0.303
0.296
0.294
0.325
0.325
0.237
0.334
0.334
0.353
0.318
0.318
0.322
0.315
0.309
0.309
0.308
0.347
0.313
0.327
0.302
0.205
0.300
0.304
0.334
0.325
0.330
0.313
0.282
0.282
0.283
0.270
0.286
0.293
0.273
0.247
0.252
0.285
0.296
0.281
0.272
0.272
0.269
0.320
0.275
0.315
0.318
0.318
0.292
0.333
0.333
0.311
0.320
0.319
0.322
0.315
0.318
0.304
0.307
0.328
0.261
0.275
0.314
0.303
0.318
0.295
0.288
0.287
0.283
0.294
0.315
0.292
0.292
0.303
0.238
0.222
* 0.243
0.246
0.254
0.258
0.269
0.314
0.331
0.312
0.355
0.329
0.341
0.306
0.346
0.294
0.294
0.280
0.313
0.284
0.284
0.254
0.302
0.336
0.325
0.279
0.318
0.296
0.235
0.242
0.279
0.302
0.320
0.247
0.299
0.313
0.303
0.327
0.322
0.285
0.326
0.326
0.306
0.298
0.315
0.320
0.320
0.321
0.333
0.321
0.278
0.226
0.249
0.292
0.308
0.289
0.305
0.304
0.293
0.260
0.203
0.265
0.298
0.297
0.298
0.326
0.331
0.323
0.336
0.322
0.308
0.305
0.278
0.280
0.267
0.266
0.274
0.258
0.257
0.225
0.250
0.252
0.237
0.280
0.321
0.317
0.325
0.334
0.334
0.337
0.333
0.336
0.325
0.336
0.324
0.357
0.330
0.337
0.327
0.343
0.350
0.336
0.348
0.329
0.333
0.335
0.339
0.342
0.323
0.333
0.346
0.321
0.306
0.293
0.273
0.284
0.324
0.291
0.260
0.256
0.276
0.272
0.278
0.254
0.303
0.349
0.340
0.335
0.348
0.303
0.281
0.285
0.241
0.287
0.249
0.261
0.342
0.301
0.308
0.315
0.315
0.322
0.294
0.333
0.265
0.301
0.319
0.332
0.291
0.342
0.360
0.326
0.286
0.286
0.281
0.283
0.278
0.271
0.295
0.295
0.295
0.272
0.323
0.322
0.325
0.273
0.273
0.288
0.318
0.318
0.321
0.348
0.348
0.312
0.297
0.312
0.299
0.290
0.290
0.285
0.322
0.293
0.305
0.322
0.313
0.296
0.320
0.341
0.301
0.291
0.295
0.319
0.329
0.320
0.308
0.296
0.289
0.289
0.278
0.318
0.284
0.288
0.288
0.280
0.262
0.296
0.231
0.282
0.282
0.292
0.287
0.287
0.287
0.327
0.327
0.347
0.275
0.239
0.301
0.301
0.329
0.326
0.309
0.347
0.314
0.309
0.318
0.251
0.239
0.247
0.254
0.245
0.269
0.215
0.292
0.315
0.323
0.313
0.320
0.328
0.330
0.296
0.295
0.299
0.296
0.268
0.278
0.266
0.325
0.325
0.311
0.324
0.201
0.198
* 0.301
0.332
0.315
0.319
0.270
0.275
0.283
0.254
0.257
0.275
0.276
0.236
0.287
0.280
0.268
0.262
0.267
0.283
0.267
0.281
0.282
0.263
0.267
0.267
0.316
0.249
0.265
0.305
0.322
0.285
0.238
0.238
* 0.303
0.326
0.326
0.286
0.299
0.308
0.243
0.302
0.248
0.200
0.195
* 0.256
0.254
0.259
0.237
0.303
0.280
0.308
0.329
0.323
0.292
0.275
0.281
0.282
0.266
0.311
0.315
0.292
0.327
0.311
0.308
0.313
0.314
0.281
0.335
0.303
0.314
0.314
0.296
0.318
0.316
0.325
0.325
0.310
0.316
0.321
0.319
0.330
0.309
0.299
0.289
0.278
0.294
0.254
0.243
0.217
0.240
0.198
0.215
* 0.273
0.273
0.278
0.284
0.284
0.263
0.255
0.310
0.309
0.319
0.323
0.314
0.297
0.311
0.297
0.297
0.255
0.219
0.228
0.228
0.237
0.233
0.229
0.225
0.225
0.220
* 0.268
0.299
0.311
0.332
0.301
0.302
0.297
0.256
0.295
0.273
0.259
0.227
0.221
0.221
0.240
0.232
0.223
0.223
0.232
* 0.301
0.300
0.322
0.282
0.281
0.319
0.241
0.245
0.214
0.254
0.241
0.318
0.308
0.269
0.310
0.294
0.277
0.278
0.278
0.232
0.301
0.323
0.329
0.311
0.310
0.342
0.323
0.334
0.328
0.323
0.328
0.316
0.329
0.314
0.314
0.311
0.326
0.324
0.311
0.319
0.314
0.288
0.281
0.314
0.295
0.195
0.187
* 0.244
0.329
0.341
0.320
0.314
0.309
0.314
0.261
0.261
0.273
0.273
0.288
0.283
0.283
0.279
0.266
0.290
0.267
0.256
0.245
0.304
0.252
0.263
0.270
0.278
0.254
0.252
0.260
0.248
0.258
0.340
0.330
0.330
0.325
0.282
0.282
0.310
0.314
0.314
0.328
0.290
0.299
0.252
0.240
0.268
0.286
0.319
0.317
0.324
0.327
0.348
0.343
0.343
0.333
0.313
0.302
0.310
0.319
0.311
0.305
0.336
0.314
0.334
0.293
0.331
0.320
0.320
0.211
0.211
* 0.276
0.301
0.301
0.316
0.305
0.313
0.312
0.340
0.329
0.339
0.313
0.303
0.313
0.319
0.330
0.315
0.351
0.324
0.299
0.307
0.319
0.296
0.297
0.335
0.342
0.318
0.317
0.308
0.339
0.303
0.281
0.307
0.297
0.304
0.304
0.301
0.286
0.307
0.324
0.315
0.291
0.291
0.327
0.327
0.278
0.311
0.337
0.324
0.341
0.297
0.335
0.317
0.298
0.282
0.279
0.289
0.301
0.303
0.279
0.279
0.306
0.314
0.314
0.305
0.281
0.293
0.310
0.336
0.311
0.287
0.287
0.315
0.274
0.285
0.326
0.327
0.266
0.216
0.234
* 0.284
0.284
0.322
0.303
0.278
0.281
0.302
0.314
0.301
0.342
0.292
0.311
0.328
0.305
0.325
0.317
0.287
0.276
0.289
0.268
0.257
0.300
0.293
0.313
0.276
0.323
0.322
0.277
0.311
0.295
0.317
0.322
0.285
0.280
0.324
0.312
0.310
0.315
0.309
0.217
0.281
0.285
0.285
0.281
0.321
0.311
0.279
0.305
0.289
0.283
0.312
0.290
0.278
0.283
0.308
0.307
0.268
0.272
0.310
0.285
0.320
0.307
0.327
0.310
0.311
0.306
0.306
0.327
0.314
0.293
0.298
0.336
0.277
0.299
0.321
0.314
0.312
0.312
0.319
0.312
0.309
0.305
0.309
0.307
0.315
0.315
0.336
0.336
0.307
0.307
0.306
0.315
0.342
0.338
0.321
0.339
0.329
0.298
0.224
0.291
0.290
0.303
0.294
0.284
0.249
0.304
0.283
0.331
0.291
0.302
0.318
0.308
0.326
0.309
0.283
0.283
0.273
0.274
0.277
0.275
0.309
0.291
0.303
0.311
0.327
0.330
0.284
0.327
0.341
0.313
0.320
0.339
0.328
0.340
0.341
0.230
0.226
* 0.316
0.333
0.311
0.330
0.361
0.277
0.320
0.331
0.301
0.306
0.278
0.282
0.272
0.300
0.311
0.320
0.322
0.298
0.305
0.344
0.310
0.339
0.339
0.346
0.348
0.314
0.314
0.313
0.313
0.295
0.294
0.318
0.308
0.304
0.288
0.330
0.312
0.313
0.312
0.313
0.356
0.335
0.378
0.338
0.301
0.333
0.309
0.357
0.332
0.317
0.331
0.334
0.314
0.291
0.222
0.247
0.295
0.317
0.317
0.327
0.327
0.340
0.307
0.271
0.224
0.223
0.231
0.229
0.240
0.212
* 0.280
0.300
0.196
0.182
* 0.284
0.277
0.298
0.297
0.321
0.276
0.287
0.280
0.283
0.277
0.290
0.267
0.250
0.234
0.223
0.186
0.215
0.229
0.199
0.235
0.212
0.221
* 0.254
0.254
0.256
0.286
0.286
0.250
0.216
0.216
0.222
0.214
0.228
0.214
0.214
0.222
0.203
0.203
0.210
0.199
0.199
0.212
0.211
0.220
0.224
0.216
0.215
0.234
0.221
* 0.308
0.244
0.252
0.179
0.215
0.196
0.196
* 0.256
0.267
0.272
0.263
0.277
0.251
0.233
0.233
0.232
* 0.252
0.274
0.274
0.315
0.269
0.300
0.336
0.336
0.262
0.280
0.299
0.299
0.326
0.326
0.298
0.253
0.253
0.236
0.297
0.265
0.272
0.279
0.269
0.270
0.271
0.271
0.286
0.213
0.213
0.216
0.210
0.222
0.222
0.197
0.197
0.213
0.210
0.210
* 0.260
0.214
0.191
0.206
* 0.259
0.280
0.278
0.294
0.296
0.296
0.328
0.274
0.313
0.299
0.297
0.320
0.325
0.295
0.314
0.315
0.310
0.310
0.320
0.289
0.289
0.288
0.276
0.294
0.294
0.314
0.304
0.296
0.300
0.296
0.304
0.307
0.340
0.316
0.323
0.310
0.324
0.329
0.343
0.312
0.277
0.248
0.334
0.334
0.362
0.304
0.304
0.256
0.234
0.234
0.238
* 0.256
0.256
0.265
0.215
0.356
0.340
0.373
0.335
0.336
0.336
0.320
0.317
0.353
0.344
0.343
0.343
0.259
0.246
0.336
0.327
0.344
0.307
0.335
0.345
0.325
0.327
0.338
0.321
0.338
0.344
0.342
0.342
0.346
0.325
0.345
0.347
0.358
0.350
0.345
0.345
0.281
0.315
0.325
0.316
0.264
0.268
0.254
0.250
0.250
0.329
0.308
0.334
0.325
0.325
0.333
0.258
0.258
0.302
0.302
0.345
0.342
0.262
0.263
0.282
0.282
0.261
0.261
0.285
0.292
0.292
0.342
0.361
0.343
0.337
0.337
0.334
0.297
0.278
0.278
0.269
0.352
0.367
0.367
0.318
0.359
0.359
0.339
0.291
0.273
0.283
0.242
0.263
0.300
0.319
0.329
0.329
0.314
0.314
0.304
0.324
0.355
0.323
0.323
0.285
0.285
0.254
0.254
0.271
0.276
0.276
0.268
0.288
0.288
0.328
0.308
0.327
0.327
0.348
0.348
0.286
0.286
0.327
0.320
0.320
0.332
0.336
0.325
0.308
0.304
0.324
0.324
0.292
0.317
0.317
0.312
0.293
0.316
0.311
0.301
0.272
0.321
0.321
0.332
0.339
0.306
0.326
0.326
0.322
0.319
0.319
0.319
0.239
0.239
* 0.269
0.292
0.319
0.319
0.311
0.252
0.252
0.266
0.352
0.352
0.339
0.339
0.327
0.323
0.266
0.270
0.263
0.263
0.306
0.357
0.357
0.289
0.340
0.332
0.326
0.326
0.243
0.267
0.267
0.273
0.320
0.316
0.315
0.304
0.332
0.338
0.330
0.330
0.334
0.324
0.336
0.319
0.312
0.320
0.300
0.290
0.290
0.289
0.311
0.276
0.291
0.292
0.285
0.313
0.291
0.278
0.311
0.283
0.280
0.280
0.282
0.284
0.284
0.289
0.297
0.297
0.306
0.301
0.301
0.282
0.300
0.300
0.224
0.291
0.288
0.320
0.312
0.312
0.301
0.313
0.313
0.283
0.301
0.301
0.332
0.328
0.311
0.345
0.341
0.341
0.337
0.325
0.325
0.323
0.300
0.324
0.313
0.302
0.313
0.315
0.325
0.325
0.340
0.293
0.297
0.297
0.300
0.319
0.319
0.303
0.314
0.314
0.329
0.329
0.342
0.348
0.279
0.279
0.345
0.304
0.304
0.325
0.326
0.333
0.333
0.350
0.360
0.347
0.355
0.345
0.308
0.338
0.321
0.365
0.345
0.356
0.356
0.337
0.331
0.328
0.348
0.348
0.339
0.339
0.348
0.367
0.312
0.340
0.295
0.342
0.296
0.287
0.312
0.315
0.356
0.343
0.339
0.350
0.352
0.352
0.356
0.352
0.335
0.350
0.330
0.338
0.334
0.352
0.347
0.344
0.341
0.316
0.309
0.321
0.313
0.356
0.337
0.311
0.308
0.329
0.353
0.327
0.332
0.323
0.341
0.339
0.342
0.323
0.323
0.267
0.291
0.312
0.312
0.333
0.347
0.347
0.340
0.336
0.356
0.356
0.364
0.364
0.335
0.335
0.335
0.335
0.336
0.354
0.354
0.348
0.331
0.328
0.337
0.337
0.325
0.346
0.342
0.342
0.325
0.313
0.313
0.321
0.302
0.302
0.299
0.252
0.252
0.307
0.307
0.293
0.278
0.265
0.265
0.309
0.303
0.303
0.334
0.302
0.303
0.320
0.320
0.324
0.285
0.285
0.308
0.314
0.296
0.284
0.297
0.352
0.352
0.325
0.317
0.317
0.310
0.290
0.290
0.347
0.316
0.281
0.313
0.297
0.296
0.296
0.282
0.288
0.294
0.327
0.351
0.323
0.323
0.298
0.319
0.321
0.321
0.307
0.294
0.294
0.309
0.304
0.326
0.310
0.310
0.227
0.269
0.297
0.341
0.296
0.205
0.205
* 0.242
0.270
0.270
0.251
0.274
0.260
0.254
0.261
0.269
0.269
0.304
0.299
0.315
0.320
0.309
0.316
0.289
0.302
0.304
0.304
0.325
0.301
0.301
0.321
0.338
0.333
0.308
0.307
0.320
0.320
0.320
0.346
0.298
0.298
0.262
0.262
0.262
0.253
0.279
0.279
0.263
0.263
0.270
0.304
0.303
0.319
0.187
0.296
0.319
0.315
0.312
0.319
0.334
0.313
0.271
0.190
0.255
0.296
0.287
0.287
0.302
0.302
0.287
0.303
0.200
0.162
* 0.275
0.275
0.272
0.267
0.299
0.279
0.299
0.299
0.291
0.291
0.309
0.306
0.306
0.164
0.181
* 0.264
0.279
0.313
0.296
0.294
0.294
0.300
0.294
0.294
0.300
0.300
0.310
0.283
0.304
0.285
0.295
0.255
0.292
0.273
0.290
0.303
0.289
0.225
0.282
0.268
0.266
0.280
0.288
0.288
0.289
0.307
0.298
0.290
0.290
0.286
0.311
0.299
0.311
0.309
0.300
0.318
0.325
0.325
0.323
0.315
0.307
0.322
0.312
0.305
0.296
0.297
0.297
0.304
0.301
0.320
0.320
0.316
0.290
0.290
0.292
0.314
0.314
0.290
0.326
0.326
0.314
0.322
0.322
0.314
0.287
0.229
0.234
* 0.261
0.279
0.317
0.294
0.305
0.305
0.301
0.319
0.319
0.301
0.263
0.274
0.267
0.292
0.325
0.313
0.310
0.310
0.297
0.299
0.293
0.293
0.282
0.296
0.311
0.306
0.302
0.315
0.315
0.281
0.260
0.260
0.295
0.284
0.284
0.263
0.296
0.296
0.258
0.258
0.313
0.297
0.275
0.282
0.293
0.309
0.320
0.320
0.273
0.319
0.319
0.329
0.294
0.281
0.325
0.280
0.280
0.305
0.280
0.306
0.287
0.255
0.309
0.314
0.298
0.298
0.282
0.282
0.268
0.284
0.323
0.323
0.306
0.332
0.332
0.300
0.257
0.273
0.273
0.252
0.275
0.276
0.259
0.318
0.256
0.251
0.295
0.290
0.274
0.301
0.301
0.324
0.337
0.316
0.355
0.287
0.317
0.302
0.302
0.290
0.254
0.250
0.247
0.255
0.292
0.291
0.261
0.302
0.248
0.261
0.252
0.305
0.304
0.260
0.238
0.238
* 0.321
0.328
0.308
0.296
0.296
0.356
0.356
0.356
0.336
0.344
0.287
0.304
0.328
0.329
0.359
0.334
0.357
0.354
0.327
0.289
0.307
0.307
0.299
0.351
0.326
0.312
0.343
0.345
0.334
0.334
0.312
0.325
0.325
0.262
0.269
0.281
0.281
0.257
0.306
0.258
0.259
0.286
0.300
0.265
0.280
0.282
0.295
0.278
0.276
0.276
0.305
0.267
0.331
0.318
0.243
0.285
0.303
0.307
0.254
0.280
0.255
0.303
0.235
0.287
0.258
0.258
0.303
0.248
0.293
0.310
0.252
0.252
0.248
0.323
0.284
0.287
0.287
0.302
0.294
0.294
0.303
0.278
0.282
0.316
0.286
0.259
0.258
0.285
0.291
0.291
0.272
0.290
0.290
0.263
0.239
0.239
* 0.275
0.237
0.237
* 0.287
0.293
0.305
0.270
0.295
0.255
0.246
0.298
0.296
0.292
0.262
0.292
0.299
0.303
0.283
0.283
0.266
0.307
0.332
0.322
0.288
0.272
0.295
0.215
0.275
0.299
0.294
0.294
0.305
0.278
0.268
0.258
0.246
0.304
0.349
0.349
0.318
0.336
0.304
0.293
0.293
0.316
0.320
0.286
0.286
0.322
0.263
0.263
0.283
0.295
0.258
0.258
0.266
0.233
0.233
* 0.328
0.268
0.268
0.307
0.307
0.287
0.278
0.279
0.299
0.258
0.261
0.276
0.276
0.276
0.324
0.303
0.291
0.306
0.321
0.311
0.318
0.318
0.337
0.357
0.295
0.315
0.308
0.308
0.308
0.302
0.327
0.344
0.296
0.319
0.318
0.304
0.304
0.333
0.319
0.312
0.308
0.323
0.317
0.317
0.315
0.315
0.347
0.347
0.345
0.299
0.291
0.313
0.339
0.339
0.305
0.313
0.310
0.331
0.331
0.307
0.339
0.303
0.303
0.321
0.320
0.332
0.330
0.356
0.340
0.340
0.334
0.330
0.312
0.292
0.327
0.327
0.278
0.307
0.195
0.243
0.303
0.303
0.318
0.304
0.311
0.338
0.338
0.308
0.292
0.298
0.292
0.293
0.285
0.285
0.314
0.295
0.281
0.290
0.284
0.293
0.264
0.280
0.287
0.287
0.293
0.277
0.295
0.298
0.328
0.334
0.334
0.329
0.329
0.300
0.316
0.323
0.310
0.280
0.340
0.317
0.310
0.247
0.284
0.296
0.296
0.286
0.285
0.265
0.283
0.266
0.293
0.290
0.290
0.289
0.263
0.271
0.275
0.291
0.250
0.256
0.266
0.266
0.296
0.285
0.305
0.280
0.302
0.290
0.290
0.306
0.289
0.287
0.312
0.329
0.329
0.303
0.295
0.321
0.325
0.343
0.320
0.320
0.330
0.324
0.320
0.274
0.318
0.318
0.325
0.327
0.331
0.342
0.324
0.333
0.327
0.308
0.308
0.330
0.315
0.331
0.318
0.324
0.324
0.332
0.286
0.300
0.335
0.335
0.297
0.321
0.315
0.328
0.321
0.321
0.309
0.294
0.306
0.267
0.324
0.324
0.288
0.269
0.284
0.331
0.325
0.332
0.321
0.318
0.290
0.323
0.294
0.287
0.323
0.323
0.322
0.322
0.310
0.334
0.321
0.294
0.337
0.325
0.325
0.313
0.300
0.257
0.228
0.279
0.346
0.323
0.353
0.313
0.313
0.306
0.306
0.333
0.300
0.307
0.297
0.309
0.311
0.300
0.303
0.332
0.330
0.314
0.321
0.259
0.259
0.323
0.307
0.296
0.296
0.269
0.247
0.276
0.292
0.306
0.263
0.297
0.265
0.293
0.296
0.296
0.276
0.265
0.265
0.268
0.280
0.280
0.291
0.279
0.281
0.315
0.310
0.294
0.283
0.283
0.313
0.309
0.347
0.348
0.336
0.323
0.323
0.325
0.309
0.346
0.289
0.314
0.294
0.294
0.297
0.326
0.304
0.321
0.328
0.294
0.332
0.332
0.203
0.263
0.309
0.319
0.315
0.315
0.330
0.336
0.319
0.318
0.318
0.310
0.325
0.325
0.342
0.323
0.347
0.325
0.325
0.327
0.333
0.333
0.317
0.329
0.303
0.303
0.322
0.230
0.264
0.287
0.287
0.302
0.295
0.300
0.309
0.312
0.312
0.305
0.296
0.306
0.305
0.303
0.303
0.306
0.316
0.322
0.319
0.316
0.316
0.331
0.308
0.253
0.253
0.307
0.249
0.249
0.270
0.270
0.278
0.254
0.254
0.248
0.248
0.265
0.237
0.274
0.252
0.257
0.242
0.256
0.317
0.333
0.288
0.303
0.277
0.300
0.280
0.284
0.284
0.296
0.282
0.274
0.273
0.314
0.310
0.294
0.290
0.323
0.294
0.277
0.301
0.339
0.294
0.284
0.316
0.189
0.260
0.339
0.331
0.312
0.301
0.277
0.301
0.286
0.277
0.266
0.286
0.339
0.341
0.269
0.269
0.360
0.288
0.294
0.284
0.300
0.278
0.278
0.279
0.309
0.309
0.319
0.328
0.313
0.321
0.333
0.280
0.304
0.260
0.260
0.286
0.264
0.259
0.267
0.292
0.269
0.280
0.280
0.248
0.291
0.272
0.293
0.300
0.294
0.296
0.296
0.303
0.311
0.326
0.329
0.304
0.310
0.310
0.302
0.325
0.277
0.332
0.256
0.256
0.315
0.336
0.334
0.262
0.238
0.274
0.295
0.330
0.330
0.340
0.326
0.304
0.304
0.340
0.279
0.234
0.298
0.324
0.324
0.306
0.325
0.294
0.291
0.291
0.215
0.307
0.350
0.338
0.334
0.334
0.331
0.346
0.316
0.316
0.351
0.321
0.258
0.253
0.253
0.219
0.286
0.291
0.355
0.355
0.283
0.210
0.234
0.234
* 0.274
0.274
0.262
0.256
0.256
0.268
0.263
0.269
0.269
0.271
0.270
0.233
0.196
0.196
* 0.268
0.268
0.280
0.284
0.284
0.271
0.263
0.274
0.255
0.255
0.233
0.211
0.224
0.202
0.202
0.230
0.215
0.212
0.215
0.215
0.202
0.237
* 0.258
0.258
0.288
0.247
0.263
0.286
0.286
0.281
0.266
0.276
0.301
0.301
0.294
0.277
0.270
0.270
0.260
0.281
0.303
0.289
0.289
0.290
0.316
0.289
0.289
0.280
0.313
0.284
0.327
0.308
0.262
0.249
0.274
0.293
0.261
0.261
0.284
0.295
0.259
0.271
0.302
0.283
0.283
0.301
0.275
0.264
0.238
0.268
0.268
0.292
0.270
0.292
0.277
0.295
0.312
0.283
0.290
0.284
0.330
0.291
0.291
0.297
0.303
0.272
0.272
0.251
0.257
0.266
0.268
0.252
0.232
0.250
0.273
0.273
0.313
0.282
0.271
0.271
0.290
0.276
0.297
0.290
0.291
0.291
0.293
0.292
0.273
0.278
0.279
0.279
0.294
0.281
0.278
0.293
0.272
0.296
0.307
0.307
0.280
0.296
0.264
0.254
0.279
0.298
0.298
0.290
0.286
0.338
0.268
0.283
0.283
0.283
0.288
0.283
0.285
0.285
0.342
0.330
0.333
0.338
0.296
0.296
0.322
0.303
0.299
0.312
0.312
0.314
0.316
0.300
0.318
0.318
0.319
0.320
0.343
0.327
0.250
0.250
0.327
0.344
0.351
0.339
0.339
0.342
0.354
0.320
0.320
0.332
0.332
0.321
0.321
0.331
0.334
0.325
0.315
0.315
0.332
0.319
0.310
0.276
0.276
0.276
0.274
0.293
0.305
0.277
0.265
0.283
0.291
0.291
0.304
0.305
0.300
0.315
0.293
0.278
0.289
0.315
0.301
0.308
0.302
0.302
0.277
0.284
0.273
0.282
0.209
0.209
* 0.288
0.295
0.295
0.276
0.296
0.307
0.310
0.276
0.304
0.285
0.285
0.265
0.301
0.278
0.303
0.274
0.274
0.272
0.309
0.296
0.289
0.286
0.290
0.287
0.283
0.265
0.297
0.297
0.283
0.304
0.276
0.276
0.298
0.293
0.294
0.282
0.282
0.287
0.292
0.296
0.308
0.308
0.313
0.284
0.293
0.295
0.295
0.301
0.308
0.280
0.278
0.254
0.282
0.281
0.273
0.260
0.231
0.258
0.272
0.322
0.293
0.325
0.332
0.280
0.307
0.292
0.281
0.286
0.279
0.279
0.310
0.298
0.320
0.296
0.280
0.289
0.296
0.302
0.324
0.308
0.311
0.278
0.267
0.210
0.210
* 0.248
0.276
0.272
0.301
0.301
0.277
0.287
0.292
0.291
0.291
0.296
0.298
0.307
0.316
0.316
0.296
0.317
0.293
0.300
0.300
0.339
0.291
0.301
0.287
0.290
0.290
0.269
0.328
0.222
0.254
0.259
0.277
0.264
0.264
0.355
0.334
0.345
0.261
0.324
0.324
0.259
0.228
0.245
0.272
0.336
0.315
0.252
0.252
0.313
0.321
0.311
0.293
0.318
0.260
0.296
0.251
0.283
0.311
0.313
0.315
0.315
0.307
0.291
0.263
0.274
0.284
0.311
0.311
0.251
0.305
0.310
0.307
0.284
0.264
0.264
0.287
0.295
0.293
0.313
0.298
0.289
0.313
0.312
0.312
0.309
0.319
0.256
0.289
0.289
0.323
0.338
0.311
0.305
0.290
0.290
0.334
0.327
0.314
0.315
0.335
0.335
0.284
0.295
0.301
0.294
0.313
0.313
0.325
0.310
0.313
0.293
0.298
0.303
0.329
0.305
0.294
0.333
0.264
0.265
0.346
0.324
0.324
0.309
0.302
0.273
0.320
0.327
0.327
0.324
0.285
0.291
0.318
0.322
0.336
0.283
0.304
0.302
0.311
0.311
0.284
0.300
0.285
0.267
0.263
0.273
0.291
0.300
0.259
0.273
0.301
0.301
0.312
0.304
0.336
0.319
0.338
0.335
0.333
0.333
0.300
0.305
0.303
0.311
0.305
0.302
0.299
0.299
0.334
0.334
0.324
0.335
0.305
0.311
0.321
0.300
0.266
0.266
0.304
0.280
0.300
0.310
0.310
0.291
0.314
0.299
0.299
0.299
0.301
0.225
0.220
* 0.286
0.286
0.273
0.282
0.275
0.280
0.254
0.259
0.259
0.286
0.302
0.282
0.290
0.286
0.286
0.295
0.281
0.294
0.303
0.313
0.313
0.313
0.279
0.265
0.287
0.272
0.261
0.265
0.263
0.306
0.313
0.300
0.261
0.267
0.267
0.282
0.330
0.329
0.312
0.312
0.296
0.258
0.283
0.283
0.247
0.247
0.247
0.244
0.288
0.285
0.267
0.311
0.267
0.267
0.276
0.283
0.307
0.308
0.293
0.293
0.280
0.289
0.293
0.280
0.286
0.300
0.300
0.306
0.345
0.330
0.315
0.312
0.325
0.325
0.302
0.263
0.239
0.263
0.259
0.259
0.295
0.296
0.315
0.316
0.316
0.315
0.325
0.305
0.330
0.301
0.301
0.294
0.299
0.317
0.309
0.313
0.313
0.321
0.302
0.282
0.293
0.298
0.327
0.330
0.330
0.315
0.312
0.319
0.318
0.318
0.310
0.327
0.321
0.314
0.314
0.280
0.312
0.323
0.316
0.319
0.319
0.333
0.311
0.329
0.339
0.283
0.296
0.300
0.288
0.294
0.294
0.303
0.302
0.337
0.296
0.296
0.298
0.298
0.292
0.292
0.290
0.267
0.277
0.270
0.290
0.298
0.308
0.308
0.271
0.250
0.272
0.272
0.270
0.270
0.291
0.277
0.277
0.284
0.284
0.270
0.270
0.275
0.284
0.279
0.279
0.275
0.275
0.274
0.286
0.290
0.281
0.300
0.300
0.278
0.288
0.277
0.282
0.282
0.303
0.292
0.299
0.287
0.287
0.309
0.297
0.281
0.283
0.279
0.279
0.290
0.270
0.282
0.265
0.265
0.279
0.287
0.282
0.277
0.272
0.272
0.274
0.276
0.289
0.289
0.289
0.270
0.280
0.284
0.277
0.287
0.287
0.281
0.198
0.272
0.287
0.281
0.281
0.296
0.314
0.294
0.247
0.309
0.337
0.302
0.282
0.282
0.311
0.236
0.249
0.292
0.292
0.300
0.290
0.325
0.306
0.321
0.306
0.323
0.323
0.305
0.307
0.321
0.318
0.318
0.314
0.305
0.282
0.287
0.287
0.289
0.306
0.349
0.316
0.316
0.330
0.272
0.354
0.354
0.336
0.286
0.347
0.334
0.334
0.290
0.335
0.309
0.289
0.290
0.290
0.306
0.297
0.300
0.300
0.320
0.281
0.309
0.309
0.294
0.269
0.282
0.282
0.324
0.304
0.303
0.300
0.300
0.290
0.310
0.269
0.295
0.315
0.298
0.298
0.298
0.257
0.297
0.311
0.311
0.303
0.314
0.324
0.331
0.317
0.324
0.324
0.289
0.320
0.296
0.304
0.261
0.261
0.304
0.302
0.293
0.260
0.272
0.285
0.281
0.267
0.274
0.254
0.254
0.272
0.317
0.297
0.277
0.277
0.312
0.312
0.305
0.310
0.310
0.321
0.274
0.286
0.262
0.306
0.317
0.329
0.298
0.314
0.327
0.316
0.312
0.268
0.270
0.266
0.286
0.286
0.271
0.265
0.325
0.325
0.269
0.281
0.301
0.265
0.315
0.266
0.266
0.294
0.306
0.339
0.342
0.327
0.336
0.277
0.277
0.287
0.276
0.264
0.299
0.299
0.308
0.300
0.290
0.290
0.292
0.290
0.302
0.280
0.302
0.302
0.296
0.302
0.299
0.285
0.258
0.273
0.273
0.331
0.331
0.286
0.266
0.266
0.270
0.287
0.265
0.302
0.302
0.282
0.317
0.298
0.304
0.302
0.285
0.285
0.254
0.254
0.247
0.244
0.307
0.295
0.310
0.340
0.313
0.319
0.295
0.286
0.280
0.284
0.265
0.265
0.264
0.276
0.269
0.256
0.267
0.235
0.275
0.316
0.297
0.297
0.272
0.305
0.329
0.280
0.312
0.312
0.275
0.252
0.258
0.197
0.258
0.286
0.263
0.292
0.280
0.272
0.290
0.264
0.291
0.291
0.321
0.321
0.285
0.279
0.287
0.305
0.304
0.303
0.286
0.272
0.276
0.294
0.264
0.309
0.309
0.281
0.281
0.321
0.258
0.272
0.214
0.241
0.308
0.295
0.307
0.265
0.265
0.265
0.276
0.274
0.254
0.265
0.211
0.211
0.186
0.237
* 0.296
0.281
0.281
0.309
0.312
0.265
0.239
0.257
0.257
0.243
0.268
0.245
0.265
0.265
0.236
0.263
0.263
0.263
0.292
0.228
0.227
* 0.244
0.244
0.262
0.229
0.277
0.246
0.263
0.287
0.287
0.290
0.327
0.309
0.292
0.292
0.258
0.270
0.230
0.244
0.244
0.263
0.317
0.276
0.270
0.283
0.283
0.284
0.305
0.298
0.252
0.266
0.220
0.220
* 0.272
0.293
0.252
0.254
0.277
0.281
0.281
0.280
0.245
0.247
0.247
0.295
0.266
0.287
0.287
0.272
0.329
0.286
0.297
0.318
0.318
0.251
0.322
0.322
0.314
0.288
0.324
0.324
0.317
0.307
0.307
0.257
0.320
0.320
0.322
0.331
0.318
0.318
0.327
0.342
0.341
0.323
0.331
0.265
0.303
0.339
0.292
0.260
0.246
0.307
0.275
0.308
0.270
0.269
0.224
0.246
0.244
0.200
0.220
* 0.272
0.272
0.328
0.337
0.270
0.282
0.259
0.274
0.259
0.259
0.262
0.317
0.336
0.300
0.283
0.283
0.316
0.288
0.319
0.286
0.289
0.289
0.283
0.325
0.338
0.340
0.340
0.300
0.268
0.300
0.316
0.289
0.276
0.306
0.336
0.336
0.335
0.326
0.319
0.250
0.202
0.202
* 0.289
0.281
0.283
0.276
0.264
0.258
0.282
0.312
0.312
0.295
0.335
0.320
0.335
0.318
0.318
0.322
0.333
0.304
0.289
0.267
0.267
0.312
0.287
0.295
0.316
0.280
0.305
0.305
0.286
0.276
0.278
0.321
0.304
0.304
0.270
0.251
0.244
0.244
0.324
0.321
0.289
0.289
0.347
0.337
0.355
0.317
0.297
0.297
0.318
0.317
0.298
0.293
0.282
0.314
0.301
0.296
0.310
0.291
0.296
0.272
0.259
0.259
0.270
0.282
0.331
0.309
0.297
0.316
0.312
0.312
0.333
0.340
0.300
0.288
0.335
0.332
0.332
0.332
0.328
0.339
0.304
0.304
0.327
0.299
0.281
0.281
0.312
0.312
0.310
0.285
0.293
0.274
0.289
0.295
0.294
0.272
0.285
0.330
0.261
0.254
0.346
0.342
0.268
0.318
0.303
0.320
0.274
0.289
0.296
0.293
0.313
0.312
0.326
0.333
0.333
0.327
0.328
0.308
0.323
0.330
0.273
0.291
0.311
0.224
0.265
0.363
0.271
0.271
0.289
0.289
0.291
0.291
0.278
0.264
0.281
0.275
0.267
0.254
0.261
0.261
0.286
0.289
0.289
0.282
0.321
0.279
0.276
0.312
0.288
0.301
0.303
0.274
0.286
0.248
0.275
0.290
0.285
0.285
0.351
0.286
0.288
0.302
0.302
0.254
0.248
0.248
0.343
0.343
0.301
0.288
0.281
0.298
0.317
0.340
0.315
0.277
0.283
0.272
0.290
0.266
0.266
0.210
0.276
0.292
0.294
0.298
0.250
0.232
0.300
0.300
0.323
0.290
0.269
0.281
0.281
0.311
0.292
0.293
0.308
0.307
0.274
0.266
0.297
0.297
0.313
0.304
0.317
0.298
0.298
0.301
0.295
0.296
0.262
0.306
0.302
0.299
0.299
0.307
0.304
0.295
0.309
0.280
0.297
0.331
0.331
0.315
0.290
0.311
0.294
0.294
0.273
0.304
0.287
0.287
0.279
0.317
0.303
0.331
0.268
0.268
0.328
0.328
0.320
0.320
0.360
0.314
0.306
0.311
0.311
0.319
0.331
0.317
0.317
0.303
0.319
0.324
0.342
0.342
0.331
0.337
0.338
0.338
0.310
0.355
0.355
0.365
0.315
0.325
0.325
0.343
0.307
0.317
0.320
0.322
0.306
0.342
0.308
0.289
0.289
0.262
0.310
0.299
0.296
0.275
0.277
0.300
0.314
0.324
0.321
0.321
0.312
0.332
0.332
0.292
0.299
0.293
0.286
0.313
0.323
0.307
0.301
0.311
0.311
0.283
0.280
0.295
0.278
0.289
0.289
0.299
0.299
0.292
0.298
0.284
0.300
0.307
0.296
0.296
0.303
0.297
0.304
0.301
0.302
0.296
0.296
0.291
0.294
0.299
0.269
0.299
0.304
0.304
0.286
0.286
0.314
0.314
0.372
0.349
0.354
0.354
0.334
0.303
0.288
0.297
0.284
0.311
0.311
0.270
0.263
0.274
0.296
0.296
0.280
0.280
0.262
0.317
0.285
0.303
0.309
0.317
0.288
0.310
0.216
0.216
* 0.247
0.271
0.262
0.271
0.284
0.264
0.275
0.341
0.341
0.309
0.304
0.300
0.340
0.312
0.302
0.288
0.288
0.331
0.323
0.298
0.295
0.313
0.307
0.307
0.289
0.264
0.287
0.287
0.299
0.307
0.306
0.294
0.281
0.281
0.301
0.280
0.262
0.277
0.277
0.193
0.207
* 0.250
0.281
0.281
0.301
0.271
0.271
0.236
0.312
0.314
0.300
0.294
0.273
0.305
0.304
0.315
0.321
0.309
0.307
0.307
0.292
0.300
0.277
0.259
0.268
0.274
0.262
0.288
0.297
0.257
0.262
0.270
0.266
0.289
0.319
0.319
0.334
0.318
0.318
0.316
0.326
0.300
0.315
0.296
0.290
0.290
0.282
0.245
0.241
0.241
0.291
0.311
0.284
0.302
0.269
0.269
0.302
0.324
0.293
0.318
0.318
0.318
0.314
0.283
0.286
0.286
0.258
0.269
0.258
0.258
0.264
0.256
0.256
0.290
0.290
0.257
0.236
0.249
0.226
0.226
* 0.317
0.322
0.319
0.325
0.325
0.332
0.323
0.337
0.314
0.329
0.329
0.279
0.275
0.272
0.238
0.244
0.244
0.255
0.324
0.305
0.343
0.332
0.332
0.247
0.228
0.230
* 0.255
0.255
0.247
0.222
0.254
0.249
0.262
0.250
0.250
0.321
0.320
0.325
0.300
0.307
0.331
0.331
0.328
0.327
0.289
0.284
0.296
0.296
0.289
0.313
0.330
0.320
0.273
0.273
0.313
0.312
0.284
0.284
0.305
0.311
0.278
0.306
0.306
0.294
0.339
0.291
0.291
0.301
0.311
0.306
0.263
0.268
0.316
0.316
0.309
0.267
0.331
0.303
0.341
0.343
0.339
0.339
0.316
0.336
0.298
0.254
0.254
0.254
0.335
0.332
0.328
0.323
0.324
0.297
0.309
0.309
0.286
0.272
0.265
0.286
0.302
0.239
0.290
0.293
0.293
0.297
0.305
0.299
0.316
0.292
0.289
0.289
0.313
0.313
0.279
0.336
0.336
0.305
0.305
0.294
0.283
0.256
0.295
0.315
0.307
0.308
0.303
0.315
0.336
0.309
0.278
0.328
0.301
0.301
0.312
0.314
0.278
0.306
0.301
0.320
0.319
0.305
0.321
0.319
0.319
0.298
0.298
0.296
0.328
0.328
0.308
0.313
0.341
0.310
0.310
0.313
0.314
0.327
0.319
0.319
0.299
0.306
0.306
0.304
0.303
0.303
0.303
0.310
0.310
0.313
0.333
0.333
0.326
0.333
0.333
0.345
0.313
0.313
0.319
0.327
0.327
0.299
0.329
0.301
0.269
0.312
0.288
0.292
0.277
0.296
0.266
0.309
0.309
0.294
0.290
0.258
0.284
0.286
0.282
0.282
0.297
0.291
0.279
0.270
0.305
0.305
0.287
0.300
0.178
0.251
0.272
0.278
0.278
0.273
0.293
0.293
0.319
0.289
0.310
0.310
0.315
0.308
0.302
0.275
0.283
0.262
0.284
0.284
0.263
0.288
0.295
0.280
0.279
0.276
0.276
0.275
0.221
0.288
0.297
0.297
0.309
0.311
0.303
0.302
0.295
0.266
0.277
0.277
0.296
0.286
0.251
0.251
0.301
0.310
0.317
0.317
0.322
0.284
0.292
0.297
0.303
0.297
0.286
0.286
0.252
0.255
0.268
0.265
0.275
0.283
0.283
0.271
0.226
0.292
0.257
0.299
0.297
0.297
0.300
0.228
0.250
0.218
0.282
0.222
0.219
* 0.242
0.291
0.337
0.337
0.317
0.311
0.288
0.273
0.283
0.264
0.264
0.322
0.302
0.321
0.308
0.250
0.277
0.275
0.325
0.356
0.356
0.300
0.294
0.294
0.330
0.311
0.317
0.317
0.309
0.308
0.290
0.354
0.335
0.334
0.320
0.306
0.338
0.338
0.298
0.304
0.332
0.319
0.324
0.318
0.329
0.329
0.311
0.328
0.328
0.302
0.323
0.336
0.326
0.326
0.338
0.330
0.320
0.320
0.323
0.337
0.321
0.321
0.329
0.321
0.274
0.274
0.279
0.337
0.349
0.333
0.314
0.326
0.311
0.307
0.313
0.313
0.325
0.299
0.319
0.270
0.270
0.279
0.325
0.333
0.323
0.310
0.310
0.315
0.320
0.321
0.335
0.294
0.294
0.297
0.315
0.329
0.292
0.314
0.314
0.312
0.340
0.346
0.330
0.314
0.314
0.307
0.316
0.283
0.283
0.318
0.288
0.300
0.273
0.344
0.344
0.264
0.301
0.301
0.301
0.314
0.319
0.320
0.308
0.308
0.295
0.325
0.315
0.308
0.308
0.330
0.302
0.340
0.321
0.321
0.302
0.329
0.305
0.312
0.306
0.294
0.248
0.269
0.269
0.298
0.290
0.280
0.302
0.302
0.290
0.309
0.302
0.310
0.314
0.314
0.313
0.314
0.316
0.316
0.313
0.305
0.304
0.297
0.334
0.334
0.305
0.309
0.280
0.310
0.295
0.310
0.312
0.310
0.317
0.302
0.302
0.315
0.295
0.332
0.316
0.309
0.304
0.289
0.289
0.298
0.273
0.296
0.323
0.323
0.297
0.297
0.288
0.311
0.269
0.318
0.292
0.320
0.335
0.296
0.310
0.310
0.311
0.311
0.311
0.311
0.296
0.316
0.316
0.306
0.298
0.299
0.296
0.304
0.307
0.287
0.314
0.308
0.327
0.327
0.292
0.285
0.285
0.276
0.304
0.314
0.313
0.327
0.297
0.297
0.318
0.330
0.316
0.343
0.343
0.321
0.293
0.313
0.293
0.280
0.280
0.297
0.298
0.287
0.301
0.301
0.315
0.334
0.300
0.312
0.310
0.310
0.307
0.313
0.309
0.339
0.324
0.312
0.312
0.318
0.307
0.300
0.312
0.307
0.297
0.298
0.289
0.308
0.318
0.318
0.330
0.335
0.273
0.282
0.282
0.258
0.209
0.242
0.317
0.317
0.309
0.292
0.297
0.309
0.280
0.280
0.294
0.280
0.309
0.295
0.292
0.292
0.315
0.282
0.266
0.312
0.312
0.326
0.347
0.347
0.291
0.291
0.341
0.304
0.336
0.312
0.304
0.343
0.343
0.321
0.321
0.322
0.301
0.281
0.281
0.293
0.289
0.294
0.298
0.298
0.328
0.326
0.288
0.304
0.337
0.338
0.334
0.334
0.286
0.331
0.322
0.314
0.314
0.317
0.328
0.283
0.254
0.254
0.272
0.346
0.346
0.356
0.331
0.339
0.333
0.333
0.322
0.331
0.311
0.311
0.310
0.295
0.287
0.332
0.333
0.329
0.321
0.321
0.309
0.335
0.319
0.323
0.300
0.328
0.293
0.273
0.288
0.297
0.296
0.294
0.336
0.311
0.311
0.316
0.374
0.364
0.364
0.280
0.288
0.288
0.260
0.286
0.288
0.271
0.271
0.283
0.276
0.288
0.286
0.252
0.258
0.307
0.279
0.264
0.298
0.315
0.351
0.351
0.340
0.339
0.330
0.291
0.312
0.312
0.303
0.311
0.312
0.308
0.308
0.316
0.293
0.300
0.307
0.307
0.307
0.314
0.311
0.306
0.315
0.315
0.321
0.304
0.306
0.320
0.313
0.312
0.312
0.330
0.325
0.321
0.324
0.309
0.309
0.311
0.323
0.319
0.317
0.317
0.313
0.327
0.316
0.323
0.317
0.317
0.288
0.213
0.270
0.250
0.243
0.243
0.272
0.213
0.257
0.286
0.306
0.308
0.336
0.336
0.310
0.322
0.301
0.306
0.280
0.280
0.320
0.321
0.307
0.341
0.341
0.326
0.337
0.343
0.343
0.302
0.324
0.286
0.309
0.309
0.330
0.285
0.312
0.280
0.280
0.306
0.312
0.316
0.295
0.295
0.321
0.303
0.327
0.334
0.334
0.328
0.291
0.326
0.326
0.311
0.345
0.345
0.340
0.346
0.328
0.344
0.344
0.334
0.356
0.329
0.297
0.325
0.316
0.335
0.319
0.251
0.258
0.267
0.253
0.286
0.286
0.229
0.284
0.303
0.305
0.305
0.256
0.238
0.261
0.251
0.251
0.275
0.330
0.330
0.326
0.311
0.186
0.193
0.238
* 0.244
0.299
0.274
0.269
0.260
0.199
0.204
0.204
0.220
0.220
0.228
0.221
0.209
0.226
0.236
* 0.254
0.254
0.256
0.291
0.301
0.331
0.297
0.307
0.305
0.304
0.301
0.310
0.299
0.302
0.302
0.335
0.317
0.303
0.317
0.287
0.287
0.322
0.318
0.299
0.279
0.305
0.305
0.311
0.287
0.164
0.278
0.288
0.296
0.278
0.277
0.312
0.313
0.309
0.306
0.281
0.281
0.291
0.299
0.286
0.290
0.325
0.325
0.286
0.280
0.280
0.283
0.273
0.306
0.306
0.287
0.311
0.290
0.299
0.299
0.290
0.277
0.298
0.300
0.291
0.287
0.281
0.272
0.272
0.284
0.262
0.272
0.284
0.292
0.292
0.294
0.251
0.185
0.252
0.268
0.233
0.267
0.290
0.300
0.291
0.268
0.292
0.256
0.256
0.280
0.291
0.302
0.302
0.316
0.209
0.209
* 0.297
0.295
0.295
0.296
0.323
0.316
0.288
0.310
0.310
0.301
0.318
0.318
0.288
0.308
0.298
0.297
0.297
0.321
0.335
0.324
0.318
0.338
0.326
0.310
0.322
0.322
0.302
0.318
0.307
0.281
0.301
0.298
0.298
0.254
0.225
0.268
0.284
0.309
0.315
0.315
0.314
0.312
0.333
0.303
0.293
0.318
0.337
0.305
0.322
0.337
0.322
0.323
0.311
0.311
0.258
0.304
0.316
0.304
0.270
0.298
0.349
0.349
0.307
0.299
0.317
0.311
0.303
0.303
0.300
0.304
0.276
0.280
0.292
0.306
0.300
0.319
0.306
0.289
0.289
0.281
0.322
0.307
0.321
0.290
0.310
0.307
0.264
0.296
0.247
0.288
0.288
0.263
0.231
0.292
0.292
0.324
0.313
0.318
0.323
0.323
0.320
0.264
0.224
0.269
0.289
0.289
0.286
0.295
0.306
0.300
0.241
0.241
0.176
0.291
0.299
0.292
0.301
0.301
0.288
0.278
0.292
0.292
0.292
0.222
0.267
0.318
0.303
0.320
0.320
0.323
0.308
0.271
0.245
0.245
0.293
0.292
0.297
0.306
0.307
0.307
0.302
0.285
0.310
0.309
0.288
0.288
0.284
0.292
0.232
0.238
* 0.270
0.270
0.282
0.276
0.263
0.287
0.287
0.298
0.305
0.286
0.236
0.236
* 0.253
0.271
0.302
0.302
0.306
0.280
0.281
0.304
0.304
0.293
0.301
0.306
0.306
0.284
0.268
0.296
0.274
0.274
0.278
0.273
0.268
0.282
0.282
0.208
0.208
* 0.287
0.269
0.269
0.302
0.300
0.235
0.216
* 0.248
0.286
0.280
0.312
0.284
0.308
0.293
0.259
0.241
0.203
0.215
0.188
0.196
0.197
* 0.260
0.247
0.253
0.256
0.290
0.257
0.267
0.279
0.272
0.293
0.306
0.266
0.216
0.239
* 0.263
0.287
0.287
0.302
0.300
0.286
0.286
0.318
0.294
0.287
0.299
0.271
0.271
0.294
0.267
0.267
0.243
0.275
0.241
0.255
0.258
0.258
0.277
0.256
0.271
0.271
0.273
0.185
0.206
* 0.290
0.290
0.280
0.296
0.279
0.313
0.313
0.303
0.279
0.262
0.268
0.268
0.284
0.264
0.255
0.255
0.284
0.294
0.270
0.294
0.294
0.280
0.279
0.277
0.279
0.272
0.272
0.282
0.266
0.264
0.264
0.235
0.250
0.266
0.274
0.274
0.268
0.185
0.185
0.219
* 0.276
0.266
0.277
0.277
0.275
0.285
0.256
0.256
0.255
0.189
0.230
0.230
* 0.265
0.285
0.285
0.285
0.265
0.285
0.283
0.296
0.287
0.287
0.290
0.284
0.284
0.292
0.292
0.277
0.268
0.298
0.298
0.309
0.236
0.210
* 0.301
0.301
0.310
0.300
0.309
0.296
0.296
0.283
0.284
0.261
0.226
0.226
0.236
* 0.254
0.281
0.280
0.280
0.268
0.278
0.291
0.271
0.271
0.253
0.245
0.222
0.239
0.239
0.217
0.212
