0.287 0.240
0.305 0.240
0.289 0.240
0.258 0.240
0.272 0.240
0.332 0.240
0.321 0.240
0.314 0.240
0.308 0.240
0.295 0.240
0.288 0.240
0.277 0.240
0.288 0.240
0.286 0.240
0.265 0.240
0.299 0.240
0.299 0.240
0.300 0.240
0.312 0.240
0.315 0.240
0.308 0.240
0.302 0.240
0.309 0.240
0.297 0.240
0.285 0.240
0.287 0.240
0.190 0.240
0.244 0.240
0.264 0.240
0.299 0.240
0.277 0.240
0.292 0.240
0.274 0.240
0.270 0.240
0.211 0.240
0.210 0.240
* 0.279 0.240
0.273 0.240
0.279 0.240
0.315 0.240
0.274 0.240
0.193 0.240
0.210 0.240
0.201 0.240
* 0.290 0.240
0.282 0.240
0.288 0.240
0.279 0.240
0.311 0.240
0.265 0.240
0.296 0.240
0.303 0.240
0.253 0.240
0.276 0.240
0.280 0.240
0.334 0.240
0.315 0.240
0.337 0.240
0.305 0.240
0.303 0.240
0.281 0.240
0.295 0.240
0.286 0.240
0.256 0.240
0.273 0.240
0.272 0.240
0.296 0.240
0.300 0.240
0.295 0.240
0.305 0.240
0.265 0.240
0.230 0.240
0.312 0.240
0.320 0.240
0.306 0.240
0.332 0.240
0.304 0.240
0.316 0.240
0.283 0.240
0.233 0.240
0.263 0.240
0.305 0.240
0.303 0.240
0.303 0.240
0.320 0.240
0.309 0.240
0.300 0.240
0.223 0.240
0.281 0.240
0.312 0.240
0.284 0.240
0.314 0.240
0.287 0.240
0.292 0.240
0.290 0.240
0.308 0.240
0.295 0.240
0.293 0.240
0.320 0.240
0.294 0.240
0.303 0.240
0.267 0.240
0.297 0.240
0.305 0.240
0.292 0.240
0.285 0.240
0.312 0.240
0.264 0.240
0.253 0.240
0.282 0.240
0.278 0.240
0.276 0.240
0.258 0.240
0.272 0.240
0.258 0.240
0.246 0.240
0.256 0.240
0.268 0.240
0.279 0.240
0.269 0.240
0.273 0.240
0.255 0.240
0.251 0.240
0.262 0.240
0.253 0.240
0.245 0.240
0.278 0.240
0.297 0.240
0.278 0.240
0.259 0.240
0.253 0.240
0.277 0.240
0.279 0.240
0.306 0.240
0.284 0.240
0.291 0.240
0.324 0.240
0.313 0.240
0.313 0.240
0.291 0.240
0.268 0.240
0.286 0.240
0.265 0.240
0.296 0.240
0.294 0.240
0.288 0.240
0.300 0.240
0.289 0.240
0.313 0.240
0.333 0.240
0.331 0.240
0.318 0.240
0.314 0.240
0.298 0.240
0.291 0.240
0.290 0.240
0.283 0.240
0.323 0.240
0.266 0.240
0.268 0.240
0.280 0.240
0.282 0.240
0.289 0.240
0.277 0.240
0.285 0.240
0.279 0.240
0.273 0.240
0.286 0.240
0.294 0.240
0.280 0.240
0.294 0.240
0.273 0.240
0.298 0.240
0.300 0.240
0.279 0.240
0.278 0.240
0.298 0.240
0.287 0.240
0.265 0.240
0.273 0.240
0.305 0.240
0.277 0.240
0.275 0.240
0.305 0.240
0.265 0.240
0.307 0.240
0.270 0.240
0.260 0.240
0.291 0.240
0.281 0.240
0.258 0.240
0.258 0.240
0.266 0.240
0.261 0.240
0.283 0.240
0.270 0.240
0.266 0.240
0.262 0.240
0.253 0.240
0.286 0.240
0.266 0.240
0.283 0.240
0.259 0.240
0.247 0.240
0.289 0.240
0.217 0.240
0.217 0.240
0.233 0.240
* 0.264 0.240
0.289 0.240
0.294 0.240
0.231 0.240
0.236 0.240
* 0.290 0.240
0.292 0.240
0.290 0.240
0.285 0.240
0.277 0.240
0.290 0.240
0.277 0.240
0.263 0.240
0.263 0.240
0.290 0.240
0.238 0.240
0.293 0.240
0.300 0.240
0.337 0.240
0.325 0.240
0.289 0.240
0.261 0.240
0.292 0.240
0.305 0.240
0.294 0.240
0.272 0.240
0.240 0.240
0.251 0.240
0.273 0.240
0.269 0.240
0.270 0.240
0.262 0.240
0.245 0.240
0.256 0.240
0.259 0.240
0.245 0.240
0.261 0.240
0.250 0.240
0.279 0.240
0.302 0.240
0.259 0.240
0.259 0.240
0.293 0.240
0.240 0.240
0.268 0.240
0.295 0.240
0.277 0.240
0.261 0.240
0.262 0.240
0.261 0.240
0.269 0.240
0.256 0.240
0.260 0.240
0.288 0.240
0.312 0.240
0.305 0.240
0.243 0.240
0.269 0.240
0.292 0.240
0.313 0.240
0.279 0.240
0.266 0.240
0.288 0.240
0.289 0.240
0.267 0.240
0.304 0.240
0.296 0.240
0.291 0.240
0.310 0.240
0.282 0.240
0.298 0.240
0.314 0.240
0.329 0.240
0.312 0.240
0.299 0.240
0.307 0.240
0.296 0.240
0.274 0.240
0.280 0.240
0.264 0.240
0.320 0.240
0.308 0.240
0.297 0.240
0.286 0.240
0.264 0.240
0.295 0.240
0.272 0.240
0.283 0.240
0.277 0.240
0.307 0.240
0.307 0.240
0.305 0.240
0.316 0.240
0.305 0.240
0.299 0.240
0.294 0.240
0.320 0.240
0.271 0.240
0.287 0.240
0.293 0.240
0.288 0.240
0.301 0.240
0.267 0.240
0.282 0.240
0.304 0.240
0.282 0.240
0.287 0.240
0.301 0.240
0.309 0.240
0.313 0.240
0.326 0.240
0.298 0.240
0.282 0.240
0.289 0.240
0.220 0.240
0.280 0.240
0.289 0.240
0.307 0.240
0.320 0.240
0.311 0.240
0.290 0.240
0.299 0.240
0.298 0.240
0.311 0.240
0.289 0.240
0.322 0.240
0.303 0.240
0.321 0.240
0.295 0.240
0.313 0.240
0.341 0.240
0.290 0.240
0.298 0.240
0.296 0.240
0.302 0.240
0.303 0.240
0.272 0.240
0.259 0.240
0.285 0.240
0.284 0.240
0.294 0.240
0.296 0.240
0.294 0.240
0.330 0.240
0.294 0.240
0.283 0.240
0.325 0.240
0.317 0.240
0.301 0.240
0.306 0.240
0.263 0.240
0.283 0.240
0.297 0.240
0.261 0.240
0.266 0.240
0.253 0.240
0.248 0.240
0.274 0.240
0.284 0.240
0.267 0.240
0.261 0.240
0.256 0.240
0.289 0.240
0.276 0.240
0.295 0.240
0.262 0.240
0.240 0.240
0.286 0.240
0.289 0.240
0.290 0.240
0.284 0.240
0.300 0.240
0.311 0.240
0.292 0.240
0.270 0.240
0.264 0.240
0.256 0.240
0.265 0.240
0.283 0.240
0.272 0.240
0.320 0.240
0.298 0.240
0.320 0.240
0.309 0.240
0.284 0.240
0.298 0.240
0.332 0.240
0.308 0.240
0.303 0.240
0.302 0.240
0.298 0.240
0.288 0.240
0.306 0.240
0.314 0.240
0.302 0.240
0.298 0.240
0.280 0.240
0.284 0.240
0.279 0.240
0.301 0.240
0.308 0.240
0.304 0.240
0.316 0.240
0.288 0.240
0.281 0.240
0.296 0.240
0.297 0.240
0.302 0.240
0.307 0.240
0.325 0.240
0.296 0.240
0.300 0.240
0.304 0.240
0.294 0.240
0.302 0.240
0.300 0.240
0.284 0.240
0.277 0.240
0.304 0.240
0.316 0.240
0.318 0.240
0.283 0.240
0.309 0.240
0.309 0.240
0.281 0.240
0.281 0.240
0.277 0.240
0.295 0.240
0.308 0.240
0.288 0.240
0.314 0.240
0.287 0.240
0.290 0.240
0.289 0.240
0.291 0.240
0.273 0.240
0.256 0.240
0.278 0.240
0.242 0.240
0.240 0.240
0.251 0.240
0.217 0.240
0.272 0.240
0.267 0.240
0.269 0.240
0.264 0.240
0.281 0.240
0.276 0.240
0.283 0.240
0.298 0.240
0.276 0.240
0.260 0.240
0.238 0.240
0.273 0.240
0.259 0.240
0.254 0.240
0.268 0.240
0.298 0.240
0.293 0.240
0.296 0.240
0.298 0.240
0.303 0.240
0.306 0.240
0.311 0.240
0.305 0.240
0.316 0.240
0.292 0.240
0.315 0.240
0.305 0.240
0.271 0.240
0.281 0.240
0.291 0.240
0.272 0.240
0.254 0.240
0.285 0.240
0.280 0.240
0.277 0.240
0.275 0.240
0.284 0.240
0.286 0.240
0.296 0.240
0.280 0.240
0.310 0.240
0.300 0.240
0.313 0.240
0.312 0.240
0.320 0.240
0.313 0.240
0.325 0.240
0.314 0.240
0.335 0.240
0.319 0.240
0.311 0.240
0.314 0.240
0.310 0.240
0.361 0.240
0.311 0.240
0.298 0.240
0.306 0.240
0.289 0.240
0.273 0.240
0.290 0.240
0.278 0.240
0.305 0.240
0.295 0.240
0.301 0.240
0.291 0.240
0.314 0.240
0.316 0.240
0.285 0.240
0.295 0.240
0.331 0.240
0.326 0.240
0.289 0.240
0.299 0.240
0.299 0.240
0.300 0.240
0.338 0.240
0.322 0.240
0.308 0.240
0.332 0.240
0.304 0.240
0.311 0.240
0.321 0.240
0.328 0.240
0.325 0.240
0.317 0.240
0.316 0.240
0.325 0.240
0.320 0.240
0.330 0.240
0.322 0.240
0.299 0.240
0.311 0.240
0.319 0.240
0.308 0.240
0.311 0.240
0.322 0.240
0.296 0.240
0.288 0.240
0.283 0.240
0.307 0.240
0.291 0.240
0.312 0.240
0.302 0.240
0.290 0.240
0.309 0.240
0.303 0.240
0.316 0.240
0.303 0.240
0.328 0.240
0.314 0.240
0.295 0.240
0.308 0.240
0.318 0.240
0.321 0.240
0.316 0.240
0.320 0.240
0.300 0.240
0.308 0.240
0.309 0.240
0.315 0.240
0.296 0.240
0.323 0.240
0.323 0.240
0.308 0.240
0.300 0.240
0.298 0.240
0.307 0.240
0.314 0.240
0.302 0.240
0.324 0.240
0.320 0.240
0.314 0.240
0.320 0.240
0.314 0.240
0.320 0.240
0.334 0.240
0.310 0.240
0.294 0.240
0.309 0.240
0.296 0.240
0.324 0.240
0.297 0.240
0.311 0.240
0.235 0.240
0.310 0.240
0.320 0.240
0.312 0.240
0.312 0.240
0.299 0.240
0.297 0.240
0.278 0.240
0.294 0.240
0.298 0.240
0.314 0.240
0.301 0.240
0.323 0.240
0.304 0.240
0.313 0.240
0.300 0.240
0.313 0.240
0.321 0.240
0.316 0.240
0.292 0.240
0.307 0.240
0.310 0.240
0.296 0.240
0.306 0.240
0.323 0.240
0.299 0.240
0.309 0.240
0.290 0.240
0.304 0.240
0.323 0.240
0.310 0.240
0.293 0.240
0.317 0.240
0.300 0.240
0.301 0.240
0.313 0.240
0.317 0.240
0.323 0.240
0.323 0.240
0.299 0.240
0.293 0.240
0.261 0.240
0.323 0.240
0.347 0.240
0.348 0.240
0.291 0.240
0.317 0.240
0.323 0.240
0.314 0.240
0.289 0.240
0.299 0.240
0.284 0.240
0.269 0.240
0.299 0.240
0.308 0.240
0.304 0.240
0.301 0.240
0.316 0.240
0.293 0.240
0.298 0.240
0.271 0.240
0.267 0.240
0.282 0.240
0.284 0.240
0.273 0.240
0.292 0.240
0.268 0.240
0.272 0.240
0.284 0.240
0.285 0.240
0.264 0.240
0.264 0.240
0.249 0.240
0.273 0.240
0.273 0.240
0.294 0.240
0.276 0.240
0.269 0.240
0.269 0.240
0.303 0.240
0.283 0.240
0.281 0.240
0.288 0.240
0.291 0.240
0.271 0.240
0.274 0.240
0.293 0.240
0.282 0.240
0.275 0.240
0.273 0.240
0.315 0.240
0.324 0.240
0.307 0.240
0.295 0.240
0.307 0.240
0.300 0.240
0.281 0.240
0.286 0.240
0.298 0.240
0.306 0.240
0.284 0.240
0.303 0.240
0.307 0.240
0.335 0.240
0.335 0.240
0.319 0.240
0.294 0.240
0.286 0.240
0.307 0.240
0.303 0.240
0.314 0.240
0.327 0.240
0.310 0.240
0.321 0.240
0.303 0.240
0.296 0.240
0.304 0.240
0.319 0.240
0.321 0.240
0.331 0.240
0.320 0.240
0.303 0.240
0.283 0.240
0.292 0.240
0.289 0.240
0.283 0.240
0.301 0.240
0.300 0.240
0.297 0.240
0.292 0.240
0.299 0.240
0.292 0.240
0.319 0.240
0.299 0.240
0.291 0.240
0.299 0.240
0.314 0.240
0.292 0.240
0.287 0.240
0.293 0.240
0.325 0.240
0.318 0.240
0.311 0.240
0.292 0.240
0.290 0.240
0.309 0.240
0.305 0.240
0.314 0.240
0.310 0.240
0.283 0.240
0.289 0.240
0.296 0.240
0.305 0.240
0.284 0.240
0.308 0.240
0.287 0.240
0.314 0.240
0.296 0.240
0.312 0.240
0.291 0.240
0.329 0.240
0.299 0.240
0.299 0.240
0.306 0.240
0.297 0.240
0.318 0.240
0.280 0.240
0.305 0.240
0.300 0.240
0.279 0.240
0.284 0.240
0.280 0.240
0.279 0.240
0.278 0.240
0.279 0.240
0.273 0.240
0.267 0.240
0.281 0.240
0.283 0.240
0.302 0.240
0.303 0.240
0.311 0.240
0.320 0.240
0.281 0.240
0.295 0.240
0.289 0.240
0.339 0.240
0.334 0.240
0.362 0.240
0.324 0.240
0.359 0.240
0.301 0.240
0.338 0.240
0.321 0.240
0.315 0.240
0.343 0.240
0.313 0.240
0.313 0.240
0.327 0.240
0.338 0.240
0.349 0.240
0.311 0.240
0.301 0.240
0.305 0.240
0.303 0.240
0.315 0.240
0.302 0.240
0.322 0.240
0.284 0.240
0.280 0.240
0.281 0.240
0.276 0.240
0.306 0.240
0.298 0.240
0.292 0.240
0.315 0.240
0.302 0.240
0.307 0.240
0.333 0.240
0.303 0.240
0.306 0.240
0.316 0.240
0.278 0.240
0.297 0.240
0.314 0.240
0.297 0.240
0.310 0.240
0.320 0.240
0.285 0.240
0.306 0.240
0.310 0.240
0.288 0.240
0.302 0.240
0.291 0.240
0.276 0.240
0.298 0.240
0.297 0.240
0.277 0.240
0.268 0.240
0.279 0.240
0.275 0.240
0.278 0.240
0.298 0.240
0.309 0.240
0.288 0.240
0.290 0.240
0.283 0.240
0.300 0.240
0.325 0.240
0.307 0.240
0.316 0.240
0.298 0.240
0.311 0.240
0.294 0.240
0.307 0.240
0.300 0.240
0.306 0.240
0.310 0.240
0.304 0.240
0.293 0.240
0.300 0.240
0.292 0.240
0.281 0.240
0.284 0.240
0.297 0.240
0.301 0.240
0.298 0.240
0.313 0.240
0.297 0.240
0.295 0.240
0.304 0.240
0.293 0.240
0.300 0.240
0.288 0.240
0.287 0.240
0.296 0.240
0.314 0.240
0.294 0.240
0.306 0.240
0.290 0.240
0.319 0.240
0.312 0.240
0.306 0.240
0.326 0.240
0.302 0.240
0.297 0.240
0.276 0.240
0.343 0.240
0.309 0.240
0.316 0.240
0.308 0.240
0.292 0.240
0.314 0.240
0.300 0.240
0.308 0.240
0.302 0.240
0.295 0.240
0.289 0.240
0.326 0.240
0.321 0.240
0.299 0.240
0.290 0.240
0.301 0.240
0.281 0.240
0.306 0.240
0.333 0.240
0.338 0.240
0.323 0.240
0.314 0.240
0.323 0.240
0.339 0.240
0.303 0.240
0.324 0.240
0.317 0.240
0.324 0.240
0.280 0.240
0.305 0.240
0.326 0.240
0.352 0.240
0.321 0.240
0.313 0.240
0.210 0.240
0.251 0.240
0.303 0.240
0.278 0.240
0.279 0.240
0.257 0.240
0.294 0.240
0.276 0.240
0.272 0.240
0.288 0.240
0.287 0.240
0.273 0.240
0.269 0.240
0.270 0.240
0.286 0.240
0.268 0.240
0.257 0.240
0.291 0.240
0.300 0.240
0.268 0.240
0.290 0.240
0.277 0.240
0.296 0.240
0.303 0.240
0.302 0.240
0.327 0.240
0.321 0.240
0.305 0.240
0.295 0.240
0.286 0.240
0.292 0.240
0.293 0.240
0.294 0.240
0.295 0.240
0.246 0.240
0.324 0.240
0.310 0.240
0.318 0.240
0.298 0.240
0.302 0.240
0.316 0.240
0.301 0.240
0.328 0.240
0.328 0.240
0.332 0.240
0.339 0.240
0.311 0.240
0.326 0.240
0.302 0.240
0.300 0.240
0.290 0.240
0.268 0.240
0.309 0.240
0.313 0.240
0.324 0.240
0.317 0.240
0.304 0.240
0.325 0.240
0.333 0.240
0.281 0.240
0.320 0.240
0.307 0.240
0.306 0.240
0.313 0.240
0.293 0.240
0.320 0.240
0.279 0.240
0.260 0.240
0.292 0.240
0.262 0.240
0.266 0.240
0.250 0.240
0.245 0.240
0.230 0.240
0.274 0.240
0.253 0.240
0.224 0.240
0.242 0.240
0.243 0.240
0.270 0.240
0.262 0.240
0.228 0.240
0.264 0.240
0.233 0.240
0.242 0.240
0.237 0.240
0.259 0.240
0.235 0.240
0.267 0.240
0.257 0.240
0.241 0.240
0.256 0.240
0.249 0.240
0.243 0.240
0.264 0.240
0.301 0.240
0.318 0.240
0.300 0.240
0.296 0.240
0.282 0.240
0.286 0.240
0.251 0.240
0.285 0.240
0.327 0.240
0.311 0.240
0.340 0.240
0.266 0.240
0.267 0.240
0.299 0.240
0.297 0.240
0.326 0.240
0.319 0.240
0.245 0.240
0.303 0.240
0.291 0.240
0.313 0.240
0.321 0.240
0.353 0.240
0.313 0.240
0.329 0.240
0.287 0.240
0.254 0.240
0.302 0.240
0.309 0.240
0.324 0.240
0.322 0.240
0.346 0.240
0.299 0.240
0.348 0.240
0.333 0.240
0.360 0.240
0.278 0.240
0.314 0.240
0.291 0.240
0.322 0.240
0.311 0.240
0.273 0.240
0.331 0.240
0.328 0.240
0.330 0.240
0.315 0.240
0.323 0.240
0.315 0.240
0.292 0.240
0.289 0.240
0.332 0.240
0.343 0.240
0.348 0.240
0.314 0.240
0.286 0.240
0.309 0.240
0.275 0.240
0.320 0.240
0.291 0.240
0.299 0.240
0.309 0.240
0.334 0.240
0.324 0.240
0.323 0.240
0.352 0.240
0.339 0.240
0.338 0.240
0.327 0.240
0.342 0.240
0.303 0.240
0.253 0.240
0.310 0.240
0.280 0.240
0.289 0.240
0.297 0.240
0.316 0.240
0.281 0.240
0.290 0.240
0.317 0.240
0.286 0.240
0.277 0.240
0.299 0.240
0.317 0.240
0.283 0.240
0.305 0.240
0.301 0.240
0.301 0.240
0.306 0.240
0.323 0.240
0.247 0.240
0.286 0.240
0.272 0.240
0.220 0.240
0.260 0.240
0.282 0.240
0.297 0.240
0.300 0.240
0.279 0.240
0.276 0.240
0.282 0.240
0.251 0.240
0.267 0.240
0.261 0.240
0.276 0.240
0.215 0.240
0.238 0.240
* 0.298 0.240
0.300 0.240
0.278 0.240
0.263 0.240
0.243 0.240
0.275 0.240
0.269 0.240
0.259 0.240
0.292 0.240
0.324 0.240
0.302 0.240
0.294 0.240
0.276 0.240
0.291 0.240
0.296 0.240
0.293 0.240
0.284 0.240
0.202 0.240
0.309 0.240
0.285 0.240
0.284 0.240
0.305 0.240
0.288 0.240
0.274 0.240
0.246 0.240
0.274 0.240
0.240 0.240
0.227 0.240
0.240 0.240
0.268 0.240
0.288 0.240
0.270 0.240
0.300 0.240
0.266 0.240
0.276 0.240
0.277 0.240
0.261 0.240
0.242 0.240
0.224 0.240
0.266 0.240
0.250 0.240
0.260 0.240
0.266 0.240
0.250 0.240
0.248 0.240
0.244 0.240
0.236 0.240
0.233 0.240
0.239 0.240
0.228 0.240
0.234 0.240
0.232 0.240
0.221 0.240
* 0.267 0.240
0.296 0.240
0.310 0.240
0.311 0.240
0.284 0.240
0.259 0.240
0.271 0.240
0.283 0.240
0.277 0.240
0.215 0.240
0.206 0.240
0.216 0.240
* 0.259 0.240
0.249 0.240
0.227 0.240
0.240 0.240
* 0.250 0.240
0.272 0.240
0.280 0.240
0.277 0.240
0.250 0.240
0.261 0.240
0.266 0.240
0.327 0.240
0.291 0.240
0.289 0.240
0.252 0.240
0.268 0.240
0.269 0.240
0.308 0.240
0.274 0.240
0.281 0.240
0.290 0.240
0.296 0.240
0.278 0.240
0.286 0.240
0.259 0.240
0.304 0.240
0.292 0.240
0.293 0.240
0.316 0.240
0.309 0.240
0.303 0.240
0.331 0.240
0.325 0.240
0.297 0.240
0.311 0.240
0.307 0.240
0.273 0.240
0.291 0.240
0.297 0.240
0.300 0.240
0.298 0.240
0.287 0.240
0.289 0.240
0.281 0.240
0.315 0.240
0.270 0.240
0.269 0.240
0.299 0.240
0.317 0.240
0.321 0.240
0.332 0.240
0.308 0.240
0.279 0.240
0.311 0.240
0.289 0.240
0.292 0.240
0.302 0.240
0.268 0.240
0.284 0.240
0.311 0.240
0.299 0.240
0.322 0.240
0.303 0.240
0.306 0.240
0.332 0.240
0.356 0.240
0.317 0.240
0.315 0.240
0.345 0.240
0.317 0.240
0.288 0.240
0.301 0.240
0.296 0.240
0.341 0.240
0.306 0.240
0.312 0.240
0.283 0.240
0.281 0.240
0.312 0.240
0.310 0.240
0.294 0.240
0.301 0.240
0.293 0.240
0.272 0.240
0.284 0.240
0.306 0.240
0.313 0.240
0.309 0.240
0.312 0.240
0.298 0.240
0.306 0.240
0.293 0.240
0.309 0.240
0.295 0.240
0.271 0.240
0.309 0.240
0.295 0.240
0.304 0.240
0.303 0.240
0.266 0.240
0.315 0.240
0.307 0.240
0.290 0.240
0.285 0.240
0.271 0.240
0.270 0.240
0.270 0.240
0.330 0.240
0.289 0.240
0.275 0.240
0.281 0.240
0.263 0.240
0.308 0.240
0.311 0.240
0.291 0.240
0.291 0.240
0.299 0.240
0.309 0.240
0.272 0.240
0.299 0.240
0.311 0.240
0.285 0.240
0.289 0.240
0.295 0.240
0.304 0.240
0.299 0.240
0.336 0.240
0.330 0.240
0.307 0.240
0.328 0.240
0.324 0.240
0.320 0.240
0.307 0.240
0.311 0.240
0.298 0.240
0.298 0.240
0.298 0.240
0.344 0.240
0.323 0.240
0.297 0.240
0.330 0.240
0.305 0.240
0.291 0.240
0.305 0.240
0.332 0.240
0.317 0.240
0.294 0.240
0.300 0.240
0.291 0.240
0.304 0.240
0.309 0.240
0.301 0.240
0.324 0.240
0.359 0.240
0.251 0.240
0.291 0.240
0.286 0.240
0.319 0.240
0.303 0.240
0.302 0.240
0.316 0.240
0.334 0.240
0.359 0.240
0.341 0.240
0.332 0.240
0.331 0.240
0.314 0.240
0.327 0.240
0.340 0.240
0.318 0.240
0.323 0.240
0.326 0.240
0.333 0.240
0.317 0.240
0.285 0.240
0.294 0.240
0.295 0.240
0.302 0.240
0.299 0.240
0.296 0.240
0.290 0.240
0.273 0.240
0.284 0.240
0.268 0.240
0.260 0.240
0.263 0.240
0.248 0.240
0.223 0.240
0.256 0.240
0.249 0.240
0.227 0.240
0.229 0.240
* 0.264 0.240
0.252 0.240
0.279 0.240
0.269 0.240
0.269 0.240
0.259 0.240
0.290 0.240
0.322 0.240
0.318 0.240
0.287 0.240
0.330 0.240
0.318 0.240
0.314 0.240
0.310 0.240
0.317 0.240
0.301 0.240
0.320 0.240
0.301 0.240
0.318 0.240
0.302 0.240
0.306 0.240
0.316 0.240
0.296 0.240
0.278 0.240
0.287 0.240
0.270 0.240
0.310 0.240
0.301 0.240
0.288 0.240
0.278 0.240
0.303 0.240
0.274 0.240
0.303 0.240
0.274 0.240
0.276 0.240
0.277 0.240
0.279 0.240
0.300 0.240
0.310 0.240
0.330 0.240
0.291 0.240
0.302 0.240
0.283 0.240
0.294 0.240
0.321 0.240
0.296 0.240
0.314 0.240
0.329 0.240
0.329 0.240
0.320 0.240
0.311 0.240
0.312 0.240
0.319 0.240
0.320 0.240
0.318 0.240
0.313 0.240
0.321 0.240
0.307 0.240
0.328 0.240
0.330 0.240
0.326 0.240
0.337 0.240
0.325 0.240
0.343 0.240
0.287 0.240
0.317 0.240
0.326 0.240
0.327 0.240
0.309 0.240
0.276 0.240
0.272 0.240
0.314 0.240
0.287 0.240
0.276 0.240
0.308 0.240
0.310 0.240
0.327 0.240
0.312 0.240
0.318 0.240
0.297 0.240
0.295 0.240
0.292 0.240
0.286 0.240
0.281 0.240
0.305 0.240
0.273 0.240
0.253 0.240
0.263 0.240
0.181 0.240
0.258 0.240
0.277 0.240
0.258 0.240
0.297 0.240
0.238 0.240
0.281 0.240
0.258 0.240
0.275 0.240
0.265 0.240
0.275 0.240
0.285 0.240
0.253 0.240
0.287 0.240
0.263 0.240
0.256 0.240
0.291 0.240
0.260 0.240
0.249 0.240
0.291 0.240
0.259 0.240
0.226 0.240
0.257 0.240
0.258 0.240
0.266 0.240
0.294 0.240
0.291 0.240
0.290 0.240
0.269 0.240
0.303 0.240
0.248 0.240
0.290 0.240
0.280 0.240
0.294 0.240
0.238 0.240
0.277 0.240
0.283 0.240
0.266 0.240
0.293 0.240
0.261 0.240
0.301 0.240
0.299 0.240
0.284 0.240
0.308 0.240
0.269 0.240
0.279 0.240
0.279 0.240
0.279 0.240
0.273 0.240
0.263 0.240
0.279 0.240
0.308 0.240
0.287 0.240
0.288 0.240
0.267 0.240
0.292 0.240
0.239 0.240
0.288 0.240
0.314 0.240
0.280 0.240
0.299 0.240
0.244 0.240
0.247 0.240
0.262 0.240
0.276 0.240
0.263 0.269
0.274 0.269
0.311 0.269
0.298 0.269
0.321 0.269
0.320 0.269
0.303 0.269
0.275 0.269
0.302 0.269
0.260 0.269
0.268 0.269
* 0.273 0.269
0.307 0.269
0.267 0.269
0.284 0.269
0.294 0.269
0.294 0.269
0.267 0.269
0.281 0.269
0.296 0.269
0.274 0.269
0.269 0.269
0.292 0.269
0.293 0.269
0.300 0.269
0.315 0.269
0.310 0.269
0.316 0.269
0.302 0.269
0.297 0.269
0.283 0.270
0.277 0.270
0.296 0.270
0.288 0.270
0.288 0.270
0.264 0.270
0.285 0.270
0.242 0.270
0.296 0.270
0.254 0.270
0.260 0.270
0.261 0.270
0.239 0.270
0.254 0.270
* 0.289 0.270
0.261 0.270
0.255 0.270
* 0.280 0.270
0.275 0.270
0.279 0.270
0.266 0.270
0.261 0.270
0.269 0.270
0.267 0.270
* 0.275 0.270
0.254 0.270
0.264 0.270
0.248 0.270
0.268 0.270
* 0.283 0.270
0.258 0.270
0.295 0.269
0.264 0.269
0.269 0.269
* 0.286 0.269
0.279 0.269
0.302 0.269
0.273 0.270
0.273 0.270
0.287 0.270
0.271 0.269
0.299 0.269
0.284 0.269
0.290 0.269
0.306 0.269
0.276 0.269
0.232 0.269
0.281 0.269
0.277 0.269
0.253 0.269
0.272 0.269
0.272 0.269
0.245 0.269
0.263 0.269
0.263 0.269
* 0.277 0.269
0.275 0.269
0.276 0.269
0.294 0.269
0.272 0.269
0.268 0.269
0.281 0.269
0.272 0.269
0.293 0.269
0.254 0.269
0.273 0.269
0.272 0.269
0.273 0.269
0.241 0.269
0.257 0.269
0.238 0.269
0.257 0.269
0.257 0.269
0.266 0.269
0.262 0.269
0.257 0.269
* 0.278 0.269
0.271 0.269
0.251 0.269
0.268 0.269
0.263 0.269
* 0.275 0.269
0.269 0.269
0.278 0.269
0.278 0.269
0.300 0.269
0.299 0.269
0.286 0.269
0.303 0.269
0.310 0.269
0.258 0.269
0.272 0.269
0.264 0.269
0.276 0.269
0.289 0.269
0.323 0.269
0.322 0.269
0.298 0.269
0.287 0.269
0.279 0.269
0.264 0.269
0.283 0.269
0.262 0.269
0.285 0.269
0.258 0.269
0.248 0.269
0.261 0.269
* 0.271 0.269
0.263 0.269
0.256 0.269
* 0.271 0.269
0.280 0.269
0.290 0.269
0.264 0.269
0.294 0.269
0.285 0.269
0.282 0.269
0.260 0.269
0.261 0.269
0.255 0.269
0.241 0.269
0.265 0.269
* 0.270 0.269
0.249 0.269
0.269 0.269
* 0.270 0.269
0.280 0.269
0.259 0.269
0.272 0.269
0.270 0.269
0.275 0.269
0.325 0.269
0.300 0.269
0.288 0.269
0.284 0.269
0.273 0.269
0.277 0.269
0.266 0.269
0.336 0.269
0.328 0.269
0.314 0.270
0.296 0.270
0.226 0.270
0.295 0.270
0.289 0.270
0.273 0.269
0.234 0.269
0.255 0.269
0.249 0.269
0.253 0.269
* 0.278 0.269
0.283 0.269
0.319 0.269
0.295 0.269
0.278 0.269
0.269 0.269
0.302 0.269
0.260 0.269
0.276 0.269
0.283 0.269
0.280 0.269
0.283 0.269
0.253 0.269
0.254 0.269
* 0.282 0.269
0.260 0.269
0.247 0.269
0.267 0.269
0.257 0.269
0.264 0.269
* 0.288 0.269
0.276 0.269
0.281 0.269
0.266 0.269
0.276 0.269
0.322 0.269
0.332 0.269
0.327 0.269
0.324 0.269
0.306 0.269
0.317 0.269
0.306 0.269
0.322 0.269
0.310 0.269
0.320 0.269
0.271 0.269
0.293 0.269
0.300 0.269
0.333 0.269
0.309 0.269
0.264 0.269
0.275 0.269
0.271 0.269
0.288 0.269
0.270 0.269
0.341 0.269
0.211 0.269
0.194 0.269
0.198 0.269
0.206 0.269
0.200 0.269
0.266 0.269
0.254 0.269
* 0.282 0.269
0.275 0.269
0.288 0.269
0.262 0.269
0.246 0.269
* 0.293 0.269
0.327 0.269
0.321 0.269
0.330 0.269
0.321 0.269
0.292 0.270
0.310 0.270
0.299 0.270
0.298 0.270
0.341 0.270
0.324 0.270
0.310 0.270
0.315 0.270
0.352 0.270
0.318 0.270
0.287 0.270
0.286 0.270
0.284 0.270
0.261 0.270
0.277 0.270
0.258 0.270
0.271 0.270
0.275 0.270
0.280 0.270
0.324 0.270
0.312 0.270
0.315 0.270
0.330 0.270
0.293 0.270
0.304 0.270
0.316 0.270
0.314 0.270
0.293 0.270
0.316 0.270
0.322 0.270
0.306 0.270
0.295 0.270
0.319 0.270
0.306 0.270
0.277 0.270
0.319 0.270
0.306 0.270
0.304 0.270
0.274 0.270
0.313 0.270
0.334 0.270
0.300 0.270
0.307 0.270
0.310 0.270
0.326 0.270
0.310 0.270
0.297 0.270
0.253 0.270
0.319 0.270
0.301 0.270
0.324 0.270
0.319 0.270
0.289 0.271
0.278 0.271
0.279 0.271
0.251 0.271
0.254 0.271
0.261 0.271
0.248 0.271
0.269 0.271
* 0.288 0.271
0.319 0.271
0.311 0.271
0.288 0.271
0.316 0.271
0.279 0.271
0.267 0.271
0.286 0.271
0.251 0.271
0.287 0.271
0.284 0.271
0.284 0.271
0.287 0.271
0.277 0.271
0.246 0.271
0.304 0.271
0.296 0.271
0.281 0.271
0.256 0.271
0.269 0.271
* 0.272 0.271
0.272 0.271
0.266 0.271
0.256 0.271
0.253 0.271
0.266 0.271
* 0.278 0.271
0.253 0.271
0.258 0.271
0.262 0.271
0.268 0.271
* 0.297 0.271
0.284 0.271
0.282 0.271
0.263 0.271
0.295 0.271
0.292 0.271
0.261 0.271
0.283 0.271
0.293 0.271
0.277 0.271
0.256 0.271
0.251 0.271
* 0.293 0.271
0.275 0.271
0.287 0.271
0.281 0.271
0.298 0.271
0.303 0.271
0.308 0.271
0.299 0.271
0.307 0.271
0.279 0.271
0.307 0.271
0.293 0.271
0.300 0.271
0.300 0.271
0.287 0.271
0.306 0.271
0.317 0.271
0.304 0.271
0.294 0.271
0.282 0.271
0.275 0.271
0.269 0.271
0.294 0.271
0.282 0.271
0.303 0.271
0.291 0.271
0.291 0.271
0.299 0.271
0.294 0.271
0.305 0.271
0.310 0.271
0.287 0.271
0.290 0.271
0.279 0.271
0.295 0.271
0.282 0.271
0.307 0.271
0.251 0.271
0.270 0.271
* 0.293 0.271
0.282 0.271
0.300 0.271
0.290 0.271
0.297 0.271
0.312 0.271
0.275 0.271
0.280 0.271
0.263 0.271
0.265 0.271
0.255 0.271
* 0.279 0.271
0.261 0.271
0.265 0.271
0.263 0.271
* 0.271 0.271
0.263 0.271
0.283 0.271
0.283 0.271
0.260 0.271
0.242 0.271
0.194 0.271
0.199 0.271
0.190 0.271
0.174 0.271
0.188 0.271
0.201 0.271
0.168 0.271
0.267 0.271
0.253 0.271
0.251 0.271
0.241 0.271
0.266 0.271
* 0.283 0.271
0.308 0.271
0.300 0.271
0.289 0.271
0.309 0.271
0.305 0.271
0.315 0.271
0.313 0.271
0.302 0.271
0.324 0.271
0.299 0.271
0.294 0.271
0.285 0.271
0.300 0.271
0.295 0.271
0.259 0.271
0.241 0.271
* 0.293 0.271
0.215 0.271
0.228 0.271
* 0.295 0.271
0.281 0.271
0.318 0.271
0.331 0.271
0.328 0.271
0.321 0.271
0.338 0.271
0.335 0.271
0.312 0.271
0.301 0.271
0.339 0.271
0.275 0.271
0.276 0.271
0.300 0.271
0.324 0.271
0.322 0.271
0.297 0.271
0.307 0.271
0.299 0.271
0.291 0.271
0.276 0.271
0.321 0.271
0.248 0.271
0.325 0.271
0.328 0.271
0.314 0.271
0.301 0.271
0.293 0.271
0.299 0.271
0.312 0.271
0.305 0.271
0.303 0.272
0.283 0.272
0.304 0.272
0.290 0.272
0.296 0.272
0.291 0.272
0.259 0.272
0.281 0.272
0.285 0.272
0.277 0.272
0.243 0.272
0.272 0.271
0.284 0.271
0.279 0.272
0.310 0.272
0.287 0.272
0.264 0.272
0.270 0.272
0.259 0.272
0.254 0.272
0.264 0.272
0.238 0.272
0.259 0.272
* 0.288 0.272
0.288 0.272
0.254 0.272
0.265 0.272
* 0.274 0.272
0.260 0.272
0.276 0.272
0.268 0.272
0.254 0.272
0.240 0.272
* 0.281 0.271
0.268 0.271
0.271 0.271
0.271 0.271
* 0.275 0.271
0.275 0.271
0.301 0.271
0.296 0.271
0.341 0.271
0.306 0.271
0.305 0.271
0.285 0.271
0.289 0.271
0.265 0.271
0.288 0.271
0.301 0.271
0.331 0.271
0.343 0.271
0.318 0.271
0.330 0.271
0.333 0.271
0.324 0.271
0.322 0.271
0.343 0.271
0.304 0.271
0.336 0.271
0.315 0.271
0.336 0.271
0.334 0.271
0.309 0.271
0.335 0.271
0.327 0.271
0.322 0.271
0.321 0.272
0.323 0.272
0.307 0.272
0.324 0.272
0.319 0.272
0.329 0.272
0.306 0.272
0.315 0.272
0.316 0.272
0.289 0.272
0.335 0.272
0.330 0.272
0.336 0.272
0.324 0.272
0.341 0.272
0.312 0.272
0.319 0.272
0.332 0.272
0.346 0.272
0.277 0.272
0.288 0.272
0.288 0.272
0.252 0.272
0.293 0.272
0.289 0.272
0.283 0.272
0.279 0.272
0.260 0.272
0.275 0.272
0.315 0.272
0.317 0.272
0.326 0.272
0.318 0.272
0.317 0.272
0.337 0.272
0.308 0.272
0.318 0.272
0.309 0.272
0.325 0.272
0.316 0.272
0.283 0.272
0.287 0.272
0.284 0.272
0.291 0.272
0.291 0.272
0.311 0.272
0.290 0.272
0.226 0.272
0.211 0.272
0.269 0.272
* 0.281 0.272
0.262 0.272
0.311 0.272
0.281 0.272
0.282 0.272
0.254 0.272
0.256 0.272
* 0.276 0.272
0.309 0.272
0.321 0.272
0.303 0.272
0.293 0.272
0.299 0.272
0.289 0.272
0.308 0.272
0.271 0.272
0.291 0.272
0.293 0.272
0.296 0.272
0.290 0.272
0.312 0.272
0.295 0.272
0.299 0.272
0.298 0.272
0.314 0.272
0.294 0.272
0.289 0.272
0.288 0.272
0.318 0.272
0.305 0.272
0.311 0.272
0.322 0.272
0.299 0.272
0.303 0.272
0.292 0.272
0.301 0.272
0.303 0.272
0.324 0.272
0.291 0.272
0.282 0.272
0.290 0.272
0.301 0.272
0.299 0.272
0.317 0.272
0.306 0.272
0.326 0.272
0.283 0.272
0.316 0.272
0.332 0.272
0.329 0.272
0.321 0.272
0.296 0.273
0.326 0.273
0.316 0.273
0.323 0.273
0.323 0.273
0.322 0.273
0.312 0.273
0.320 0.273
0.321 0.273
0.325 0.273
0.305 0.273
0.325 0.273
0.341 0.273
0.339 0.273
0.326 0.273
0.296 0.273
0.293 0.273
0.302 0.273
0.291 0.273
0.287 0.272
0.281 0.272
0.312 0.272
0.283 0.272
0.299 0.272
0.261 0.272
0.309 0.272
0.318 0.272
0.319 0.272
0.303 0.272
0.302 0.272
0.280 0.272
0.259 0.272
0.300 0.272
0.270 0.272
0.278 0.272
0.311 0.272
0.294 0.272
0.258 0.272
0.326 0.272
0.288 0.272
0.286 0.272
0.288 0.272
0.292 0.272
0.280 0.272
0.270 0.272
0.282 0.272
0.275 0.272
0.266 0.272
0.259 0.272
0.258 0.272
0.253 0.272
* 0.274 0.272
0.265 0.272
0.278 0.272
0.247 0.272
0.271 0.272
0.269 0.272
* 0.282 0.272
0.273 0.272
0.339 0.272
0.312 0.272
0.308 0.272
0.281 0.272
0.297 0.272
0.289 0.272
0.279 0.272
0.270 0.272
0.285 0.272
0.271 0.272
0.262 0.272
* 0.289 0.272
0.283 0.272
0.306 0.272
0.316 0.272
0.255 0.272
0.291 0.272
0.272 0.272
0.279 0.272
0.276 0.272
0.259 0.272
0.260 0.272
0.269 0.272
0.198 0.272
* 0.280 0.272
0.294 0.272
0.314 0.272
0.296 0.272
0.340 0.272
0.326 0.272
0.357 0.272
0.331 0.272
0.241 0.272
0.286 0.272
0.297 0.272
0.291 0.272
0.298 0.272
0.299 0.272
0.286 0.272
0.289 0.272
0.249 0.272
0.277 0.272
0.269 0.272
0.279 0.272
0.276 0.272
0.241 0.272
0.267 0.272
0.231 0.272
0.270 0.272
0.248 0.272
0.252 0.272
0.214 0.272
0.245 0.272
0.256 0.272
0.214 0.272
0.261 0.272
0.214 0.272
0.231 0.272
0.232 0.272
0.247 0.272
0.268 0.272
0.244 0.272
0.267 0.272
* 0.278 0.271
0.251 0.271
0.263 0.271
* 0.273 0.271
0.243 0.271
0.251 0.271
0.242 0.271
0.238 0.271
0.249 0.271
0.251 0.271
0.242 0.271
0.239 0.271
0.270 0.271
0.268 0.271
0.264 0.271
* 0.281 0.271
0.263 0.271
0.260 0.271
0.267 0.271
* 0.281 0.271
0.292 0.271
0.269 0.271
0.286 0.271
0.280 0.271
0.266 0.271
0.270 0.271
0.267 0.271
* 0.272 0.271
0.271 0.271
0.248 0.271
0.271 0.271
0.255 0.271
* 0.281 0.271
0.226 0.271
0.226 0.271
* 0.282 0.271
0.269 0.271
0.275 0.271
0.262 0.271
0.280 0.271
0.295 0.271
0.292 0.271
0.292 0.271
0.236 0.271
0.269 0.271
0.267 0.271
0.246 0.271
0.224 0.271
0.215 0.271
0.242 0.271
0.244 0.271
0.243 0.271
0.219 0.271
0.230 0.271
* 0.275 0.271
0.273 0.271
0.273 0.271
0.276 0.271
0.300 0.271
0.286 0.271
0.287 0.271
0.215 0.271
0.258 0.271
0.258 0.271
* 0.299 0.271
0.302 0.271
0.277 0.271
0.273 0.271
0.305 0.271
0.272 0.271
0.272 0.271
0.270 0.271
0.231 0.271
0.253 0.271
0.251 0.271
0.262 0.271
* 0.293 0.271
0.270 0.271
0.236 0.271
0.224 0.271
0.248 0.271
0.224 0.271
0.226 0.271
0.232 0.271
0.233 0.271
* 0.276 0.271
0.288 0.271
0.284 0.271
0.287 0.271
0.295 0.271
0.295 0.271
0.270 0.271
0.289 0.271
0.274 0.271
0.270 0.271
0.284 0.271
0.267 0.271
0.265 0.271
* 0.273 0.271
0.281 0.271
0.272 0.271
0.289 0.271
0.290 0.271
0.290 0.271
0.256 0.271
0.272 0.271
0.272 0.271
0.270 0.271
0.267 0.271
* 0.273 0.271
0.253 0.271
0.275 0.271
0.271 0.271
0.274 0.271
0.254 0.271
0.274 0.271
0.288 0.271
0.293 0.271
0.251 0.271
0.282 0.271
0.254 0.271
0.253 0.271
0.258 0.271
* 0.290 0.271
0.273 0.271
0.273 0.271
0.270 0.271
0.285 0.271
0.276 0.271
0.259 0.271
0.253 0.271
0.237 0.271
0.237 0.271
0.256 0.271
* 0.279 0.271
0.265 0.271
0.259 0.271
0.269 0.271
0.241 0.271
0.257 0.271
0.249 0.271
0.261 0.271
0.256 0.271
0.264 0.271
* 0.291 0.271
0.285 0.271
0.256 0.271
0.256 0.271
0.245 0.271
0.237 0.271
0.233 0.271
0.243 0.271
* 0.290 0.271
0.289 0.271
0.298 0.271
0.295 0.271
0.266 0.271
0.258 0.271
0.257 0.271
0.257 0.271
0.259 0.271
* 0.304 0.271
0.321 0.271
0.271 0.271
0.271 0.271
0.277 0.271
0.259 0.271
0.260 0.271
0.265 0.271
0.268 0.271
0.237 0.271
0.229 0.271
0.253 0.271
0.224 0.271
0.229 0.271
0.267 0.271
* 0.289 0.271
0.292 0.271
0.295 0.271
0.292 0.271
0.275 0.271
0.245 0.271
0.245 0.271
0.264 0.271
* 0.306 0.271
0.316 0.271
0.316 0.271
0.286 0.271
0.302 0.271
0.346 0.271
0.212 0.271
0.217 0.271
0.217 0.271
0.232 0.271
0.266 0.271
0.262 0.271
* 0.307 0.271
