0.266 0.240
0.255 0.240
0.304 0.240
0.280 0.240
0.273 0.240
0.275 0.240
0.294 0.240
0.239 0.240
0.239 0.240
* 0.248 0.240
0.287 0.240
0.259 0.240
0.192 0.240
0.214 0.240
* 0.249 0.240
0.284 0.240
0.297 0.240
0.297 0.240
0.286 0.240
0.286 0.240
0.289 0.240
0.264 0.240
0.278 0.240
0.276 0.240
0.262 0.240
0.274 0.240
0.289 0.240
0.289 0.240
0.275 0.240
0.253 0.240
0.259 0.240
0.260 0.240
0.300 0.240
0.268 0.240
0.292 0.240
0.280 0.240
0.268 0.240
0.272 0.240
0.286 0.240
0.270 0.240
0.282 0.240
0.262 0.240
0.238 0.240
0.248 0.240
0.232 0.240
0.230 0.240
* 0.270 0.240
0.284 0.240
0.292 0.240
0.284 0.240
0.287 0.240
0.257 0.240
0.288 0.240
0.275 0.240
0.254 0.240
0.246 0.240
0.249 0.240
0.226 0.240
0.258 0.240
0.261 0.240
0.268 0.240
0.268 0.240
0.248 0.240
0.269 0.240
0.280 0.240
0.287 0.240
0.268 0.240
0.268 0.240
0.261 0.240
0.255 0.240
0.253 0.240
0.250 0.240
0.254 0.240
0.261 0.240
0.240 0.240
0.259 0.240
0.269 0.240
0.251 0.240
0.258 0.240
0.248 0.240
0.235 0.240
0.240 0.240
0.240 0.240
0.234 0.240
0.234 0.240
* 0.241 0.240
0.241 0.240
0.217 0.240
0.214 0.240
0.214 0.240
0.217 0.240
0.221 0.240
0.227 0.240
* 0.250 0.240
0.250 0.240
0.264 0.240
0.256 0.240
0.256 0.240
0.233 0.240
0.240 0.240
0.218 0.240
0.224 0.240
0.224 0.240
0.215 0.240
0.219 0.240
0.227 0.240
* 0.245 0.240
0.245 0.240
0.218 0.240
0.218 0.240
0.210 0.240
0.210 0.240
0.195 0.240
0.218 0.240
* 0.241 0.240
0.254 0.240
0.207 0.240
0.251 0.240
0.264 0.240
0.259 0.240
0.276 0.240
0.234 0.240
0.224 0.240
0.233 0.240
0.216 0.240
0.217 0.240
0.217 0.240
* 0.243 0.240
0.243 0.240
0.226 0.240
0.238 0.240
0.229 0.240
0.229 0.240
0.220 0.240
0.232 0.240
0.231 0.240
0.230 0.240
0.232 0.240
0.232 0.240
0.224 0.240
0.185 0.240
0.200 0.240
0.207 0.240
0.208 0.240
0.234 0.240
0.229 0.240
0.228 0.240
0.228 0.240
0.230 0.240
* 0.247 0.240
0.218 0.240
0.214 0.240
0.189 0.240
0.226 0.240
0.215 0.240
0.211 0.240
0.228 0.240
0.211 0.240
0.216 0.240
0.229 0.240
0.231 0.240
0.219 0.240
0.225 0.240
0.225 0.240
0.240 0.240
0.240 0.240
0.234 0.240
0.234 0.240
0.226 0.240
0.215 0.240
0.205 0.240
0.210 0.240
0.192 0.240
0.187 0.240
0.196 0.240
0.222 0.240
0.215 0.240
0.209 0.240
0.223 0.240
0.206 0.240
0.208 0.240
0.235 0.240
0.235 0.240
0.219 0.240
0.219 0.240
0.229 0.240
0.229 0.240
0.211 0.240
0.213 0.240
0.228 0.240
0.209 0.240
0.227 0.240
0.226 0.240
0.219 0.240
0.174 0.240
0.206 0.240
0.192 0.240
0.216 0.240
0.202 0.240
0.236 0.240
0.207 0.240
0.207 0.240
0.228 0.240
0.231 0.240
* 0.252 0.240
0.232 0.240
0.202 0.240
0.182 0.240
0.191 0.240
0.176 0.240
0.209 0.240
* 0.262 0.240
0.228 0.240
0.227 0.240
0.229 0.240
0.236 0.240
0.189 0.240
0.200 0.240
0.200 0.240
* 0.250 0.240
0.250 0.240
0.280 0.240
0.252 0.240
0.275 0.240
0.254 0.240
0.245 0.240
0.280 0.240
0.258 0.240
0.258 0.240
0.253 0.240
0.275 0.240
0.251 0.240
0.248 0.240
0.246 0.240
0.247 0.240
0.273 0.240
0.237 0.240
0.229 0.240
0.225 0.240
0.190 0.240
0.239 0.240
* 0.273 0.240
0.292 0.240
0.250 0.240
0.263 0.240
0.256 0.240
0.239 0.240
0.252 0.240
0.252 0.240
0.229 0.240
0.234 0.240
0.234 0.240
0.239 0.240
0.239 0.240
0.240 0.240
0.238 0.240
0.235 0.240
0.232 0.240
0.232 0.240
0.210 0.240
0.208 0.240
0.208 0.240
0.218 0.240
0.220 0.240
0.203 0.240
0.209 0.240
0.197 0.240
0.205 0.240
0.200 0.240
0.209 0.240
0.209 0.240
0.207 0.240
0.207 0.240
0.197 0.240
0.186 0.240
0.186 0.240
0.194 0.240
0.194 0.240
0.200 0.240
0.200 0.240
0.187 0.240
0.195 0.240
0.182 0.240
0.218 0.240
0.213 0.240
0.175 0.240
0.173 0.240
0.191 0.240
0.184 0.240
0.195 0.240
0.206 0.240
0.205 0.240
0.205 0.240
0.209 0.240
0.209 0.240
0.203 0.240
0.199 0.240
0.195 0.240
0.195 0.240
0.215 0.240
0.218 0.240
0.221 0.240
0.230 0.240
0.221 0.240
0.208 0.240
0.208 0.240
0.225 0.240
0.220 0.240
0.218 0.240
0.238 0.240
0.221 0.240
0.235 0.240
0.238 0.240
0.236 0.240
* 0.241 0.240
0.241 0.240
0.218 0.240
0.218 0.240
0.233 0.240
0.213 0.240
0.224 0.240
0.222 0.240
0.213 0.240
0.215 0.240
0.231 0.240
0.208 0.240
0.207 0.240
0.212 0.240
0.207 0.240
0.216 0.240
0.227 0.240
0.225 0.240
0.210 0.240
0.210 0.240
0.214 0.240
0.214 0.240
0.218 0.240
0.212 0.240
0.212 0.240
0.222 0.240
0.195 0.240
0.185 0.240
0.214 0.240
0.195 0.240
0.194 0.240
0.184 0.240
0.196 0.240
0.215 0.240
0.202 0.240
0.201 0.240
0.186 0.240
0.219 0.240
0.217 0.240
0.217 0.240
0.230 0.240
0.233 0.240
0.234 0.240
0.234 0.240
0.229 0.240
0.233 0.240
0.238 0.240
0.238 0.240
0.237 0.240
0.214 0.240
0.214 0.240
0.220 0.240
0.206 0.240
0.220 0.240
0.229 0.240
0.226 0.240
0.194 0.240
0.189 0.240
0.190 0.240
0.197 0.240
0.168 0.240
0.171 0.240
0.171 0.240
0.186 0.240
0.186 0.240
0.178 0.240
0.190 0.240
0.175 0.240
0.164 0.240
0.195 0.240
0.187 0.240
0.188 0.240
0.211 0.240
0.232 0.240
* 0.257 0.240
0.237 0.240
0.228 0.240
0.220 0.240
0.220 0.240
0.232 0.240
0.232 0.240
0.239 0.240
0.229 0.240
0.225 0.240
0.225 0.240
0.212 0.240
0.214 0.240
0.209 0.240
* 0.242 0.240
0.209 0.240
0.203 0.240
0.211 0.240
0.211 0.240
0.194 0.240
0.186 0.240
0.220 0.240
0.201 0.240
0.201 0.240
0.200 0.240
0.200 0.240
0.223 0.240
0.234 0.240
0.219 0.240
0.235 0.240
* 0.264 0.240
0.248 0.240
0.220 0.240
0.220 0.240
0.222 0.240
0.221 0.240
* 0.254 0.240
0.231 0.240
0.215 0.240
0.206 0.240
0.206 0.240
0.225 0.240
0.225 0.240
0.193 0.240
0.193 0.240
0.191 0.240
0.196 0.240
0.190 0.240
0.199 0.240
0.199 0.240
0.219 0.240
0.223 0.240
0.233 0.240
0.231 0.240
0.231 0.240
0.220 0.240
0.220 0.240
0.226 0.240
0.226 0.240
* 0.246 0.240
0.234 0.240
0.234 0.240
0.201 0.240
0.218 0.240
0.208 0.240
0.205 0.240
0.200 0.240
0.240 0.240
0.233 0.240
* 0.253 0.240
0.247 0.240
0.253 0.240
0.256 0.240
0.234 0.240
0.237 0.240
0.239 0.240
0.239 0.240
0.239 0.240
* 0.251 0.240
0.259 0.240
0.265 0.240
0.227 0.240
0.205 0.240
0.237 0.240
* 0.254 0.240
0.254 0.240
0.247 0.240
0.245 0.240
0.248 0.240
0.240 0.240
0.214 0.240
0.250 0.240
0.250 0.240
0.256 0.240
0.225 0.240
0.248 0.240
0.217 0.240
0.232 0.240
0.228 0.240
* 0.242 0.240
0.231 0.240
0.228 0.240
0.228 0.240
0.219 0.240
0.222 0.240
* 0.245 0.240
0.228 0.240
0.228 0.240
0.233 0.240
0.231 0.240
* 0.257 0.240
0.256 0.240
0.251 0.240
0.254 0.240
0.265 0.240
0.267 0.240
0.267 0.240
0.241 0.240
0.241 0.240
0.214 0.240
0.214 0.240
0.234 0.240
0.233 0.240
0.231 0.240
* 0.262 0.240
0.248 0.240
0.216 0.240
0.221 0.240
0.211 0.240
0.223 0.240
0.208 0.240
0.202 0.240
0.197 0.240
0.206 0.240
0.207 0.240
0.207 0.240
0.209 0.240
0.192 0.240
0.239 0.240
0.203 0.240
0.203 0.240
0.221 0.240
0.212 0.240
0.213 0.240
0.223 0.240
0.218 0.240
0.223 0.240
0.220 0.240
0.226 0.240
0.206 0.240
0.215 0.240
0.215 0.240
0.227 0.240
0.198 0.240
0.195 0.240
0.201 0.240
0.215 0.240
0.191 0.240
0.185 0.240
0.185 0.240
0.188 0.240
0.188 0.240
0.201 0.240
0.201 0.240
0.208 0.240
0.193 0.240
0.197 0.240
0.188 0.240
0.183 0.240
0.199 0.240
0.176 0.240
0.185 0.240
0.183 0.240
0.183 0.240
0.183 0.240
0.189 0.240
0.189 0.240
0.189 0.240
0.208 0.240
0.201 0.240
0.221 0.240
0.214 0.240
0.219 0.240
0.204 0.240
0.215 0.240
0.204 0.240
0.215 0.240
0.215 0.240
0.209 0.240
0.219 0.240
0.220 0.240
0.220 0.240
0.197 0.240
0.221 0.240
0.218 0.240
0.227 0.240
0.198 0.240
0.221 0.240
0.181 0.240
0.200 0.240
0.206 0.240
0.214 0.240
0.214 0.240
0.192 0.240
0.200 0.240
0.199 0.240
0.175 0.240
0.200 0.240
0.180 0.240
0.184 0.240
0.192 0.240
0.179 0.240
0.198 0.240
0.192 0.240
0.213 0.240
0.195 0.240
0.210 0.240
0.210 0.240
0.190 0.240
0.192 0.240
0.184 0.240
0.197 0.240
0.218 0.240
0.182 0.240
0.188 0.240
0.184 0.240
0.184 0.240
0.187 0.240
0.182 0.240
0.196 0.240
0.213 0.240
0.193 0.240
0.193 0.240
0.199 0.240
0.207 0.240
0.201 0.240
0.186 0.240
0.186 0.240
0.185 0.240
0.185 0.240
0.167 0.240
0.184 0.240
0.184 0.240
0.191 0.240
0.194 0.240
0.182 0.240
0.167 0.240
0.164 0.240
0.163 0.240
0.159 0.240
0.177 0.240
0.180 0.240
0.167 0.240
0.157 0.240
0.199 0.240
0.183 0.240
0.216 0.240
0.199 0.240
0.205 0.240
0.194 0.240
0.202 0.240
0.209 0.240
0.194 0.240
0.191 0.240
0.189 0.240
0.210 0.240
0.200 0.240
0.174 0.240
0.174 0.240
0.196 0.240
0.202 0.240
0.191 0.240
0.191 0.240
0.206 0.240
0.212 0.240
0.211 0.240
* 0.245 0.240
0.236 0.240
0.245 0.240
0.245 0.240
0.239 0.240
0.218 0.240
0.235 0.240
0.217 0.240
0.215 0.240
0.207 0.240
0.224 0.240
0.224 0.240
0.210 0.240
0.210 0.240
0.217 0.240
0.217 0.240
* 0.251 0.240
0.251 0.240
0.237 0.240
0.240 0.240
* 0.247 0.240
0.246 0.240
0.247 0.240
0.247 0.240
0.240 0.240
0.270 0.240
0.290 0.240
0.276 0.240
0.288 0.240
0.269 0.240
0.297 0.240
0.315 0.240
0.328 0.240
0.298 0.240
0.311 0.240
0.331 0.240
0.322 0.240
0.324 0.240
0.346 0.240
0.329 0.240
0.329 0.240
0.309 0.240
0.326 0.240
0.329 0.240
0.299 0.240
0.285 0.240
0.314 0.240
0.318 0.240
0.320 0.240
0.320 0.240
0.288 0.240
0.288 0.240
0.301 0.240
0.274 0.240
0.289 0.240
0.274 0.240
0.257 0.240
0.286 0.240
0.289 0.240
0.263 0.240
0.263 0.240
0.275 0.240
0.290 0.240
0.290 0.240
0.284 0.240
0.275 0.240
0.287 0.240
0.279 0.240
0.296 0.240
0.266 0.240
0.237 0.240
0.269 0.240
0.247 0.240
0.270 0.240
0.270 0.240
0.269 0.240
0.285 0.240
0.317 0.240
0.303 0.240
0.297 0.240
0.284 0.240
0.287 0.240
0.286 0.240
0.277 0.240
0.269 0.240
0.248 0.240
0.226 0.240
0.292 0.240
0.303 0.240
0.286 0.240
0.275 0.240
0.268 0.240
0.268 0.240
0.268 0.240
0.266 0.240
0.283 0.240
0.253 0.240
0.296 0.240
0.263 0.240
0.300 0.240
0.284 0.240
0.289 0.240
0.296 0.240
0.296 0.240
0.296 0.240
0.269 0.240
0.303 0.240
0.272 0.240
0.279 0.240
0.246 0.240
0.274 0.240
0.263 0.240
0.292 0.240
0.263 0.240
0.263 0.240
0.285 0.240
0.276 0.240
0.307 0.240
0.292 0.240
0.271 0.240
0.276 0.240
0.273 0.240
0.316 0.240
0.305 0.240
0.320 0.240
0.320 0.240
0.299 0.240
0.299 0.240
0.281 0.240
0.262 0.240
0.251 0.240
0.272 0.240
0.232 0.240
0.261 0.240
0.261 0.240
0.248 0.240
0.248 0.240
0.235 0.240
0.226 0.240
* 0.256 0.240
0.238 0.240
0.294 0.240
0.290 0.240
0.316 0.240
0.261 0.240
0.261 0.240
0.289 0.240
0.283 0.240
0.283 0.240
0.280 0.240
0.280 0.240
0.231 0.240
0.231 0.240
* 0.241 0.240
0.244 0.240
0.244 0.240
0.240 0.240
0.276 0.240
0.276 0.240
0.264 0.240
0.264 0.240
0.251 0.240
0.224 0.240
0.224 0.240
0.211 0.240
0.211 0.240
0.216 0.240
0.207 0.240
0.210 0.240
0.210 0.240
0.204 0.240
0.218 0.240
0.230 0.240
0.218 0.240
0.188 0.240
0.210 0.240
0.193 0.240
0.193 0.240
0.200 0.240
0.200 0.240
0.207 0.240
0.207 0.240
0.204 0.240
0.204 0.240
0.240 0.240
0.228 0.240
0.223 0.240
0.234 0.240
0.234 0.240
0.239 0.240
0.226 0.240
0.232 0.240
0.237 0.240
0.213 0.240
0.226 0.240
0.223 0.240
0.218 0.240
0.228 0.240
0.205 0.240
0.216 0.240
0.205 0.240
0.210 0.240
0.223 0.240
0.223 0.240
0.223 0.240
0.220 0.240
0.215 0.240
0.198 0.240
0.198 0.240
0.209 0.240
0.209 0.240
0.232 0.240
0.232 0.240
0.231 0.240
* 0.246 0.240
0.242 0.240
0.253 0.240
0.253 0.240
0.248 0.240
0.239 0.240
0.249 0.240
0.249 0.240
0.233 0.240
0.229 0.240
0.223 0.240
0.225 0.240
0.225 0.240
0.234 0.240
0.240 0.240
* 0.243 0.240
0.233 0.240
0.257 0.240
0.245 0.240
0.255 0.240
0.261 0.240
0.269 0.240
0.269 0.240
0.250 0.240
0.256 0.240
0.250 0.240
0.250 0.240
0.251 0.240
0.228 0.240
0.245 0.240
0.225 0.240
0.226 0.240
0.215 0.240
0.218 0.240
0.219 0.240
0.210 0.240
0.210 0.240
0.196 0.240
0.196 0.240
0.182 0.240
0.183 0.240
0.198 0.240
0.196 0.240
0.171 0.240
0.196 0.240
0.183 0.240
0.182 0.240
0.170 0.240
0.180 0.240
0.171 0.240
0.169 0.240
0.189 0.240
0.189 0.240
0.185 0.240
0.185 0.240
0.180 0.240
0.180 0.240
0.186 0.240
0.173 0.240
0.161 0.240
0.181 0.240
0.176 0.240
0.183 0.240
0.178 0.240
0.156 0.240
0.189 0.240
0.189 0.240
0.178 0.240
0.178 0.240
0.171 0.240
0.171 0.240
0.161 0.240
0.169 0.240
0.183 0.240
0.162 0.240
0.183 0.240
0.186 0.240
0.190 0.240
0.167 0.240
0.192 0.240
0.192 0.240
0.183 0.240
0.183 0.240
0.193 0.240
0.193 0.240
0.197 0.240
0.192 0.240
0.199 0.240
0.181 0.240
0.185 0.240
0.204 0.240
0.185 0.240
0.187 0.240
0.194 0.240
0.194 0.240
0.194 0.240
0.192 0.240
0.187 0.240
0.193 0.240
0.193 0.240
0.197 0.240
0.178 0.240
0.192 0.240
0.169 0.240
0.205 0.240
0.192 0.240
0.181 0.240
0.123 0.240
0.123 0.240
0.165 0.240
0.098 0.240
0.130 0.240
0.152 0.240
0.174 0.240
0.166 0.240
0.219 0.240
* 0.250 0.240
0.179 0.240
0.220 0.240
0.224 0.240
0.221 0.240
0.235 0.240
0.178 0.240
0.199 0.240
0.199 0.240
0.213 0.240
0.186 0.240
0.186 0.240
* 0.260 0.240
0.260 0.240
0.236 0.240
0.218 0.240
0.212 0.240
0.231 0.240
0.197 0.240
0.207 0.240
* 0.260 0.240
0.254 0.240
0.178 0.240
0.178 0.240
0.223 0.240
0.223 0.240
0.178 0.240
0.164 0.240
0.151 0.240
0.230 0.240
0.224 0.240
0.207 0.240
0.207 0.240
0.224 0.240
0.197 0.240
0.179 0.240
0.198 0.240
0.224 0.240
0.192 0.240
0.192 0.240
0.203 0.240
0.203 0.240
0.225 0.240
0.212 0.240
0.217 0.240
0.211 0.240
0.223 0.240
0.221 0.240
0.180 0.240
* 0.257 0.240
0.189 0.240
0.175 0.240
0.209 0.240
0.227 0.240
0.227 0.240
0.208 0.240
0.208 0.240
0.206 0.240
0.235 0.240
0.211 0.240
0.218 0.240
0.231 0.240
0.225 0.240
0.226 0.240
0.226 0.240
0.212 0.240
0.192 0.240
0.182 0.240
0.216 0.240
* 0.241 0.240
0.236 0.240
0.217 0.240
0.216 0.240
0.216 0.240
0.212 0.240
0.205 0.240
0.205 0.240
0.208 0.240
0.208 0.240
0.201 0.240
0.194 0.240
0.166 0.240
0.176 0.240
0.205 0.240
0.203 0.240
0.188 0.240
0.214 0.240
0.186 0.240
0.188 0.240
0.182 0.240
0.201 0.240
0.208 0.240
0.223 0.240
0.223 0.240
0.215 0.240
0.218 0.240
0.199 0.240
0.190 0.240
0.195 0.240
0.189 0.240
0.195 0.240
0.193 0.240
0.190 0.240
0.187 0.240
0.210 0.240
0.200 0.240
0.225 0.240
0.187 0.240
0.172 0.240
0.167 0.240
0.222 0.240
0.212 0.240
0.188 0.240
0.229 0.240
0.229 0.240
0.196 0.240
0.180 0.240
0.180 0.240
0.192 0.240
0.192 0.240
0.174 0.240
0.193 0.240
0.224 0.240
0.224 0.240
0.202 0.240
0.181 0.240
0.212 0.240
0.205 0.240
0.191 0.240
0.189 0.240
0.206 0.240
0.186 0.240
0.186 0.240
0.215 0.240
0.228 0.240
0.203 0.240
0.177 0.240
0.188 0.240
0.221 0.240
0.236 0.240
0.236 0.240
0.215 0.240
0.215 0.240
* 0.253 0.240
0.206 0.240
0.219 0.240
0.234 0.240
0.219 0.240
0.183 0.240
0.182 0.240
0.182 0.240
0.165 0.240
0.165 0.240
0.182 0.240
0.182 0.240
0.194 0.240
0.194 0.240
0.199 0.240
0.195 0.240
0.193 0.240
0.208 0.240
0.172 0.240
0.175 0.240
0.181 0.240
0.181 0.240
0.182 0.240
0.182 0.240
0.210 0.240
0.210 0.240
0.166 0.240
0.189 0.240
0.167 0.240
0.191 0.240
0.178 0.240
0.178 0.240
0.202 0.240
0.186 0.240
0.176 0.240
0.197 0.240
0.204 0.240
0.185 0.240
0.172 0.240
0.172 0.240
0.173 0.240
0.155 0.240
0.181 0.240
0.175 0.240
0.168 0.240
0.183 0.240
0.213 0.240
0.167 0.240
0.168 0.240
0.202 0.240
0.165 0.240
0.172 0.240
0.155 0.240
0.155 0.240
0.182 0.240
0.182 0.240
0.214 0.240
0.214 0.240
0.193 0.240
0.154 0.240
0.196 0.240
0.185 0.240
0.159 0.240
0.157 0.240
0.170 0.240
0.207 0.240
0.188 0.240
0.190 0.240
0.166 0.240
0.166 0.240
0.180 0.240
0.155 0.240
0.155 0.240
0.165 0.240
0.179 0.240
0.176 0.240
0.176 0.240
0.175 0.240
0.175 0.240
0.177 0.240
0.168 0.240
0.173 0.240
0.173 0.240
0.162 0.240
0.162 0.240
0.155 0.240
0.155 0.240
0.153 0.240
0.170 0.240
0.184 0.240
0.155 0.240
0.162 0.240
0.200 0.240
0.196 0.240
0.204 0.240
0.182 0.240
0.182 0.240
0.185 0.240
0.185 0.240
0.195 0.240
0.195 0.240
0.190 0.240
0.190 0.240
0.200 0.240
0.192 0.240
0.210 0.240
0.194 0.240
0.210 0.240
0.174 0.240
0.182 0.240
0.181 0.240
0.187 0.240
0.188 0.240
0.183 0.240
0.183 0.240
0.169 0.240
0.167 0.240
0.157 0.240
0.171 0.240
0.167 0.240
0.172 0.240
0.161 0.240
0.180 0.240
0.167 0.240
0.167 0.240
0.162 0.240
0.162 0.240
0.162 0.240
0.166 0.240
0.172 0.240
0.158 0.240
0.176 0.240
0.167 0.240
0.178 0.240
0.160 0.240
0.160 0.240
0.157 0.240
0.157 0.240
0.160 0.240
0.152 0.240
0.162 0.240
0.169 0.240
0.181 0.240
0.164 0.240
0.188 0.240
0.177 0.240
0.177 0.240
0.197 0.240
0.197 0.240
0.183 0.240
0.156 0.240
0.188 0.240
0.197 0.240
0.197 0.240
0.219 0.240
0.201 0.240
0.173 0.240
0.175 0.240
0.202 0.240
0.185 0.240
0.170 0.240
0.196 0.240
0.194 0.240
0.194 0.240
0.178 0.240
0.155 0.240
0.171 0.240
0.172 0.240
0.172 0.240
0.172 0.240
0.193 0.240
0.192 0.240
0.192 0.240
0.192 0.240
0.192 0.240
0.169 0.240
0.174 0.240
0.203 0.240
0.174 0.240
0.186 0.240
0.188 0.240
0.179 0.240
0.174 0.240
0.181 0.240
0.203 0.240
0.189 0.240
0.162 0.240
0.162 0.240
0.167 0.240
0.180 0.240
0.170 0.240
0.182 0.240
0.163 0.240
0.163 0.240
0.190 0.240
0.179 0.240
0.169 0.240
0.151 0.240
0.137 0.240
0.155 0.240
0.175 0.240
0.175 0.240
0.181 0.240
0.190 0.240
0.216 0.240
0.197 0.240
0.218 0.240
0.203 0.240
0.219 0.240
0.189 0.240
0.223 0.240
0.225 0.240
0.215 0.240
0.196 0.240
0.229 0.240
0.181 0.240
0.172 0.240
0.176 0.240
0.183 0.240
0.178 0.240
0.178 0.240
0.183 0.240
0.198 0.240
0.197 0.240
0.204 0.240
0.200 0.240
0.221 0.240
0.210 0.240
0.221 0.240
0.219 0.240
0.210 0.240
0.210 0.240
0.218 0.240
0.200 0.240
0.209 0.240
0.218 0.240
0.222 0.240
0.182 0.240
0.182 0.240
0.223 0.240
0.202 0.240
0.202 0.240
0.202 0.240
0.197 0.240
0.180 0.240
0.181 0.240
0.187 0.240
0.185 0.240
0.192 0.240
0.167 0.240
0.207 0.240
0.167 0.240
0.167 0.240
0.172 0.240
0.172 0.240
0.172 0.240
0.172 0.240
0.177 0.240
0.197 0.240
0.198 0.240
0.183 0.240
0.175 0.240
0.166 0.240
0.171 0.240
0.181 0.240
0.172 0.240
0.172 0.240
0.163 0.240
0.163 0.240
0.177 0.240
0.168 0.240
0.168 0.240
0.183 0.240
0.183 0.240
0.175 0.240
0.175 0.240
0.179 0.240
0.166 0.240
0.155 0.240
0.167 0.240
0.163 0.240
0.175 0.240
0.175 0.240
0.164 0.240
0.159 0.240
0.146 0.240
0.171 0.240
0.162 0.240
0.150 0.240
0.145 0.240
0.157 0.240
0.146 0.240
0.165 0.240
0.144 0.240
0.168 0.240
0.162 0.240
0.162 0.240
0.163 0.240
0.152 0.240
0.152 0.240
0.167 0.240
0.167 0.240
0.156 0.240
0.143 0.240
0.143 0.240
0.149 0.240
0.149 0.240
0.151 0.240
0.154 0.240
0.155 0.240
0.166 0.240
0.164 0.240
0.167 0.240
0.167 0.240
0.169 0.240
0.169 0.240
0.173 0.240
0.149 0.240
0.149 0.240
0.173 0.240
0.173 0.240
0.196 0.240
0.187 0.240
0.203 0.240
0.190 0.240
0.199 0.240
0.218 0.240
0.207 0.240
0.219 0.240
0.213 0.240
0.213 0.240
0.212 0.240
0.221 0.240
0.221 0.240
0.212 0.240
0.212 0.240
0.203 0.240
0.203 0.240
* 0.242 0.240
0.232 0.240
0.256 0.240
0.234 0.240
0.239 0.240
0.234 0.240
* 0.261 0.240
0.213 0.240
0.230 0.240
* 0.254 0.240
0.259 0.240
0.260 0.240
0.261 0.240
0.258 0.240
0.240 0.240
0.240 0.240
0.234 0.240
0.240 0.240
* 0.247 0.240
0.242 0.240
0.252 0.240
0.264 0.240
0.250 0.240
0.265 0.240
0.275 0.240
0.266 0.240
0.238 0.240
0.257 0.240
0.244 0.240
0.243 0.240
0.244 0.240
0.250 0.240
0.242 0.240
0.239 0.240
0.231 0.240
0.231 0.240
0.229 0.240
0.229 0.240
0.233 0.240
0.230 0.240
0.230 0.240
0.221 0.240
0.223 0.240
* 0.248 0.240
0.215 0.240
0.236 0.240
0.234 0.240
0.217 0.240
0.205 0.240
0.208 0.240
0.191 0.240
0.215 0.240
0.227 0.240
0.227 0.240
0.230 0.240
0.226 0.240
0.227 0.240
0.227 0.240
0.216 0.240
0.227 0.240
* 0.253 0.240
0.216 0.240
0.224 0.240
0.239 0.240
0.236 0.240
0.236 0.240
0.236 0.240
0.236 0.240
* 0.250 0.240
0.250 0.240
0.275 0.240
0.275 0.240
0.262 0.240
0.266 0.240
0.251 0.240
0.241 0.240
0.239 0.240
0.241 0.240
0.217 0.240
0.231 0.240
* 0.250 0.240
0.250 0.240
0.221 0.240
0.221 0.240
* 0.247 0.240
0.247 0.240
0.220 0.240
0.254 0.240
0.254 0.240
0.225 0.240
0.225 0.240
* 0.252 0.240
0.239 0.240
0.221 0.240
* 0.248 0.240
0.203 0.240
0.217 0.240
0.210 0.240
0.210 0.240
0.217 0.240
0.217 0.240
0.218 0.240
0.218 0.240
0.236 0.240
0.236 0.240
0.225 0.240
0.222 0.240
0.230 0.240
0.228 0.240
0.231 0.240
0.223 0.240
0.222 0.240
0.222 0.240
* 0.243 0.240
0.208 0.240
0.200 0.240
0.208 0.240
0.184 0.240
0.212 0.240
0.192 0.240
0.223 0.240
0.219 0.240
0.216 0.240
0.196 0.240
0.211 0.240
0.218 0.240
0.223 0.240
0.212 0.240
0.207 0.240
0.207 0.240
0.216 0.240
0.228 0.240
0.235 0.240
0.235 0.240
0.215 0.240
0.224 0.240
0.218 0.240
* 0.245 0.240
0.238 0.240
0.257 0.240
0.249 0.240
0.257 0.240
0.240 0.240
0.240 0.240
0.220 0.240
0.221 0.240
0.221 0.240
0.212 0.240
0.212 0.240
0.233 0.240
0.233 0.240
0.227 0.240
0.221 0.240
0.214 0.240
0.207 0.240
0.232 0.240
0.223 0.240
* 0.254 0.240
0.246 0.240
0.230 0.240
0.257 0.240
0.240 0.240
0.240 0.240
0.237 0.240
0.237 0.240
* 0.246 0.240
0.254 0.240
0.222 0.240
0.220 0.240
0.223 0.240
0.201 0.240
0.210 0.240
0.211 0.240
0.211 0.240
0.206 0.240
0.206 0.240
0.221 0.240
0.183 0.240
0.220 0.240
0.196 0.240
0.198 0.240
0.213 0.240
0.208 0.240
0.228 0.240
0.216 0.240
* 0.243 0.240
0.238 0.240
0.237 0.240
0.231 0.240
0.240 0.240
* 0.257 0.240
0.240 0.240
0.245 0.240
0.245 0.240
0.256 0.240
0.230 0.240
0.217 0.240
0.210 0.240
0.208 0.240
0.231 0.240
0.225 0.240
0.230 0.240
0.233 0.240
* 0.252 0.240
0.240 0.240
0.222 0.240
0.230 0.240
0.226 0.240
0.229 0.240
0.238 0.240
* 0.248 0.240
0.248 0.240
0.246 0.240
0.233 0.240
0.221 0.240
0.234 0.240
0.226 0.240
0.234 0.240
0.234 0.240
* 0.243 0.240
0.225 0.240
0.221 0.240
0.231 0.240
0.226 0.240
* 0.246 0.240
0.251 0.240
0.248 0.240
0.229 0.240
0.237 0.240
0.231 0.240
* 0.246 0.240
0.246 0.240
0.236 0.240
0.229 0.240
0.224 0.240
0.226 0.240
0.229 0.240
* 0.245 0.240
0.251 0.240
0.251 0.240
0.246 0.240
0.263 0.240
0.262 0.240
0.262 0.240
0.227 0.240
0.227 0.240
* 0.248 0.240
0.247 0.240
0.246 0.240
0.227 0.240
0.226 0.240
0.225 0.240
0.224 0.240
* 0.244 0.240
0.250 0.240
0.213 0.240
0.213 0.240
0.207 0.240
0.186 0.240
0.212 0.240
0.194 0.240
0.226 0.240
0.227 0.240
0.225 0.240
0.224 0.240
0.227 0.240
0.240 0.240
0.233 0.240
0.238 0.240
0.226 0.240
0.223 0.240
0.222 0.240
0.234 0.240
0.234 0.240
0.230 0.240
0.205 0.240
0.205 0.240
0.195 0.240
0.195 0.240
0.193 0.240
0.207 0.240
0.192 0.240
0.199 0.240
0.232 0.240
0.223 0.240
* 0.241 0.240
0.245 0.240
0.213 0.240
0.238 0.240
0.218 0.240
0.218 0.240
0.226 0.240
0.226 0.240
0.224 0.240
0.224 0.240
0.220 0.240
0.227 0.240
* 0.241 0.240
0.219 0.240
0.210 0.240
0.199 0.240
0.205 0.240
0.191 0.240
0.182 0.240
0.189 0.240
0.190 0.240
0.190 0.240
0.184 0.240
0.198 0.240
0.185 0.240
0.195 0.240
0.210 0.240
0.200 0.240
0.202 0.240
0.206 0.240
0.222 0.240
0.209 0.240
* 0.255 0.240
0.212 0.240
0.201 0.240
0.201 0.240
0.183 0.240
0.210 0.240
0.170 0.240
0.178 0.240
0.178 0.240
0.160 0.240
0.187 0.240
0.239 0.240
0.205 0.240
0.195 0.240
0.187 0.240
0.194 0.240
0.216 0.240
0.196 0.240
0.165 0.240
0.185 0.240
0.219 0.240
0.238 0.240
0.206 0.240
0.206 0.240
0.182 0.240
0.182 0.240
0.171 0.240
0.171 0.240
0.174 0.240
0.185 0.240
0.176 0.240
0.202 0.240
0.184 0.240
0.207 0.240
0.184 0.240
0.177 0.240
0.188 0.240
0.165 0.240
0.163 0.240
0.176 0.240
0.196 0.240
0.199 0.240
0.199 0.240
0.231 0.240
0.166 0.240
0.176 0.240
0.176 0.240
0.214 0.240
0.223 0.240
0.237 0.240
0.238 0.240
* 0.258 0.240
0.258 0.240
0.241 0.240
0.228 0.240
0.228 0.240
0.227 0.240
0.233 0.240
* 0.240 0.240
0.224 0.240
0.226 0.240
0.226 0.240
* 0.242 0.240
0.210 0.240
0.221 0.240
0.225 0.240
0.229 0.240
0.227 0.240
0.210 0.240
0.205 0.240
0.215 0.240
0.209 0.240
0.204 0.240
0.214 0.240
0.209 0.240
0.200 0.240
0.198 0.240
0.220 0.240
0.220 0.240
0.232 0.240
0.221 0.240
0.221 0.240
0.224 0.240
0.227 0.240
0.232 0.240
0.218 0.240
0.218 0.240
0.220 0.240
0.187 0.240
0.207 0.240
0.213 0.240
0.235 0.240
0.221 0.240
0.221 0.240
0.191 0.240
0.195 0.240
0.207 0.240
0.211 0.240
0.229 0.240
0.195 0.240
0.195 0.240
0.199 0.240
0.199 0.240
0.189 0.240
0.223 0.240
0.175 0.240
0.188 0.240
0.193 0.240
0.191 0.240
0.226 0.240
0.215 0.240
0.202 0.240
0.195 0.240
0.188 0.240
0.176 0.240
0.185 0.240
0.170 0.240
0.199 0.240
0.195 0.240
* 0.249 0.240
0.219 0.240
0.219 0.240
0.237 0.240
0.225 0.240
0.225 0.240
0.228 0.240
0.237 0.240
0.219 0.240
0.216 0.240
0.220 0.240
* 0.240 0.240
0.236 0.240
0.221 0.240
0.225 0.240
0.212 0.240
0.212 0.240
0.210 0.240
0.178 0.240
0.211 0.240
0.216 0.240
0.189 0.240
0.191 0.240
0.185 0.240
0.183 0.240
0.196 0.240
0.182 0.240
0.184 0.240
0.183 0.240
0.183 0.240
0.179 0.240
0.173 0.240
0.173 0.240
0.188 0.240
0.188 0.240
0.205 0.240
0.182 0.240
0.185 0.240
0.168 0.240
0.214 0.240
0.172 0.240
0.190 0.240
0.190 0.240
0.198 0.240
0.198 0.240
0.198 0.240
0.190 0.240
0.184 0.240
0.205 0.240
0.205 0.240
0.198 0.240
0.192 0.240
0.173 0.240
0.186 0.240
0.189 0.240
0.187 0.240
0.183 0.240
0.193 0.240
0.193 0.240
0.210 0.240
0.210 0.240
0.196 0.240
0.196 0.240
0.196 0.240
0.204 0.240
0.197 0.240
0.204 0.240
0.208 0.240
0.194 0.240
0.209 0.240
0.177 0.240
0.177 0.240
0.185 0.240
0.184 0.240
0.206 0.240
0.230 0.240
0.202 0.240
0.214 0.240
0.185 0.240
0.198 0.240
0.208 0.240
0.210 0.240
0.203 0.240
0.222 0.240
0.212 0.240
0.212 0.240
0.203 0.240
0.196 0.240
0.173 0.240
0.197 0.240
0.197 0.240
0.207 0.240
0.198 0.240
0.199 0.240
0.199 0.240
0.197 0.240
0.197 0.240
0.203 0.240
0.191 0.240
0.216 0.240
0.195 0.240
0.199 0.240
0.214 0.240
0.202 0.240
0.192 0.240
0.205 0.240
0.209 0.240
0.208 0.240
0.196 0.240
0.191 0.240
0.192 0.240
0.192 0.240
0.176 0.240
0.176 0.240
0.183 0.240
0.197 0.240
0.196 0.240
0.187 0.240
0.191 0.240
0.193 0.240
0.199 0.240
0.206 0.240
0.196 0.240
0.205 0.240
0.222 0.240
* 0.242 0.240
0.208 0.240
0.205 0.240
0.221 0.240
0.223 0.240
0.223 0.240
0.226 0.240
0.226 0.240
0.233 0.240
0.230 0.240
0.230 0.240
0.223 0.240
* 0.248 0.240
0.246 0.240
0.234 0.240
0.227 0.240
0.239 0.240
0.223 0.240
0.234 0.240
0.205 0.240
0.205 0.240
0.222 0.240
* 0.244 0.240
0.213 0.240
0.213 0.240
* 0.249 0.240
0.250 0.240
0.258 0.240
0.240 0.240
0.240 0.240
* 0.253 0.240
0.253 0.240
0.222 0.240
0.246 0.240
0.244 0.240
0.244 0.240
0.267 0.240
0.239 0.240
0.239 0.240
* 0.253 0.240
0.227 0.240
0.269 0.240
0.236 0.240
0.250 0.240
0.237 0.240
0.234 0.240
0.235 0.240
0.231 0.240
0.214 0.240
0.213 0.240
0.213 0.240
0.217 0.240
0.201 0.240
0.219 0.240
0.210 0.240
0.222 0.240
0.209 0.240
0.193 0.240
0.222 0.240
* 0.256 0.240
0.221 0.240
0.245 0.240
0.234 0.240
0.214 0.240
0.202 0.240
0.202 0.240
0.214 0.240
0.213 0.240
0.197 0.240
0.202 0.240
0.216 0.240
0.228 0.240
0.210 0.240
0.234 0.240
0.214 0.240
0.226 0.240
0.227 0.240
0.231 0.240
0.209 0.240
0.206 0.240
0.206 0.240
0.207 0.240
0.215 0.240
0.216 0.240
0.212 0.240
0.215 0.240
0.229 0.240
0.219 0.240
0.218 0.240
0.226 0.240
0.209 0.240
* 0.241 0.240
0.204 0.240
0.207 0.240
0.228 0.240
0.202 0.240
0.204 0.240
0.211 0.240
0.210 0.240
0.210 0.240
0.199 0.240
0.199 0.240
0.188 0.240
0.188 0.240
0.210 0.240
0.206 0.240
0.193 0.240
0.182 0.240
0.189 0.240
0.189 0.240
0.191 0.240
0.209 0.240
0.199 0.240
0.196 0.240
0.197 0.240
0.196 0.240
0.210 0.240
0.186 0.240
0.221 0.240
0.198 0.240
0.192 0.240
0.180 0.240
0.183 0.240
0.183 0.240
0.200 0.240
0.181 0.240
0.169 0.240
0.169 0.240
0.187 0.240
0.167 0.240
0.167 0.240
0.183 0.240
0.183 0.240
0.176 0.240
0.176 0.240
0.165 0.240
0.163 0.240
0.165 0.240
0.180 0.240
0.156 0.240
0.165 0.240
0.161 0.240
0.163 0.240
0.164 0.240
0.174 0.240
0.189 0.240
0.191 0.240
0.182 0.240
0.157 0.240
0.157 0.240
0.182 0.240
0.197 0.240
0.195 0.240
0.195 0.240
0.177 0.240
0.166 0.240
0.164 0.240
0.166 0.240
0.175 0.240
0.173 0.240
0.193 0.240
0.176 0.240
0.170 0.240
0.197 0.240
0.174 0.240
0.174 0.240
0.148 0.240
0.148 0.240
0.162 0.240
0.153 0.240
0.144 0.240
0.138 0.240
0.166 0.240
0.159 0.240
0.166 0.240
0.161 0.240
0.170 0.240
0.141 0.240
0.185 0.240
0.174 0.240
0.158 0.240
0.158 0.240
0.185 0.240
0.199 0.240
0.171 0.240
0.168 0.240
0.160 0.240
0.236 0.240
0.194 0.240
0.182 0.240
0.190 0.240
0.236 0.240
0.202 0.240
0.225 0.240
0.187 0.240
0.188 0.240
0.189 0.240
0.182 0.240
0.175 0.240
* 0.241 0.240
0.288 0.240
0.234 0.240
0.210 0.240
0.233 0.240
0.205 0.240
0.205 0.240
0.213 0.240
0.226 0.240
0.200 0.240
0.202 0.240
0.225 0.240
* 0.254 0.240
0.230 0.240
0.249 0.240
0.239 0.240
0.265 0.240
0.239 0.240
0.288 0.240
0.288 0.240
0.239 0.240
0.239 0.240
* 0.250 0.240
0.250 0.240
0.243 0.240
0.279 0.240
0.274 0.240
0.253 0.240
0.253 0.240
0.279 0.240
0.279 0.240
0.273 0.240
0.273 0.240
0.253 0.240
0.241 0.240
0.268 0.240
0.248 0.240
0.259 0.240
0.260 0.240
0.270 0.240
0.270 0.240
0.232 0.240
0.307 0.240
0.299 0.240
0.266 0.240
0.305 0.240
0.293 0.240
0.299 0.240
0.299 0.240
0.301 0.240
0.288 0.240
0.316 0.240
0.313 0.240
0.324 0.240
0.337 0.240
0.339 0.240
0.328 0.240
0.318 0.240
0.330 0.240
0.330 0.240
0.336 0.240
0.356 0.240
0.347 0.240
0.344 0.240
0.343 0.240
0.353 0.240
0.336 0.240
0.325 0.240
0.311 0.240
0.311 0.240
0.335 0.240
0.335 0.240
0.328 0.240
0.343 0.240
0.346 0.240
0.329 0.240
0.329 0.240
0.347 0.240
0.348 0.240
0.259 0.240
0.293 0.240
0.269 0.240
0.272 0.240
0.294 0.240
0.278 0.240
0.278 0.240
0.273 0.240
0.273 0.240
0.279 0.240
0.269 0.240
0.277 0.240
0.269 0.240
0.256 0.240
0.290 0.240
0.272 0.240
0.272 0.240
0.272 0.240
0.279 0.240
0.279 0.240
0.290 0.240
0.271 0.240
0.279 0.240
0.274 0.240
0.253 0.240
0.245 0.240
0.245 0.240
0.287 0.240
0.274 0.240
0.251 0.240
0.276 0.240
0.254 0.240
0.266 0.240
0.275 0.240
0.276 0.240
0.276 0.240
0.283 0.240
0.283 0.240
0.263 0.240
0.255 0.240
0.285 0.240
0.293 0.240
0.277 0.240
0.286 0.240
0.301 0.240
0.292 0.240
0.316 0.240
0.285 0.240
0.301 0.240
0.301 0.240
0.313 0.240
0.313 0.240
0.304 0.240
0.317 0.240
0.341 0.240
0.272 0.240
0.272 0.240
0.322 0.240
0.322 0.240
0.318 0.240
0.318 0.240
0.282 0.240
0.293 0.240
0.268 0.240
0.258 0.240
0.301 0.240
0.257 0.240
0.266 0.240
0.274 0.240
0.263 0.240
0.282 0.240
0.280 0.240
0.280 0.240
0.285 0.240
0.273 0.240
0.279 0.240
0.284 0.240
0.257 0.240
0.298 0.240
0.291 0.240
0.291 0.240
0.247 0.240
0.247 0.240
0.277 0.240
0.251 0.240
0.264 0.240
0.305 0.240
0.266 0.240
0.266 0.240
0.289 0.240
0.305 0.240
0.276 0.240
0.266 0.240
0.265 0.240
0.265 0.240
0.254 0.240
0.281 0.240
0.261 0.240
0.289 0.240
0.251 0.240
0.262 0.240
0.277 0.240
0.276 0.240
0.279 0.240
0.294 0.240
0.281 0.240
0.256 0.240
0.271 0.240
0.271 0.240
0.280 0.240
0.291 0.240
0.291 0.240
0.258 0.240
0.258 0.240
0.260 0.240
0.259 0.240
0.259 0.240
0.249 0.240
0.266 0.240
0.260 0.240
0.247 0.240
0.256 0.240
0.255 0.240
0.261 0.240
0.248 0.240
0.248 0.240
0.283 0.240
0.283 0.240
0.260 0.240
0.260 0.240
0.290 0.240
0.294 0.240
0.275 0.240
0.295 0.240
0.289 0.240
0.299 0.240
0.288 0.240
0.279 0.240
0.269 0.240
0.269 0.240
0.274 0.240
0.284 0.240
0.283 0.240
0.283 0.240
0.283 0.240
0.288 0.240
0.288 0.240
0.303 0.240
0.303 0.240
0.281 0.240
0.290 0.240
0.272 0.240
0.272 0.240
0.263 0.240
0.282 0.240
0.247 0.240
0.247 0.240
0.283 0.240
0.283 0.240
0.275 0.240
0.263 0.240
0.280 0.240
0.262 0.240
0.280 0.240
0.300 0.240
0.260 0.240
0.260 0.240
0.260 0.240
0.250 0.240
0.272 0.240
0.259 0.240
0.262 0.240
0.259 0.240
0.247 0.240
0.263 0.240
0.263 0.240
0.263 0.240
0.284 0.240
0.284 0.240
0.301 0.240
0.301 0.240
0.266 0.240
0.269 0.240
0.265 0.240
0.263 0.240
0.256 0.240
0.281 0.240
0.264 0.240
0.271 0.240
0.274 0.240
0.274 0.240
0.267 0.240
0.260 0.240
0.260 0.240
0.263 0.240
0.253 0.240
0.256 0.240
0.247 0.240
0.254 0.240
0.247 0.240
0.253 0.240
0.262 0.240
0.256 0.240
0.239 0.240
0.239 0.240
* 0.242 0.240
0.236 0.240
0.236 0.240
* 0.242 0.240
0.242 0.240
0.260 0.240
0.260 0.240
0.253 0.240
0.250 0.240
0.257 0.240
0.233 0.240
0.247 0.240
0.242 0.240
0.227 0.240
0.242 0.240
0.240 0.240
0.242 0.240
0.230 0.240
0.232 0.240
0.223 0.240
0.237 0.240
0.231 0.240
0.227 0.240
* 0.243 0.240
0.253 0.240
0.253 0.240
0.234 0.240
0.229 0.240
0.229 0.240
0.227 0.240
0.234 0.240
* 0.244 0.240
0.244 0.240
0.246 0.240
0.246 0.240
0.238 0.240
0.215 0.240
0.201 0.240
0.207 0.240
0.201 0.240
0.187 0.240
0.236 0.240
0.232 0.240
0.229 0.240
0.236 0.240
0.239 0.240
0.239 0.240
0.239 0.240
0.234 0.240
0.230 0.240
0.219 0.240
* 0.240 0.240
0.232 0.240
0.230 0.240
0.236 0.240
0.212 0.240
0.203 0.240
0.215 0.240
0.224 0.240
0.227 0.240
0.219 0.240
0.231 0.240
0.215 0.240
0.215 0.240
* 0.241 0.240
0.225 0.240
0.236 0.240
0.207 0.240
0.210 0.240
0.214 0.240
0.216 0.240
0.211 0.240
0.227 0.240
0.188 0.240
0.202 0.240
0.206 0.240
0.218 0.240
0.211 0.240
0.205 0.240
0.205 0.240
0.221 0.240
0.196 0.240
0.189 0.240
0.179 0.240
0.179 0.240
0.226 0.240
0.228 0.240
* 0.256 0.240
0.236 0.240
0.216 0.240
0.218 0.240
0.233 0.240
* 0.262 0.240
0.227 0.240
0.263 0.240
0.271 0.240
0.271 0.240
0.245 0.240
0.226 0.240
0.221 0.240
0.221 0.240
0.220 0.240
0.208 0.240
0.218 0.240
0.221 0.240
0.233 0.240
0.214 0.240
0.227 0.240
0.233 0.240
0.231 0.240
0.204 0.240
0.208 0.240
0.208 0.240
0.193 0.240
0.193 0.240
0.195 0.240
0.195 0.240
0.215 0.240
0.214 0.240
0.224 0.240
0.239 0.240
0.228 0.240
0.201 0.240
0.207 0.240
0.184 0.240
0.190 0.240
0.197 0.240
0.200 0.240
0.228 0.240
0.228 0.240
0.223 0.240
0.223 0.240
0.200 0.240
0.204 0.240
0.200 0.240
0.218 0.240
0.218 0.240
0.192 0.240
0.192 0.240
0.198 0.240
0.198 0.240
0.181 0.240
0.195 0.240
0.174 0.240
0.196 0.240
0.175 0.240
0.197 0.240
0.176 0.240
0.191 0.240
0.192 0.240
0.192 0.240
0.221 0.240
0.221 0.240
0.196 0.240
0.201 0.240
0.199 0.240
0.209 0.240
0.181 0.240
0.194 0.240
0.194 0.240
0.190 0.240
0.182 0.240
0.182 0.240
0.211 0.240
0.211 0.240
0.201 0.240
0.208 0.240
0.218 0.240
0.210 0.240
0.195 0.240
0.199 0.240
0.214 0.240
0.221 0.240
0.184 0.240
0.208 0.240
0.193 0.240
0.197 0.240
0.185 0.240
0.184 0.240
0.192 0.240
0.183 0.240
0.194 0.240
0.179 0.240
0.182 0.240
0.218 0.240
0.218 0.240
0.216 0.240
0.201 0.240
0.188 0.240
0.204 0.240
0.196 0.240
0.177 0.240
0.191 0.240
0.176 0.240
0.176 0.240
0.179 0.240
0.179 0.240
0.198 0.240
0.198 0.240
0.197 0.240
0.198 0.240
0.192 0.240
0.174 0.240
0.194 0.240
0.198 0.240
0.212 0.240
0.206 0.240
0.206 0.240
0.185 0.240
0.177 0.240
0.177 0.240
0.194 0.240
0.194 0.240
0.199 0.240
0.176 0.240
0.176 0.240
0.186 0.240
0.192 0.240
0.181 0.240
0.183 0.240
0.197 0.240
0.190 0.240
0.192 0.240
0.187 0.240
0.184 0.240
0.178 0.240
0.180 0.240
0.180 0.240
0.197 0.240
0.197 0.240
0.214 0.240
0.214 0.240
0.206 0.240
0.186 0.240
0.186 0.240
0.191 0.240
0.196 0.240
0.210 0.240
0.207 0.240
0.180 0.240
0.191 0.240
0.185 0.240
0.190 0.240
0.188 0.240
0.187 0.240
0.184 0.240
0.184 0.240
0.195 0.240
0.195 0.240
0.181 0.240
0.181 0.240
* 0.249 0.240
0.218 0.240
0.233 0.240
0.224 0.240
0.233 0.240
0.208 0.240
0.191 0.240
0.182 0.240
0.194 0.240
0.181 0.240
0.194 0.240
0.198 0.240
0.204 0.240
0.221 0.240
0.221 0.240
0.179 0.240
0.184 0.240
0.183 0.240
0.177 0.240
0.177 0.240
0.176 0.240
0.176 0.240
0.181 0.240
0.185 0.240
0.183 0.240
0.184 0.240
0.191 0.240
0.201 0.240
0.221 0.240
0.188 0.240
0.185 0.240
0.209 0.240
0.209 0.240
* 0.259 0.240
0.214 0.240
0.244 0.240
0.253 0.240
0.251 0.240
0.226 0.240
0.190 0.240
0.190 0.240
0.190 0.240
0.196 0.240
0.196 0.240
0.191 0.240
0.191 0.240
0.174 0.240
0.201 0.240
0.166 0.240
0.161 0.240
0.184 0.240
0.156 0.240
0.174 0.240
0.173 0.240
0.168 0.240
0.174 0.240
0.189 0.240
0.196 0.240
0.196 0.240
0.207 0.240
0.207 0.240
0.188 0.240
0.160 0.240
0.163 0.240
0.155 0.240
0.176 0.240
0.172 0.240
0.171 0.240
0.189 0.240
0.189 0.240
0.233 0.240
* 0.243 0.240
0.243 0.240
0.233 0.240
0.233 0.240
0.196 0.240
0.196 0.240
0.195 0.240
0.195 0.240
0.195 0.240
0.186 0.240
0.184 0.240
0.206 0.240
0.194 0.240
0.201 0.240
0.218 0.240
0.213 0.240
0.210 0.240
0.238 0.240
0.207 0.240
0.208 0.240
0.208 0.240
0.213 0.240
0.203 0.240
0.207 0.240
0.217 0.240
0.192 0.240
0.202 0.240
0.181 0.240
0.212 0.240
0.200 0.240
0.227 0.240
0.227 0.240
0.237 0.240
* 0.248 0.240
0.236 0.240
0.239 0.240
0.238 0.240
* 0.261 0.240
0.224 0.240
0.290 0.240
0.268 0.240
0.274 0.240
0.295 0.240
0.279 0.240
0.269 0.240
0.269 0.240
0.260 0.240
0.272 0.240
0.247 0.240
0.211 0.240
0.210 0.240
* 0.254 0.240
0.240 0.240
0.259 0.240
0.259 0.240
0.240 0.240
0.275 0.240
0.286 0.240
0.237 0.240
0.265 0.240
0.254 0.240
0.264 0.240
0.264 0.240
0.256 0.240
0.256 0.240
0.287 0.240
0.287 0.240
0.281 0.240
0.281 0.240
0.269 0.240
0.283 0.240
0.313 0.240
0.272 0.240
0.262 0.240
0.278 0.240
0.287 0.240
0.289 0.240
0.289 0.240
0.282 0.240
0.282 0.240
0.287 0.240
0.273 0.240
0.285 0.240
0.247 0.240
0.274 0.240
0.281 0.240
0.287 0.240
0.248 0.240
0.283 0.240
0.283 0.240
0.257 0.240
0.284 0.240
0.254 0.240
0.303 0.240
0.303 0.240
0.303 0.240
0.290 0.240
0.317 0.240
0.317 0.240
0.291 0.240
0.270 0.240
0.270 0.240
0.288 0.240
0.298 0.240
0.289 0.240
0.298 0.240
0.283 0.240
0.280 0.240
0.286 0.240
0.284 0.240
0.306 0.240
0.273 0.240
0.290 0.240
0.290 0.240
0.285 0.240
0.285 0.240
0.311 0.240
0.311 0.240
0.301 0.240
0.291 0.240
0.283 0.240
0.273 0.240
0.277 0.240
0.282 0.240
0.270 0.240
0.260 0.240
0.265 0.240
0.265 0.240
0.278 0.240
0.278 0.240
0.275 0.240
0.295 0.240
0.285 0.240
0.287 0.240
0.288 0.240
0.280 0.240
0.268 0.240
0.273 0.240
0.290 0.240
0.289 0.240
0.299 0.240
0.299 0.240
0.302 0.240
0.302 0.240
0.295 0.240
0.295 0.240
0.296 0.240
0.306 0.240
0.275 0.240
0.280 0.240
0.281 0.240
0.278 0.240
0.288 0.240
0.289 0.240
0.271 0.240
0.288 0.240
0.301 0.240
0.301 0.240
0.332 0.240
0.332 0.240
0.306 0.240
0.296 0.240
0.267 0.240
0.286 0.240
0.274 0.240
0.275 0.240
0.287 0.240
0.272 0.240
0.277 0.240
0.291 0.240
0.287 0.240
0.306 0.240
0.305 0.240
0.290 0.240
0.278 0.240
0.268 0.240
0.310 0.240
0.286 0.240
0.295 0.240
0.281 0.240
0.301 0.240
0.280 0.240
0.312 0.240
0.263 0.240
0.263 0.240
0.260 0.240
0.260 0.240
0.256 0.240
0.265 0.240
0.258 0.240
0.283 0.240
0.271 0.240
0.262 0.240
0.259 0.240
0.274 0.240
0.260 0.240
0.269 0.240
0.254 0.240
0.299 0.240
0.269 0.240
0.280 0.240
0.287 0.240
0.283 0.240
0.283 0.240
0.272 0.240
0.292 0.240
0.291 0.240
0.271 0.240
0.260 0.240
0.260 0.240
0.265 0.240
0.272 0.240
0.259 0.240
0.265 0.240
0.295 0.240
0.280 0.240
0.283 0.240
0.283 0.240
0.278 0.240
0.247 0.240
0.213 0.240
0.276 0.240
0.320 0.240
0.295 0.240
0.296 0.240
0.265 0.240
0.281 0.240
0.290 0.240
0.286 0.240
0.294 0.240
0.288 0.240
0.265 0.240
0.289 0.240
0.293 0.240
0.293 0.240
0.272 0.240
0.272 0.240
0.273 0.240
0.273 0.240
0.269 0.240
0.277 0.240
0.284 0.240
0.270 0.240
0.271 0.240
0.278 0.240
0.275 0.240
0.275 0.240
0.290 0.240
0.262 0.240
0.263 0.240
0.296 0.240
0.277 0.240
0.283 0.240
0.265 0.240
0.245 0.240
0.251 0.240
0.248 0.240
0.275 0.240
0.275 0.240
0.289 0.240
0.289 0.240
0.299 0.240
0.299 0.240
0.287 0.240
0.287 0.240
0.284 0.240
0.278 0.240
0.274 0.240
0.259 0.240
0.260 0.240
0.242 0.240
0.262 0.240
0.251 0.240
0.239 0.240
0.256 0.240
0.244 0.240
0.238 0.240
0.260 0.240
0.264 0.240
0.225 0.240
0.231 0.240
0.228 0.240
0.212 0.240
0.227 0.240
0.195 0.240
0.215 0.240
0.190 0.240
0.215 0.240
* 0.242 0.240
0.242 0.240
0.213 0.240
0.224 0.240
0.223 0.240
0.227 0.240
* 0.253 0.240
0.236 0.240
0.181 0.240
0.192 0.240
0.182 0.240
0.172 0.240
0.172 0.240
0.175 0.240
0.175 0.240
0.194 0.240
0.188 0.240
0.187 0.240
0.192 0.240
0.221 0.240
0.221 0.240
0.223 0.240
* 0.262 0.240
0.235 0.240
0.244 0.240
0.263 0.240
0.241 0.240
0.239 0.240
0.222 0.240
0.239 0.240
* 0.251 0.240
0.236 0.240
0.262 0.240
0.262 0.240
0.239 0.240
0.253 0.240
0.250 0.240
0.251 0.240
0.245 0.240
0.245 0.240
0.238 0.240
0.256 0.240
0.256 0.240
0.256 0.240
0.245 0.240
0.238 0.240
0.238 0.240
0.233 0.240
0.236 0.240
* 0.241 0.240
0.242 0.240
0.241 0.240
0.218 0.240
0.210 0.240
0.210 0.240
0.218 0.240
0.218 0.240
0.235 0.240
0.231 0.240
0.229 0.240
* 0.248 0.240
0.244 0.240
0.238 0.240
0.235 0.240
* 0.248 0.240
0.239 0.240
0.239 0.240
0.229 0.240
0.229 0.240
0.236 0.240
0.236 0.240
0.238 0.240
0.236 0.240
* 0.250 0.240
0.256 0.240
0.242 0.240
0.241 0.240
0.248 0.240
0.260 0.240
0.257 0.240
0.247 0.240
0.250 0.240
0.256 0.240
0.240 0.240
0.236 0.240
0.244 0.240
0.219 0.240
0.248 0.240
0.239 0.240
0.224 0.240
0.224 0.240
0.233 0.240
0.232 0.240
0.230 0.240
0.212 0.240
0.230 0.240
* 0.242 0.240
0.242 0.240
0.231 0.240
0.231 0.240
* 0.259 0.240
0.259 0.240
0.233 0.240
0.240 0.240
0.240 0.240
0.221 0.240
0.221 0.240
0.238 0.240
* 0.241 0.240
0.265 0.240
0.250 0.240
0.245 0.240
0.265 0.240
0.241 0.240
0.242 0.240
0.245 0.240
0.245 0.240
0.223 0.240
0.235 0.240
0.212 0.240
0.226 0.240
0.226 0.240
0.221 0.240
0.221 0.240
0.200 0.240
0.200 0.240
0.199 0.240
0.205 0.240
0.204 0.240
0.217 0.240
0.225 0.240
0.223 0.240
0.213 0.240
0.208 0.240
0.208 0.240
0.181 0.240
0.181 0.240
0.213 0.240
0.194 0.240
0.194 0.240
0.184 0.240
0.186 0.240
0.165 0.240
0.161 0.240
0.201 0.240
0.197 0.240
0.191 0.240
0.191 0.240
0.213 0.240
0.218 0.240
0.197 0.240
0.218 0.240
0.213 0.240
0.200 0.240
0.203 0.240
0.203 0.240
0.188 0.240
0.203 0.240
0.213 0.240
0.215 0.240
0.215 0.240
0.201 0.240
0.201 0.240
0.206 0.240
0.186 0.240
0.185 0.240
0.198 0.240
0.205 0.240
0.193 0.240
0.191 0.240
0.185 0.240
0.186 0.240
0.165 0.240
0.216 0.240
0.194 0.240
0.186 0.240
0.183 0.240
0.198 0.240
0.196 0.240
0.196 0.240
0.182 0.240
0.182 0.240
0.201 0.240
0.201 0.240
0.184 0.240
0.181 0.240
0.206 0.240
0.194 0.240
0.204 0.240
0.202 0.240
0.182 0.240
0.200 0.240
0.203 0.240
0.199 0.240
0.215 0.240
0.194 0.240
0.202 0.240
0.189 0.240
0.218 0.240
0.206 0.240
0.206 0.240
0.200 0.240
0.200 0.240
0.209 0.240
0.197 0.240
0.197 0.240
0.220 0.240
0.207 0.240
0.223 0.240
0.191 0.240
0.176 0.240
0.209 0.240
0.197 0.240
0.215 0.240
0.214 0.240
0.214 0.240
0.208 0.240
0.193 0.240
0.215 0.240
0.179 0.240
0.182 0.240
0.187 0.240
0.187 0.240
0.183 0.240
0.183 0.240
0.185 0.240
0.206 0.240
0.201 0.240
0.206 0.240
0.208 0.240
0.189 0.240
0.213 0.240
0.201 0.240
0.205 0.240
0.212 0.240
0.210 0.240
0.202 0.240
0.183 0.240
0.203 0.240
0.196 0.240
0.196 0.240
0.194 0.240
0.194 0.240
0.194 0.240
0.199 0.240
0.205 0.240
0.201 0.240
0.203 0.240
0.202 0.240
0.191 0.240
0.205 0.240
0.226 0.240
0.193 0.240
0.217 0.240
0.221 0.240
0.221 0.240
0.211 0.240
0.211 0.240
0.215 0.240
0.215 0.240
0.218 0.240
0.218 0.240
0.237 0.240
0.220 0.240
0.223 0.240
0.218 0.240
0.229 0.240
0.239 0.240
0.223 0.240
0.232 0.240
0.236 0.240
* 0.243 0.240
0.214 0.240
0.214 0.240
* 0.245 0.240
0.232 0.240
0.232 0.240
* 0.249 0.240
0.249 0.240
0.239 0.240
0.239 0.240
0.225 0.240
* 0.245 0.240
0.230 0.240
0.230 0.240
* 0.258 0.240
0.243 0.240
0.260 0.240
0.230 0.240
0.232 0.240
0.218 0.240
0.225 0.240
0.235 0.240
* 0.241 0.240
0.239 0.240
0.239 0.240
0.228 0.240
0.214 0.240
0.231 0.240
0.228 0.240
* 0.244 0.240
0.244 0.240
0.245 0.240
0.244 0.240
0.239 0.240
0.235 0.240
0.235 0.240
0.232 0.240
0.215 0.240
0.216 0.240
0.228 0.240
0.202 0.240
0.227 0.240
0.233 0.240
0.232 0.240
0.224 0.240
0.239 0.240
0.205 0.240
0.208 0.240
0.219 0.240
0.202 0.240
0.216 0.240
0.170 0.240
0.207 0.240
0.186 0.240
0.178 0.240
0.199 0.240
0.179 0.240
0.196 0.240
0.191 0.240
0.204 0.240
0.210 0.240
0.188 0.240
0.211 0.240
0.206 0.240
0.228 0.240
0.227 0.240
0.229 0.240
0.229 0.240
0.220 0.240
0.238 0.240
0.225 0.240
0.225 0.240
0.222 0.240
0.222 0.240
0.205 0.240
0.217 0.240
0.220 0.240
0.209 0.240
0.217 0.240
0.207 0.240
0.238 0.240
0.238 0.240
0.224 0.240
* 0.242 0.240
0.235 0.240
0.215 0.240
0.219 0.240
0.205 0.240
0.218 0.240
0.203 0.240
0.203 0.240
0.212 0.240
0.222 0.240
0.221 0.240
0.196 0.240
0.195 0.240
0.204 0.240
0.201 0.240
0.210 0.240
0.204 0.240
0.195 0.240
0.186 0.240
0.200 0.240
0.207 0.240
0.201 0.240
0.201 0.240
0.204 0.240
0.193 0.240
0.195 0.240
0.189 0.240
0.193 0.240
0.180 0.240
0.182 0.240
0.185 0.240
0.187 0.240
0.187 0.240
0.210 0.240
0.210 0.240
0.214 0.240
0.216 0.240
0.227 0.240
0.209 0.240
0.225 0.240
0.203 0.240
0.219 0.240
0.235 0.240
0.215 0.240
0.186 0.240
0.209 0.240
0.192 0.240
0.183 0.240
0.208 0.240
* 0.246 0.240
0.215 0.240
0.211 0.240
0.211 0.240
0.218 0.240
0.218 0.240
0.218 0.240
0.218 0.240
0.228 0.240
0.208 0.240
* 0.242 0.240
0.252 0.240
0.271 0.240
0.245 0.240
0.245 0.240
0.248 0.240
0.248 0.240
0.241 0.240
0.241 0.240
0.266 0.240
0.272 0.240
0.283 0.240
0.243 0.240
0.289 0.240
0.267 0.240
0.286 0.240
0.283 0.240
0.283 0.240
0.296 0.240
0.265 0.240
0.244 0.240
0.259 0.240
0.259 0.240
0.256 0.240
0.265 0.240
0.304 0.240
0.330 0.240
0.326 0.240
0.318 0.240
0.304 0.240
0.304 0.240
0.336 0.240
0.283 0.240
0.250 0.240
0.312 0.240
0.308 0.240
0.281 0.240
0.311 0.240
0.282 0.240
0.247 0.240
0.268 0.240
0.268 0.240
0.276 0.240
0.265 0.240
0.302 0.240
0.290 0.240
0.276 0.240
0.257 0.240
0.257 0.240
0.280 0.240
0.264 0.240
0.254 0.240
0.254 0.240
0.291 0.240
0.291 0.240
0.294 0.240
0.250 0.240
0.267 0.240
0.275 0.240
0.255 0.240
0.260 0.240
0.290 0.240
0.290 0.240
0.302 0.240
0.303 0.240
0.270 0.240
0.248 0.240
0.262 0.240
0.267 0.240
0.239 0.240
0.248 0.240
0.235 0.240
0.235 0.240
* 0.272 0.240
0.272 0.240
0.260 0.240
0.272 0.240
0.260 0.240
0.244 0.240
0.218 0.240
0.217 0.240
0.202 0.240
0.234 0.240
0.234 0.240
0.214 0.240
0.224 0.240
* 0.243 0.240
0.241 0.240
0.210 0.240
0.217 0.240
* 0.253 0.240
0.268 0.240
0.268 0.240
0.302 0.240
0.302 0.240
0.292 0.240
0.294 0.240
0.296 0.240
0.285 0.240
0.267 0.240
0.268 0.240
0.268 0.240
0.251 0.240
0.251 0.240
0.266 0.240
0.239 0.240
0.254 0.240
0.243 0.240
0.265 0.240
0.234 0.240
0.256 0.240
0.252 0.240
0.252 0.240
0.217 0.240
0.237 0.240
0.217 0.240
* 0.258 0.240
0.230 0.240
0.286 0.240
0.277 0.240
0.286 0.240
0.314 0.240
0.314 0.240
0.299 0.240
0.262 0.240
0.295 0.240
0.296 0.240
0.254 0.240
0.254 0.240
0.245 0.240
0.234 0.240
0.234 0.240
0.238 0.240
0.232 0.240
0.240 0.240
0.240 0.240
* 0.258 0.240
0.263 0.240
0.314 0.240
0.285 0.240
0.285 0.240
0.293 0.240
0.301 0.240
0.281 0.240
0.275 0.240
0.291 0.240
0.299 0.240
0.296 0.240
0.277 0.240
0.266 0.240
0.266 0.240
0.278 0.240
0.290 0.240
0.282 0.240
0.237 0.240
0.266 0.240
0.266 0.240
0.256 0.240
0.256 0.240
0.247 0.240
0.247 0.240
0.234 0.240
0.242 0.240
0.263 0.240
0.328 0.240
0.304 0.240
0.283 0.240
0.255 0.240
0.255 0.240
0.300 0.240
0.300 0.240
0.216 0.240
0.256 0.240
0.262 0.240
0.251 0.240
0.233 0.240
0.294 0.240
0.294 0.240
0.228 0.240
0.260 0.240
0.318 0.240
0.280 0.240
0.283 0.240
0.297 0.240
0.297 0.240
0.327 0.240
0.327 0.240
0.313 0.240
0.235 0.240
0.278 0.240
0.217 0.240
0.217 0.240
* 0.251 0.240
0.294 0.240
0.260 0.240
0.287 0.240
0.327 0.240
0.327 0.240
0.304 0.240
0.304 0.240
0.307 0.240
0.325 0.240
0.292 0.240
0.272 0.240
0.272 0.240
0.256 0.240
0.262 0.240
0.262 0.240
0.265 0.240
0.303 0.240
0.304 0.240
0.308 0.240
0.325 0.240
0.318 0.240
0.315 0.240
0.315 0.240
0.253 0.240
0.266 0.240
0.256 0.240
0.275 0.240
0.253 0.240
0.245 0.240
0.285 0.240
0.296 0.240
0.303 0.240
0.310 0.240
0.310 0.240
0.299 0.240
0.299 0.240
0.281 0.240
0.286 0.240
0.283 0.240
0.262 0.240
0.303 0.240
0.311 0.240
0.311 0.240
0.250 0.240
0.250 0.240
0.250 0.240
0.296 0.240
0.321 0.240
0.305 0.240
0.305 0.240
0.320 0.240
0.320 0.240
0.326 0.240
0.308 0.240
0.257 0.240
0.276 0.240
0.276 0.240
0.281 0.240
0.295 0.240
0.287 0.240
0.297 0.240
0.297 0.240
0.316 0.240
0.319 0.240
0.296 0.240
0.306 0.240
0.295 0.240
0.294 0.240
0.289 0.240
0.310 0.240
0.297 0.240
0.296 0.240
0.296 0.240
0.330 0.240
0.330 0.240
0.289 0.240
0.324 0.240
0.301 0.240
0.282 0.240
0.298 0.240
0.258 0.240
0.258 0.240
0.289 0.240
0.289 0.240
0.319 0.240
0.357 0.240
0.288 0.240
0.285 0.240
0.270 0.240
0.299 0.240
0.313 0.240
0.229 0.240
0.228 0.240
0.228 0.240
0.228 0.240
* 0.263 0.240
0.242 0.240
0.258 0.240
0.229 0.240
0.220 0.240
* 0.300 0.240
0.241 0.240
0.264 0.240
0.278 0.240
0.185 0.240
0.352 0.240
0.352 0.240
0.241 0.240
0.241 0.240
0.231 0.240
0.213 0.240
0.186 0.240
0.227 0.240
0.229 0.240
0.208 0.240
0.210 0.240
* 0.247 0.240
0.225 0.240
0.242 0.240
0.242 0.240
0.238 0.240
0.216 0.240
0.215 0.240
0.222 0.240
0.232 0.240
0.223 0.240
0.225 0.240
0.225 0.240
* 0.244 0.240
0.264 0.240
0.215 0.240
0.264 0.240
0.264 0.240
0.212 0.240
0.181 0.240
0.199 0.240
0.226 0.240
* 0.245 0.240
0.183 0.240
0.183 0.240
* 0.244 0.240
0.244 0.240
0.307 0.240
0.242 0.240
0.298 0.240
0.250 0.240
0.268 0.240
0.258 0.240
0.256 0.240
0.261 0.240
0.261 0.240
0.265 0.240
0.265 0.240
0.276 0.240
0.259 0.240
0.238 0.240
0.245 0.240
0.265 0.240
0.269 0.240
0.269 0.240
0.303 0.240
0.306 0.240
0.314 0.240
0.291 0.240
0.250 0.240
0.224 0.240
0.210 0.240
* 0.278 0.240
0.250 0.240
0.232 0.240
0.209 0.240
0.236 0.240
0.230 0.240
0.224 0.240
0.223 0.240
0.238 0.240
0.238 0.240
* 0.260 0.240
0.260 0.240
0.268 0.240
0.290 0.240
0.290 0.240
0.276 0.240
0.276 0.240
0.250 0.240
0.250 0.240
0.235 0.240
0.245 0.240
0.243 0.240
0.261 0.240
0.239 0.240
0.235 0.240
0.235 0.240
0.192 0.240
0.217 0.240
0.211 0.240
* 0.264 0.240
0.264 0.240
0.260 0.240
0.239 0.240
0.225 0.240
0.213 0.240
0.216 0.240
0.216 0.240
0.226 0.240
* 0.254 0.240
0.256 0.240
0.258 0.240
0.211 0.240
0.215 0.240
0.215 0.240
* 0.277 0.240
0.219 0.240
0.220 0.240
0.184 0.240
0.172 0.240
0.163 0.240
0.185 0.240
0.172 0.240
0.156 0.240
0.169 0.240
0.183 0.240
0.227 0.240
0.230 0.240
* 0.242 0.240
0.193 0.240
0.193 0.240
0.188 0.240
0.188 0.240
0.184 0.240
0.178 0.240
0.178 0.240
0.177 0.240
0.152 0.240
0.170 0.240
0.190 0.240
0.178 0.240
0.180 0.240
0.189 0.240
0.196 0.240
0.185 0.240
0.163 0.240
0.163 0.240
0.171 0.240
0.171 0.240
0.171 0.240
0.172 0.240
0.210 0.240
0.169 0.240
0.174 0.240
0.169 0.240
0.173 0.240
0.192 0.240
0.178 0.240
0.204 0.240
0.191 0.240
0.191 0.240
0.188 0.240
0.186 0.240
0.195 0.240
0.181 0.240
0.204 0.240
0.223 0.240
0.188 0.240
0.239 0.240
0.236 0.240
* 0.256 0.240
0.214 0.240
0.208 0.240
* 0.248 0.240
0.247 0.240
0.236 0.240
0.198 0.240
* 0.252 0.240
0.187 0.240
0.245 0.240
0.245 0.240
0.252 0.240
0.224 0.240
0.213 0.240
0.229 0.240
* 0.257 0.240
0.229 0.240
0.245 0.240
0.197 0.240
0.189 0.240
* 0.248 0.240
0.248 0.240
0.267 0.240
0.170 0.240
0.195 0.240
0.183 0.240
* 0.278 0.240
0.270 0.240
0.192 0.240
0.259 0.240
0.246 0.240
0.245 0.240
0.242 0.240
0.204 0.240
0.280 0.240
0.280 0.240
0.258 0.240
0.236 0.240
0.225 0.240
0.206 0.240
* 0.243 0.240
0.253 0.240
0.219 0.240
0.210 0.240
0.236 0.240
0.204 0.240
0.204 0.240
0.210 0.240
0.210 0.240
0.182 0.240
0.218 0.240
* 0.253 0.240
0.278 0.240
0.200 0.240
0.167 0.240
0.194 0.240
0.189 0.240
0.176 0.240
0.165 0.240
0.167 0.240
0.208 0.240
0.203 0.240
0.171 0.240
0.171 0.240
0.171 0.240
0.171 0.240
0.232 0.240
0.232 0.240
0.225 0.240
0.205 0.240
0.221 0.240
0.209 0.240
0.210 0.240
0.185 0.240
0.174 0.240
0.174 0.240
0.210 0.240
0.210 0.240
0.223 0.240
0.223 0.240
0.184 0.240
0.214 0.240
0.178 0.240
0.214 0.240
* 0.260 0.240
0.243 0.240
0.242 0.240
0.230 0.240
0.212 0.240
0.211 0.240
* 0.258 0.240
0.168 0.240
0.168 0.240
0.185 0.240
0.184 0.240
0.218 0.240
0.195 0.240
0.183 0.240
0.204 0.240
0.197 0.240
0.191 0.240
0.202 0.240
* 0.283 0.240
0.252 0.240
0.259 0.240
0.259 0.240
0.236 0.240
0.232 0.240
0.222 0.240
0.209 0.240
0.207 0.240
0.207 0.240
* 0.277 0.240
0.284 0.240
0.281 0.240
0.276 0.240
0.265 0.240
0.272 0.240
0.272 0.240
0.277 0.240
0.283 0.240
0.298 0.240
0.293 0.240
0.293 0.240
0.297 0.240
0.295 0.240
0.291 0.240
0.327 0.240
0.327 0.240
0.259 0.240
0.262 0.240
0.267 0.240
0.267 0.240
0.286 0.240
0.270 0.240
0.263 0.240
0.260 0.240
0.267 0.240
0.243 0.240
0.246 0.240
0.237 0.240
0.251 0.240
0.235 0.240
0.235 0.240
0.239 0.240
* 0.245 0.240
0.257 0.240
0.257 0.240
0.244 0.240
0.245 0.240
0.236 0.240
0.213 0.240
0.204 0.240
0.209 0.240
0.181 0.240
0.174 0.240
0.175 0.240
0.189 0.240
0.190 0.240
0.203 0.240
0.193 0.240
0.195 0.240
0.190 0.240
0.190 0.240
0.216 0.240
0.216 0.240
0.205 0.240
0.231 0.240
0.212 0.240
0.205 0.240
* 0.242 0.240
0.225 0.240
0.231 0.240
0.225 0.240
0.225 0.240
* 0.245 0.240
0.245 0.240
0.228 0.240
0.250 0.240
0.211 0.240
0.241 0.240
0.213 0.240
0.220 0.240
0.217 0.240
0.236 0.240
0.225 0.240
0.239 0.240
0.237 0.240
0.239 0.240
0.196 0.240
* 0.244 0.240
0.244 0.240
0.208 0.240
0.234 0.240
0.208 0.240
0.225 0.240
0.225 0.240
0.217 0.240
0.217 0.240
0.217 0.240
0.217 0.240
* 0.253 0.240
0.223 0.240
0.250 0.245
0.240 0.245
0.260 0.245
0.247 0.245
0.193 0.245
0.238 0.245
0.231 0.245
* 0.311 0.245
0.292 0.245
0.261 0.245
0.274 0.245
0.282 0.245
0.282 0.245
0.304 0.245
0.304 0.245
0.260 0.245
0.260 0.245
0.254 0.245
0.280 0.245
0.253 0.245
0.238 0.245
0.264 0.245
0.249 0.245
0.235 0.245
0.235 0.245
0.211 0.245
0.211 0.245
0.183 0.245
0.203 0.245
0.181 0.245
0.181 0.245
* 0.251 0.245
0.251 0.245
0.201 0.245
0.201 0.245
0.207 0.245
0.235 0.245
0.220 0.245
0.222 0.245
0.212 0.245
0.234 0.245
* 0.251 0.245
0.233 0.245
0.221 0.245
0.235 0.245
0.238 0.245
* 0.286 0.245
0.281 0.245
0.250 0.245
0.250 0.245
0.279 0.245
0.279 0.245
0.219 0.245
0.219 0.245
0.233 0.245
0.237 0.245
0.234 0.245
0.233 0.245
* 0.279 0.245
0.234 0.245
0.234 0.245
0.220 0.245
0.210 0.245
0.235 0.245
0.233 0.245
* 0.256 0.245
0.276 0.245
0.271 0.245
0.271 0.245
0.276 0.245
0.236 0.245
0.239 0.245
0.222 0.245
0.222 0.245
* 0.247 0.245
0.233 0.245
0.242 0.245
* 0.250 0.245
0.253 0.245
0.259 0.245
0.233 0.245
0.256 0.245
0.235 0.245
0.250 0.245
0.195 0.245
0.160 0.245
0.164 0.245
0.237 0.245
* 0.289 0.245
0.289 0.245
0.278 0.245
0.280 0.245
0.280 0.245
0.309 0.245
0.290 0.245
0.281 0.245
0.259 0.245
0.312 0.245
0.319 0.245
0.303 0.245
0.278 0.245
0.284 0.245
0.274 0.245
0.256 0.245
0.235 0.245
0.245 0.245
0.245 0.245
0.247 0.245
0.273 0.245
0.258 0.245
0.284 0.245
0.258 0.245
0.271 0.245
0.271 0.245
0.255 0.245
0.264 0.245
0.261 0.245
0.263 0.245
0.274 0.245
0.255 0.245
0.266 0.245
0.273 0.245
0.282 0.245
0.255 0.245
0.255 0.245
0.261 0.245
0.261 0.245
0.286 0.245
0.271 0.245
0.263 0.245
0.259 0.245
0.279 0.245
0.254 0.245
0.270 0.245
0.245 0.245
0.253 0.245
0.261 0.245
0.261 0.245
0.267 0.245
0.277 0.245
0.269 0.245
0.253 0.245
0.276 0.245
0.279 0.245
0.255 0.245
0.270 0.245
0.269 0.245
0.269 0.245
0.263 0.245
0.263 0.245
0.235 0.245
0.269 0.245
0.256 0.245
0.258 0.245
0.255 0.245
0.245 0.245
0.274 0.245
0.258 0.245
0.258 0.245
0.267 0.245
0.253 0.245
0.250 0.245
0.237 0.245
0.232 0.245
0.237 0.245
0.232 0.245
0.220 0.245
* 0.250 0.245
0.250 0.245
0.213 0.245
0.213 0.245
0.215 0.245
0.220 0.245
0.198 0.245
0.212 0.245
0.204 0.245
0.203 0.245
0.202 0.245
0.194 0.245
0.219 0.245
0.231 0.245
0.243 0.245
0.219 0.245
0.197 0.245
0.240 0.245
0.240 0.245
0.227 0.245
* 0.245 0.245
0.238 0.245
0.238 0.245
0.206 0.245
0.230 0.245
0.226 0.245
0.210 0.245
0.174 0.245
0.187 0.245
0.222 0.245
0.217 0.245
0.165 0.245
0.164 0.245
0.220 0.245
0.220 0.245
0.186 0.245
0.186 0.245
0.235 0.245
0.217 0.245
0.207 0.245
0.231 0.245
0.227 0.245
0.231 0.245
0.220 0.245
0.192 0.245
0.229 0.245
0.211 0.245
0.216 0.245
0.184 0.245
0.207 0.245
0.180 0.245
0.173 0.245
0.219 0.245
0.192 0.245
0.197 0.245
0.197 0.245
0.193 0.245
0.209 0.245
0.207 0.245
0.198 0.245
0.195 0.245
0.219 0.245
0.195 0.245
0.187 0.245
0.189 0.245
0.199 0.245
0.185 0.245
0.188 0.245
0.202 0.245
0.202 0.245
0.180 0.245
0.180 0.245
0.188 0.245
0.188 0.245
0.163 0.245
0.198 0.245
0.198 0.245
0.169 0.245
0.169 0.245
0.180 0.245
0.178 0.245
0.181 0.245
0.181 0.245
0.157 0.245
0.198 0.245
0.174 0.245
0.185 0.245
0.175 0.245
0.175 0.245
0.198 0.245
0.198 0.245
0.210 0.245
0.210 0.245
0.180 0.245
0.213 0.245
0.204 0.245
0.215 0.245
0.212 0.245
0.231 0.245
0.219 0.245
0.204 0.245
0.220 0.245
0.214 0.245
0.205 0.245
0.205 0.245
0.202 0.245
0.202 0.245
0.226 0.245
0.208 0.245
0.208 0.245
0.196 0.245
0.196 0.245
0.198 0.245
0.232 0.245
0.202 0.245
0.200 0.245
0.200 0.245
0.226 0.245
0.230 0.245
0.194 0.245
0.237 0.245
0.211 0.245
* 0.249 0.245
0.249 0.245
0.240 0.245
0.219 0.245
0.227 0.245
0.224 0.245
0.232 0.245
0.220 0.245
0.208 0.245
0.204 0.245
0.219 0.245
0.224 0.245
0.220 0.245
0.213 0.245
0.225 0.245
0.202 0.245
0.202 0.245
0.221 0.245
0.221 0.245
0.213 0.245
0.213 0.245
0.194 0.245
0.187 0.245
0.182 0.245
0.188 0.245
0.171 0.245
0.185 0.245
0.203 0.245
0.190 0.245
0.187 0.245
0.185 0.245
0.195 0.245
0.178 0.245
0.185 0.245
0.176 0.245
0.208 0.245
0.200 0.245
0.200 0.245
0.213 0.245
0.213 0.245
0.228 0.245
0.189 0.245
0.191 0.245
0.182 0.245
0.179 0.245
0.210 0.245
0.197 0.245
0.214 0.245
0.212 0.245
0.198 0.245
0.205 0.245
0.211 0.245
0.238 0.245
0.207 0.245
0.214 0.245
0.186 0.245
0.186 0.245
0.196 0.245
0.209 0.245
0.209 0.245
0.214 0.245
0.214 0.245
0.224 0.245
0.224 0.245
0.211 0.245
0.211 0.245
0.208 0.245
0.218 0.245
0.211 0.245
0.215 0.245
0.236 0.245
0.187 0.245
0.183 0.245
0.181 0.245
0.210 0.245
0.210 0.245
0.197 0.245
0.203 0.245
0.203 0.245
0.204 0.245
0.204 0.245
0.205 0.245
0.205 0.245
0.198 0.245
0.198 0.245
0.198 0.245
0.194 0.245
0.195 0.245
0.191 0.245
0.190 0.245
0.179 0.245
0.178 0.245
0.176 0.245
0.169 0.245
0.175 0.245
0.193 0.245
0.188 0.245
0.181 0.245
0.206 0.245
0.191 0.245
0.197 0.245
0.186 0.245
0.186 0.245
0.186 0.245
0.210 0.245
0.232 0.245
0.193 0.245
0.184 0.245
0.196 0.245
0.203 0.245
0.185 0.245
0.183 0.245
0.210 0.245
0.202 0.245
0.198 0.245
0.193 0.245
0.218 0.245
0.210 0.245
0.221 0.245
0.220 0.245
0.210 0.245
0.195 0.245
0.221 0.245
0.207 0.245
0.202 0.245
0.206 0.245
0.192 0.245
0.217 0.245
0.228 0.245
0.220 0.245
0.209 0.245
0.218 0.245
0.218 0.245
0.231 0.245
0.194 0.245
0.194 0.245
0.191 0.245
0.191 0.245
0.186 0.245
0.205 0.245
0.202 0.245
0.178 0.245
0.193 0.245
0.229 0.245
0.189 0.245
0.183 0.245
0.199 0.245
0.210 0.245
0.220 0.245
0.230 0.245
0.228 0.245
0.207 0.245
0.207 0.245
0.232 0.245
0.221 0.245
0.205 0.245
0.202 0.245
0.197 0.245
0.194 0.245
0.190 0.245
0.190 0.245
0.175 0.245
0.195 0.245
0.199 0.245
0.191 0.245
0.228 0.245
0.228 0.245
0.219 0.245
0.238 0.245
0.240 0.245
0.229 0.245
0.220 0.245
0.210 0.245
0.192 0.245
0.222 0.245
0.199 0.245
0.210 0.245
0.202 0.245
0.215 0.245
0.194 0.245
0.199 0.245
0.202 0.245
0.197 0.245
0.190 0.245
0.214 0.245
0.214 0.245
0.198 0.245
0.219 0.245
0.212 0.245
0.183 0.245
0.207 0.245
0.216 0.245
0.193 0.245
0.210 0.245
0.190 0.245
0.201 0.245
0.215 0.245
0.206 0.245
0.192 0.245
0.202 0.245
0.233 0.245
0.201 0.245
0.238 0.245
0.238 0.245
0.211 0.245
0.222 0.245
0.213 0.245
* 0.254 0.245
0.217 0.245
0.213 0.245
0.214 0.245
0.232 0.245
0.216 0.245
0.210 0.245
0.228 0.245
0.199 0.245
0.199 0.245
0.199 0.245
0.182 0.245
0.200 0.245
0.191 0.245
0.196 0.245
0.196 0.245
0.208 0.245
0.208 0.245
0.231 0.245
0.231 0.245
0.229 0.245
0.213 0.245
0.213 0.245
0.214 0.245
0.213 0.245
0.233 0.245
0.221 0.245
0.214 0.245
0.229 0.245
0.242 0.245
0.227 0.245
0.229 0.245
0.234 0.245
0.227 0.245
0.228 0.245
0.238 0.245
0.228 0.245
0.233 0.245
0.233 0.245
0.237 0.245
0.237 0.245
0.229 0.245
0.241 0.245
0.237 0.245
0.232 0.245
0.242 0.245
0.237 0.245
0.214 0.245
0.214 0.245
0.212 0.245
0.212 0.245
0.243 0.245
0.209 0.245
0.221 0.245
0.226 0.245
0.219 0.245
0.218 0.245
0.193 0.245
0.220 0.245
0.201 0.245
0.213 0.245
0.192 0.245
0.192 0.245
0.201 0.245
0.201 0.245
0.193 0.245
0.203 0.245
0.203 0.245
0.202 0.245
0.202 0.245
0.214 0.245
0.235 0.245
0.244 0.245
0.222 0.245
0.237 0.245
0.233 0.245
0.200 0.245
0.149 0.245
0.174 0.245
0.199 0.245
0.199 0.245
0.196 0.245
0.203 0.245
0.242 0.245
0.229 0.245
0.235 0.245
* 0.248 0.245
0.268 0.245
0.204 0.245
0.195 0.245
0.231 0.245
0.231 0.245
* 0.251 0.245
0.238 0.245
0.238 0.245
0.239 0.245
0.231 0.245
0.245 0.245
* 0.254 0.245
0.268 0.245
0.289 0.245
0.289 0.245
0.263 0.245
0.263 0.245
0.239 0.245
0.288 0.245
0.270 0.245
0.268 0.245
0.296 0.245
0.307 0.245
0.307 0.245
0.281 0.245
0.281 0.245
0.282 0.245
0.296 0.246
0.269 0.246
0.252 0.246
0.291 0.246
0.297 0.246
0.292 0.246
0.271 0.246
0.301 0.246
0.300 0.246
0.300 0.246
0.291 0.246
0.291 0.246
0.270 0.246
0.300 0.246
0.289 0.246
0.297 0.246
0.267 0.246
0.260 0.246
0.276 0.246
0.269 0.246
0.269 0.246
0.254 0.246
0.279 0.246
0.267 0.246
0.273 0.246
0.270 0.246
0.281 0.246
0.297 0.246
0.307 0.246
0.310 0.246
0.283 0.246
0.305 0.246
0.321 0.246
0.306 0.246
0.305 0.246
0.305 0.246
0.308 0.246
0.308 0.246
0.294 0.246
0.294 0.246
0.274 0.246
0.285 0.246
0.288 0.246
0.263 0.246
0.277 0.246
0.300 0.246
0.263 0.246
0.263 0.246
0.277 0.246
0.277 0.246
0.267 0.246
0.262 0.246
0.287 0.246
0.286 0.246
0.280 0.246
0.263 0.246
0.262 0.246
0.257 0.246
0.236 0.246
0.239 0.246
0.239 0.246
* 0.249 0.246
0.249 0.246
0.244 0.246
0.280 0.246
0.280 0.246
0.287 0.246
0.280 0.246
0.269 0.246
0.281 0.246
0.255 0.246
0.231 0.246
0.230 0.246
* 0.250 0.246
0.250 0.246
0.192 0.246
0.192 0.246
0.210 0.246
0.210 0.246
0.193 0.246
0.218 0.246
0.204 0.246
* 0.250 0.246
0.261 0.246
0.213 0.246
0.213 0.246
0.208 0.246
0.206 0.246
0.233 0.246
* 0.250 0.246
0.260 0.246
0.231 0.246
0.226 0.246
0.226 0.246
0.243 0.246
* 0.270 0.246
0.270 0.246
0.263 0.246
0.284 0.246
0.281 0.246
0.290 0.246
0.282 0.246
0.243 0.246
0.304 0.246
0.300 0.246
0.311 0.246
0.297 0.246
0.293 0.246
0.293 0.246
0.268 0.246
0.268 0.246
0.281 0.246
0.275 0.246
0.288 0.246
0.297 0.246
0.265 0.246
0.273 0.246
0.286 0.246
0.283 0.246
0.266 0.246
0.266 0.246
0.278 0.246
0.278 0.246
0.287 0.246
0.261 0.246
0.271 0.246
0.295 0.246
0.280 0.246
0.271 0.246
0.274 0.246
0.284 0.246
0.292 0.246
0.292 0.246
0.274 0.246
0.274 0.246
0.284 0.246
0.301 0.246
0.273 0.246
0.281 0.246
0.256 0.246
0.250 0.246
0.240 0.246
0.238 0.246
0.238 0.246
* 0.271 0.246
0.271 0.246
0.266 0.246
0.245 0.246
0.256 0.246
0.279 0.246
0.240 0.246
0.225 0.246
0.219 0.246
0.235 0.246
0.230 0.246
0.245 0.246
0.230 0.246
* 0.254 0.246
0.243 0.246
0.225 0.246
0.228 0.246
0.225 0.246
0.225 0.246
0.221 0.246
0.221 0.246
0.204 0.246
0.204 0.246
0.245 0.246
0.229 0.246
0.229 0.246
0.223 0.246
0.200 0.246
0.216 0.246
0.212 0.246
0.215 0.246
0.218 0.246
0.212 0.246
0.203 0.246
0.217 0.246
0.215 0.246
0.214 0.246
0.236 0.246
0.224 0.246
0.224 0.246
0.243 0.246
0.243 0.246
0.246 0.246
0.246 0.246
* 0.248 0.246
0.241 0.246
0.263 0.246
0.236 0.246
0.245 0.246
0.235 0.246
0.246 0.246
* 0.246 0.246
0.233 0.246
0.233 0.246
* 0.266 0.246
0.239 0.246
0.236 0.246
0.236 0.246
* 0.250 0.246
0.235 0.246
0.263 0.246
0.260 0.246
0.266 0.246
0.235 0.246
0.258 0.246
0.261 0.246
0.250 0.246
0.264 0.246
0.216 0.246
0.216 0.246
* 0.249 0.246
0.303 0.246
0.303 0.246
0.251 0.246
0.285 0.246
0.308 0.246
0.293 0.246
0.253 0.246
0.291 0.246
0.273 0.246
0.224 0.246
0.306 0.246
0.303 0.246
0.250 0.246
0.250 0.246
0.261 0.246
0.261 0.246
0.309 0.246
0.309 0.246
0.266 0.246
0.240 0.246
0.301 0.246
0.276 0.246
0.295 0.246
0.292 0.246
0.252 0.246
0.230 0.246
0.275 0.246
0.262 0.246
0.262 0.246
0.254 0.246
0.254 0.246
0.283 0.246
0.228 0.246
0.286 0.246
0.259 0.246
0.280 0.246
0.262 0.246
0.262 0.246
0.267 0.246
0.267 0.246
0.294 0.246
0.251 0.246
0.282 0.246
0.298 0.246
0.298 0.246
0.282 0.246
0.282 0.247
0.281 0.247
0.275 0.247
0.275 0.247
0.277 0.247
0.258 0.247
0.258 0.247
0.272 0.247
0.272 0.247
0.261 0.247
0.261 0.247
0.282 0.247
0.266 0.247
0.278 0.247
0.249 0.247
0.303 0.247
0.293 0.247
0.294 0.247
0.269 0.247
0.269 0.247
0.278 0.247
0.282 0.247
0.291 0.247
0.278 0.247
0.252 0.247
0.285 0.247
0.247 0.247
0.233 0.247
0.245 0.247
0.244 0.247
0.238 0.247
0.241 0.247
* 0.248 0.247
0.248 0.247
0.242 0.247
0.242 0.247
* 0.258 0.247
0.258 0.247
0.236 0.247
0.238 0.247
0.232 0.247
0.231 0.247
0.233 0.247
0.244 0.247
0.230 0.247
0.230 0.247
0.233 0.247
0.233 0.247
0.246 0.247
0.246 0.247
0.240 0.247
0.240 0.247
0.234 0.247
0.245 0.247
0.222 0.247
0.243 0.247
0.228 0.247
0.243 0.247
* 0.252 0.247
0.252 0.247
0.251 0.247
0.262 0.247
0.241 0.247
0.241 0.247
0.220 0.247
0.220 0.247
0.243 0.247
0.239 0.247
0.225 0.247
0.220 0.247
0.241 0.247
0.235 0.247
0.240 0.247
0.240 0.247
0.225 0.247
0.215 0.247
0.194 0.247
0.234 0.247
0.234 0.247
0.226 0.247
0.226 0.247
0.233 0.247
0.233 0.247
0.210 0.247
0.207 0.247
0.209 0.247
0.222 0.247
0.204 0.247
0.232 0.247
0.236 0.247
0.213 0.247
0.213 0.247
0.227 0.247
0.196 0.247
0.212 0.247
0.214 0.247
0.210 0.247
* 0.249 0.247
0.224 0.247
0.197 0.247
* 0.259 0.247
0.213 0.247
0.213 0.247
0.228 0.247
0.228 0.247
0.198 0.247
0.215 0.247
0.210 0.247
0.234 0.247
0.206 0.247
0.226 0.247
0.214 0.247
0.214 0.247
0.199 0.247
0.199 0.247
0.198 0.247
0.204 0.247
0.209 0.247
0.223 0.247
0.211 0.247
* 0.261 0.247
0.215 0.247
0.226 0.247
* 0.256 0.247
0.246 0.247
0.226 0.247
0.226 0.247
0.225 0.247
0.243 0.247
0.218 0.247
0.218 0.247
0.223 0.247
0.212 0.247
0.231 0.247
0.229 0.247
0.243 0.247
0.247 0.247
0.233 0.247
0.235 0.247
* 0.253 0.247
0.228 0.247
0.240 0.247
0.240 0.247
0.227 0.247
0.227 0.247
0.240 0.247
0.225 0.247
0.215 0.247
0.241 0.247
0.225 0.247
0.225 0.247
0.241 0.247
0.230 0.247
0.233 0.247
0.216 0.247
0.235 0.247
0.230 0.247
0.224 0.247
0.224 0.247
0.199 0.247
0.199 0.247
0.226 0.247
0.226 0.247
0.207 0.247
0.220 0.247
0.223 0.247
0.217 0.247
0.239 0.247
* 0.252 0.247
0.246 0.247
0.246 0.247
* 0.252 0.247
0.263 0.247
0.248 0.247
0.248 0.247
0.248 0.247
0.248 0.247
0.250 0.247
0.253 0.247
0.249 0.247
0.247 0.247
0.266 0.247
0.238 0.247
0.245 0.247
0.245 0.247
* 0.249 0.247
0.249 0.247
0.253 0.247
0.253 0.247
0.254 0.247
0.239 0.247
0.228 0.247
0.203 0.247
0.235 0.247
0.219 0.247
0.227 0.247
0.212 0.247
0.230 0.247
0.225 0.247
0.224 0.247
0.215 0.247
0.232 0.247
0.223 0.247
0.223 0.247
0.225 0.247
0.216 0.247
0.215 0.247
0.203 0.247
0.217 0.247
0.211 0.247
0.224 0.247
0.210 0.247
0.233 0.247
0.214 0.247
0.228 0.247
0.235 0.247
0.208 0.247
0.208 0.247
0.236 0.247
0.228 0.247
0.228 0.247
0.216 0.247
0.207 0.247
0.210 0.247
0.212 0.247
0.198 0.247
0.224 0.247
0.213 0.247
0.201 0.247
0.194 0.247
0.197 0.247
0.193 0.247
0.193 0.247
0.217 0.247
0.217 0.247
0.223 0.247
0.232 0.247
0.231 0.247
* 0.252 0.247
0.245 0.247
0.235 0.247
0.246 0.247
* 0.263 0.247
0.251 0.247
0.248 0.247
0.251 0.247
0.251 0.247
0.232 0.247
0.232 0.247
0.228 0.247
0.215 0.247
0.215 0.247
0.228 0.247
0.225 0.247
0.225 0.247
* 0.249 0.247
0.256 0.247
0.244 0.247
0.253 0.247
0.237 0.247
0.244 0.247
0.244 0.247
0.217 0.247
0.217 0.247
0.216 0.247
0.216 0.247
0.222 0.247
0.217 0.247
0.212 0.247
0.218 0.247
0.223 0.247
0.223 0.247
0.235 0.247
0.247 0.247
0.247 0.247
* 0.259 0.247
0.235 0.247
0.233 0.247
0.231 0.247
0.239 0.247
0.241 0.247
0.229 0.247
0.216 0.247
0.233 0.247
0.230 0.247
0.225 0.247
0.241 0.247
0.206 0.247
0.206 0.247
0.217 0.247
0.217 0.247
0.230 0.247
0.222 0.247
0.225 0.247
0.215 0.247
0.183 0.247
0.223 0.247
0.220 0.247
0.206 0.247
0.211 0.247
0.229 0.247
0.198 0.247
0.198 0.247
0.237 0.247
0.237 0.247
0.230 0.247
0.230 0.247
0.219 0.247
0.207 0.247
0.219 0.247
* 0.253 0.247
0.286 0.247
0.280 0.247
0.279 0.247
0.247 0.247
0.268 0.247
0.272 0.247
0.267 0.247
0.267 0.247
0.258 0.247
0.245 0.247
0.245 0.247
0.229 0.247
0.229 0.247
* 0.259 0.247
0.226 0.247
0.228 0.247
0.202 0.247
* 0.253 0.247
0.236 0.247
0.252 0.247
0.212 0.247
0.220 0.247
0.220 0.247
0.215 0.247
0.215 0.247
* 0.261 0.247
0.261 0.247
0.266 0.247
0.269 0.247
0.256 0.247
0.259 0.247
0.265 0.247
0.266 0.247
0.270 0.247
0.270 0.248
0.283 0.248
0.267 0.248
0.248 0.248
0.246 0.248
0.233 0.248
* 0.256 0.248
0.233 0.248
0.227 0.248
0.227 0.248
0.243 0.248
0.243 0.248
0.225 0.248
0.225 0.248
0.208 0.248
0.244 0.248
0.230 0.248
* 0.256 0.248
0.244 0.248
0.248 0.248
0.249 0.248
0.246 0.248
0.246 0.248
* 0.252 0.248
0.258 0.248
0.249 0.248
0.271 0.248
0.245 0.248
0.235 0.248
* 0.255 0.248
0.268 0.248
0.276 0.248
0.258 0.248
0.265 0.248
0.265 0.248
0.247 0.248
0.247 0.248
0.245 0.248
0.245 0.248
0.234 0.248
* 0.283 0.248
0.274 0.248
0.269 0.248
0.269 0.248
0.266 0.248
0.264 0.248
0.236 0.248
0.284 0.248
0.284 0.248
0.271 0.248
0.271 0.248
0.240 0.248
0.256 0.248
0.194 0.248
0.259 0.248
0.271 0.248
0.260 0.248
0.263 0.248
0.243 0.248
0.235 0.248
* 0.251 0.248
0.248 0.248
0.263 0.248
0.253 0.248
0.271 0.248
0.262 0.248
0.229 0.248
0.224 0.248
0.215 0.248
0.218 0.248
0.205 0.248
0.222 0.248
0.222 0.248
0.210 0.248
0.210 0.248
0.198 0.248
0.227 0.248
0.227 0.248
0.246 0.248
0.248 0.248
0.229 0.248
0.229 0.248
* 0.281 0.248
0.281 0.248
0.291 0.248
0.291 0.248
0.238 0.248
0.226 0.248
0.226 0.248
0.232 0.248
0.207 0.248
0.222 0.248
0.230 0.248
0.214 0.248
* 0.253 0.248
0.236 0.248
0.230 0.248
0.241 0.248
0.224 0.248
0.216 0.248
0.209 0.248
0.203 0.248
0.224 0.248
0.208 0.248
0.230 0.248
0.230 0.248
0.236 0.248
0.233 0.248
0.233 0.248
0.213 0.248
0.229 0.248
0.229 0.248
0.226 0.248
0.208 0.248
0.205 0.248
0.234 0.248
0.227 0.248
0.223 0.248
0.223 0.248
0.241 0.248
* 0.251 0.248
0.239 0.248
0.239 0.248
0.227 0.248
0.231 0.248
* 0.250 0.248
0.252 0.248
0.254 0.248
0.245 0.248
0.261 0.248
0.267 0.248
0.254 0.248
0.241 0.248
0.263 0.248
0.259 0.248
0.259 0.248
0.266 0.248
0.244 0.248
0.264 0.248
0.272 0.248
0.264 0.248
0.264 0.248
0.278 0.248
0.271 0.248
0.226 0.248
0.245 0.248
0.235 0.248
0.232 0.248
* 0.259 0.248
0.259 0.248
0.268 0.248
0.250 0.248
0.228 0.248
0.266 0.248
0.269 0.248
0.279 0.248
0.256 0.248
0.253 0.248
0.255 0.248
0.297 0.248
0.298 0.248
0.267 0.248
0.267 0.248
0.283 0.248
0.232 0.248
0.248 0.248
0.246 0.248
0.222 0.248
* 0.263 0.248
0.268 0.248
0.274 0.248
0.249 0.248
0.263 0.248
0.263 0.248
0.240 0.248
0.255 0.248
0.237 0.248
0.245 0.248
0.238 0.248
0.247 0.248
0.222 0.248
0.237 0.248
0.231 0.248
0.219 0.248
0.235 0.248
0.210 0.248
0.223 0.248
0.242 0.248
0.237 0.248
0.237 0.248
0.234 0.248
0.236 0.248
0.236 0.248
0.230 0.248
0.230 0.248
0.221 0.248
0.218 0.248
* 0.259 0.248
0.255 0.248
0.246 0.248
0.258 0.248
0.255 0.248
0.255 0.248
0.242 0.248
0.242 0.248
0.242 0.248
0.242 0.248
0.235 0.248
0.218 0.248
0.220 0.248
0.222 0.248
0.220 0.248
0.217 0.248
0.243 0.248
0.240 0.248
0.186 0.248
0.204 0.248
0.215 0.248
* 0.256 0.248
0.232 0.248
0.242 0.248
0.222 0.248
0.227 0.248
0.228 0.248
0.225 0.248
0.225 0.248
0.232 0.248
0.232 0.248
0.215 0.248
0.216 0.248
0.232 0.248
0.243 0.248
0.235 0.248
0.241 0.248
0.236 0.248
0.236 0.248
0.240 0.248
0.240 0.248
0.229 0.248
0.242 0.248
0.228 0.248
0.248 0.248
0.219 0.248
0.231 0.248
0.226 0.248
0.238 0.248
0.222 0.248
0.222 0.248
0.245 0.248
0.235 0.248
0.236 0.248
0.228 0.248
0.228 0.248
0.221 0.248
0.239 0.248
0.222 0.248
0.237 0.248
0.240 0.248
0.231 0.248
0.216 0.248
0.216 0.248
0.238 0.248
0.228 0.248
0.216 0.248
0.237 0.248
0.215 0.248
0.215 0.248
0.215 0.248
0.218 0.248
0.218 0.248
0.216 0.248
0.216 0.248
0.223 0.248
0.230 0.248
0.231 0.248
0.228 0.248
0.224 0.248
0.229 0.248
0.232 0.248
0.232 0.248
0.236 0.248
0.236 0.248
* 0.251 0.248
0.251 0.248
0.240 0.248
0.215 0.248
0.223 0.248
* 0.255 0.248
0.226 0.248
0.234 0.248
0.218 0.248
0.228 0.248
0.216 0.248
0.218 0.248
0.221 0.248
0.227 0.248
0.218 0.248
0.228 0.248
0.195 0.248
0.212 0.248
0.212 0.248
0.231 0.248
0.231 0.248
0.234 0.248
0.234 0.248
0.239 0.248
0.230 0.248
0.213 0.248
0.204 0.248
0.216 0.248
0.213 0.248
0.239 0.248
0.239 0.248
0.224 0.248
0.235 0.248
0.235 0.248
0.236 0.248
0.228 0.248
0.243 0.248
0.238 0.248
0.226 0.248
0.228 0.248
0.231 0.248
0.234 0.248
0.234 0.248
0.221 0.248
0.232 0.248
0.213 0.248
0.222 0.248
0.236 0.248
0.230 0.248
0.217 0.248
0.235 0.248
0.240 0.248
0.240 0.248
0.238 0.248
0.238 0.248
0.236 0.248
0.236 0.248
0.230 0.248
0.233 0.248
0.233 0.248
0.230 0.248
0.230 0.248
0.234 0.248
0.226 0.248
0.225 0.248
0.244 0.248
0.234 0.248
0.224 0.248
0.216 0.248
0.235 0.248
0.241 0.248
0.241 0.248
0.242 0.248
0.242 0.248
0.233 0.248
0.233 0.248
0.245 0.248
0.243 0.248
* 0.250 0.248
0.225 0.248
0.235 0.248
0.230 0.248
0.236 0.248
0.231 0.248
0.232 0.248
0.239 0.248
0.219 0.248
0.235 0.248
0.241 0.248
0.244 0.248
0.244 0.248
0.231 0.248
0.239 0.248
0.227 0.248
0.227 0.248
0.243 0.248
0.223 0.248
0.213 0.248
0.217 0.248
0.223 0.248
0.220 0.248
0.221 0.248
0.221 0.248
0.218 0.248
0.203 0.248
0.203 0.248
0.219 0.248
0.220 0.248
0.237 0.248
0.208 0.248
0.231 0.248
0.222 0.248
0.220 0.248
0.217 0.248
0.217 0.248
0.209 0.248
0.206 0.248
0.208 0.248
0.219 0.248
0.192 0.248
0.191 0.248
0.194 0.248
0.220 0.248
0.185 0.248
0.206 0.248
0.213 0.248
0.197 0.248
0.205 0.248
0.223 0.248
0.187 0.248
0.196 0.248
0.196 0.248
0.182 0.248
0.182 0.248
0.197 0.248
0.191 0.248
0.191 0.248
0.191 0.248
0.191 0.248
0.191 0.248
0.190 0.248
0.185 0.248
0.196 0.248
0.208 0.248
0.198 0.248
0.203 0.248
0.190 0.248
0.190 0.248
0.179 0.248
0.233 0.248
0.198 0.248
0.179 0.248
0.208 0.248
0.178 0.248
0.152 0.248
0.150 0.248
0.169 0.248
0.153 0.248
0.213 0.248
0.213 0.248
0.226 0.248
0.226 0.248
0.171 0.248
0.207 0.248
0.180 0.248
0.196 0.248
0.186 0.248
0.240 0.248
0.184 0.248
0.190 0.248
0.209 0.248
0.194 0.248
0.177 0.248
0.177 0.248
0.160 0.248
0.160 0.248
0.160 0.248
0.160 0.248
0.155 0.248
0.165 0.248
0.173 0.248
0.179 0.248
0.143 0.248
0.172 0.248
0.164 0.248
0.172 0.248
0.196 0.248
0.201 0.248
0.175 0.248
0.176 0.248
0.191 0.248
0.205 0.248
0.157 0.248
0.151 0.248
0.142 0.248
0.173 0.248
0.143 0.248
0.143 0.248
0.170 0.248
0.165 0.248
0.165 0.248
0.165 0.248
0.185 0.248
0.185 0.248
0.156 0.248
0.163 0.248
0.175 0.248
0.148 0.248
0.181 0.248
0.181 0.248
0.180 0.248
0.181 0.248
0.174 0.248
0.174 0.248
0.186 0.248
0.186 0.248
0.147 0.248
0.175 0.248
0.149 0.248
0.148 0.248
0.148 0.248
0.144 0.248
0.167 0.248
0.146 0.248
0.145 0.248
0.154 0.248
0.143 0.248
0.143 0.248
0.178 0.248
0.178 0.248
0.142 0.248
0.176 0.248
0.172 0.248
0.170 0.248
0.170 0.248
0.191 0.248
0.191 0.248
0.195 0.248
0.186 0.248
0.180 0.248
0.175 0.248
0.171 0.248
0.181 0.248
0.157 0.248
0.157 0.248
0.155 0.248
0.171 0.248
0.160 0.248
0.177 0.248
0.177 0.248
0.160 0.248
0.160 0.248
0.172 0.248
0.161 0.248
0.163 0.248
0.159 0.248
0.167 0.248
0.173 0.248
0.187 0.248
0.178 0.248
0.156 0.248
0.168 0.248
0.166 0.248
0.191 0.248
0.195 0.248
0.157 0.248
0.161 0.248
0.145 0.248
0.157 0.248
0.170 0.248
0.170 0.248
0.176 0.248
0.176 0.248
0.181 0.248
0.183 0.248
0.182 0.248
0.195 0.248
0.178 0.248
0.168 0.248
0.188 0.248
0.190 0.248
0.190 0.248
0.176 0.248
0.171 0.248
0.174 0.248
0.181 0.248
0.207 0.248
0.178 0.248
0.192 0.248
0.193 0.248
0.199 0.248
0.171 0.248
0.184 0.248
0.168 0.248
0.160 0.248
0.156 0.248
0.190 0.248
0.185 0.248
0.174 0.248
0.176 0.248
0.176 0.248
0.179 0.248
0.179 0.248
0.149 0.248
0.149 0.248
0.169 0.248
0.191 0.248
0.179 0.248
0.147 0.248
0.153 0.248
0.182 0.248
0.151 0.248
0.167 0.248
0.186 0.248
0.173 0.248
0.184 0.248
0.191 0.248
0.209 0.248
0.218 0.248
0.179 0.248
0.175 0.248
0.186 0.248
0.177 0.248
0.186 0.248
0.186 0.248
0.175 0.248
0.175 0.248
0.175 0.248
0.175 0.248
0.193 0.248
0.193 0.248
0.173 0.248
0.164 0.248
0.165 0.248
0.175 0.248
0.188 0.248
0.168 0.248
0.199 0.248
0.194 0.248
0.205 0.248
0.188 0.248
0.193 0.248
0.237 0.248
0.193 0.248
0.220 0.248
0.231 0.248
0.244 0.248
0.232 0.248
0.244 0.248
0.244 0.248
0.236 0.248
0.223 0.248
* 0.250 0.248
0.214 0.248
0.217 0.248
0.203 0.248
0.212 0.248
0.218 0.248
0.215 0.248
0.204 0.248
0.194 0.248
0.223 0.248
0.184 0.248
0.191 0.248
0.191 0.248
0.206 0.248
0.206 0.248
0.190 0.248
0.204 0.248
0.204 0.248
0.191 0.248
0.191 0.248
0.183 0.248
0.183 0.248
0.170 0.248
0.172 0.248
0.169 0.248
0.163 0.248
0.180 0.248
0.171 0.248
0.161 0.248
0.154 0.248
0.178 0.248
0.156 0.248
0.161 0.248
0.170 0.248
0.164 0.248
0.164 0.248
0.161 0.248
0.168 0.248
0.165 0.248
0.158 0.248
0.166 0.248
0.155 0.248
0.156 0.248
0.169 0.248
0.184 0.248
0.155 0.248
0.162 0.248
0.178 0.248
0.151 0.248
0.159 0.248
0.159 0.248
0.154 0.248
0.154 0.248
0.163 0.248
0.163 0.248
0.166 0.248
0.153 0.248
0.170 0.248
0.168 0.248
0.154 0.248
0.147 0.248
0.149 0.248
0.162 0.248
0.168 0.248
0.164 0.248
0.164 0.248
0.177 0.248
0.144 0.248
0.161 0.248
0.161 0.248
0.176 0.248
0.176 0.248
0.178 0.248
0.178 0.248
0.187 0.248
0.225 0.248
0.196 0.248
0.210 0.248
0.226 0.248
0.210 0.248
0.230 0.248
0.234 0.248
0.234 0.248
0.201 0.248
0.189 0.248
0.227 0.248
0.196 0.248
0.143 0.248
0.143 0.248
0.199 0.248
0.199 0.248
0.217 0.248
0.204 0.248
0.220 0.248
0.218 0.248
0.218 0.248
0.230 0.248
0.232 0.248
0.237 0.248
0.190 0.248
0.200 0.248
0.197 0.248
0.211 0.248
0.183 0.248
0.185 0.248
0.182 0.248
0.177 0.248
0.177 0.248
0.177 0.248
0.182 0.248
0.200 0.248
0.200 0.248
0.189 0.248
0.167 0.248
0.164 0.248
0.175 0.248
0.154 0.248
0.172 0.248
0.174 0.248
0.176 0.248
0.143 0.248
0.173 0.248
0.178 0.248
0.158 0.248
0.164 0.248
0.153 0.248
0.123 0.248
0.148 0.248
0.162 0.248
0.137 0.248
0.137 0.248
0.152 0.248
0.152 0.248
0.177 0.248
0.191 0.248
0.153 0.248
0.150 0.248
0.144 0.248
0.153 0.248
0.157 0.248
0.170 0.248
0.170 0.248
0.133 0.248
0.139 0.248
0.160 0.248
0.175 0.248
0.141 0.248
0.167 0.248
0.157 0.248
0.168 0.248
0.179 0.248
0.189 0.248
0.159 0.248
0.151 0.248
0.170 0.248
0.182 0.248
0.182 0.248
0.168 0.248
0.190 0.248
0.205 0.248
0.213 0.248
0.148 0.248
0.224 0.248
0.169 0.248
0.190 0.248
0.197 0.248
* 0.262 0.248
0.171 0.248
0.207 0.248
0.232 0.248
0.205 0.248
0.203 0.248
0.202 0.248
0.186 0.248
0.234 0.248
0.195 0.248
0.181 0.248
0.188 0.248
0.195 0.248
0.201 0.248
0.218 0.248
0.208 0.248
* 0.267 0.248
0.267 0.248
0.243 0.248
0.266 0.248
0.261 0.248
0.238 0.248
0.238 0.248
0.240 0.248
* 0.258 0.248
0.226 0.248
0.204 0.248
0.217 0.248
0.215 0.248
0.227 0.248
0.191 0.248
0.204 0.248
0.215 0.248
0.208 0.248
0.189 0.248
0.222 0.248
0.222 0.248
0.200 0.248
0.231 0.248
0.179 0.248
0.227 0.248
0.227 0.248
* 0.255 0.248
0.255 0.248
0.265 0.248
0.265 0.248
0.272 0.248
0.212 0.248
0.212 0.248
0.203 0.248
0.203 0.248
0.225 0.248
0.225 0.248
0.206 0.248
0.231 0.248
0.233 0.248
0.234 0.248
0.210 0.248
0.225 0.248
0.245 0.248
0.245 0.248
0.228 0.248
0.228 0.248
* 0.249 0.248
0.249 0.248
0.240 0.248
0.237 0.248
* 0.256 0.248
0.230 0.248
0.231 0.248
0.245 0.248
* 0.260 0.248
0.254 0.248
0.248 0.248
0.248 0.248
0.263 0.248
0.285 0.248
0.287 0.248
0.298 0.248
0.298 0.248
0.300 0.248
0.300 0.248
0.277 0.248
0.277 0.248
0.291 0.248
0.291 0.248
0.280 0.248
0.295 0.248
0.278 0.248
0.291 0.248
0.251 0.248
0.279 0.248
0.244 0.248
0.255 0.248
0.280 0.248
0.289 0.248
0.281 0.248
0.281 0.248
0.267 0.248
0.270 0.248
0.257 0.248
0.238 0.248
0.260 0.248
0.242 0.248
0.239 0.248
* 0.269 0.248
0.260 0.248
0.270 0.248
0.254 0.248
0.278 0.248
0.256 0.248
0.277 0.248
0.285 0.248
0.285 0.248
0.279 0.248
0.265 0.248
0.271 0.248
0.257 0.248
0.265 0.248
0.278 0.248
0.262 0.248
0.273 0.248
0.255 0.248
0.274 0.248
0.263 0.248
0.274 0.248
0.269 0.248
0.277 0.248
0.265 0.248
0.265 0.248
0.268 0.248
0.276 0.248
0.267 0.248
0.264 0.248
0.282 0.248
0.254 0.248
0.279 0.248
0.284 0.248
0.271 0.248
0.259 0.248
0.266 0.248
0.267 0.248
0.261 0.248
0.281 0.248
0.262 0.248
0.272 0.248
0.272 0.248
0.252 0.248
0.252 0.248
0.263 0.248
0.266 0.248
0.251 0.248
0.259 0.248
0.259 0.248
0.247 0.248
0.264 0.248
0.248 0.248
0.255 0.248
0.265 0.248
0.246 0.248
0.259 0.248
0.253 0.248
0.259 0.248
0.259 0.248
0.253 0.248
0.263 0.248
0.242 0.248
0.268 0.248
0.267 0.248
0.240 0.248
0.262 0.248
0.272 0.248
0.248 0.248
0.242 0.248
0.267 0.248
0.257 0.248
0.254 0.248
0.254 0.248
0.267 0.248
0.267 0.248
0.265 0.248
0.265 0.248
0.271 0.248
0.252 0.248
0.264 0.248
0.263 0.248
0.247 0.248
0.237 0.248
0.237 0.248
0.230 0.248
* 0.255 0.248
0.247 0.248
0.247 0.248
* 0.258 0.248
0.252 0.248
0.275 0.248
0.279 0.248
0.267 0.248
0.254 0.248
0.254 0.248
0.254 0.248
0.244 0.248
0.260 0.248
0.253 0.248
0.233 0.248
0.288 0.248
0.267 0.248
0.247 0.248
0.252 0.247
0.240 0.247
0.233 0.247
* 0.254 0.247
0.245 0.247
0.261 0.247
0.249 0.247
0.251 0.247
0.251 0.247
0.242 0.247
0.242 0.247
* 0.250 0.247
0.238 0.247
0.261 0.247
0.254 0.247
0.249 0.247
0.269 0.247
0.243 0.247
0.243 0.247
* 0.251 0.247
0.251 0.247
0.239 0.247
0.239 0.247
* 0.252 0.247
0.252 0.247
0.241 0.247
0.234 0.247
* 0.256 0.247
0.232 0.247
0.234 0.247
0.247 0.247
0.240 0.247
0.242 0.247
0.246 0.247
* 0.272 0.247
0.233 0.247
0.249 0.247
0.249 0.247
0.237 0.247
0.247 0.247
* 0.250 0.247
0.250 0.247
0.223 0.247
0.223 0.247
0.233 0.247
0.234 0.247
0.217 0.247
0.227 0.247
0.212 0.247
0.214 0.247
0.206 0.247
0.206 0.247
0.201 0.247
0.201 0.247
0.212 0.247
0.212 0.247
* 0.252 0.247
0.252 0.247
0.226 0.247
0.229 0.247
0.212 0.247
0.224 0.247
0.232 0.247
0.205 0.247
0.211 0.247
0.201 0.247
0.210 0.247
0.210 0.247
0.210 0.247
0.210 0.247
0.209 0.247
0.227 0.247
0.227 0.247
0.227 0.247
0.227 0.247
0.244 0.247
0.239 0.247
0.238 0.247
0.246 0.247
0.243 0.247
* 0.254 0.247
0.226 0.247
0.222 0.247
0.224 0.247
0.227 0.247
0.200 0.247
0.215 0.247
0.237 0.247
0.237 0.247
0.230 0.247
0.230 0.247
0.237 0.247
0.246 0.247
0.226 0.247
0.237 0.247
0.219 0.247
0.231 0.247
0.222 0.247
0.221 0.247
0.214 0.247
0.228 0.247
0.222 0.247
0.215 0.247
0.225 0.247
0.214 0.247
0.237 0.247
0.228 0.247
0.235 0.247
0.240 0.247
* 0.249 0.247
0.252 0.247
0.266 0.247
0.266 0.247
0.234 0.247
0.246 0.247
0.225 0.247
0.246 0.247
0.243 0.247
* 0.257 0.247
0.256 0.247
0.253 0.247
0.230 0.247
0.254 0.247
0.256 0.247
0.265 0.247
0.248 0.247
0.248 0.247
0.254 0.247
0.254 0.247
0.258 0.247
0.241 0.247
0.235 0.247
0.242 0.247
0.223 0.247
0.231 0.247
0.227 0.247
0.208 0.247
0.216 0.247
0.206 0.247
0.218 0.247
0.193 0.247
0.211 0.247
0.204 0.247
0.207 0.247
0.207 0.247
0.207 0.247
0.228 0.247
0.228 0.247
0.208 0.247
0.219 0.247
0.198 0.247
0.182 0.247
0.167 0.247
0.168 0.247
0.184 0.247
0.182 0.247
0.197 0.247
0.190 0.247
0.188 0.247
0.188 0.247
0.175 0.247
0.175 0.247
0.219 0.247
0.219 0.247
0.200 0.247
0.200 0.247
0.197 0.247
0.196 0.247
0.196 0.247
0.183 0.247
0.185 0.247
0.171 0.247
0.190 0.247
0.188 0.247
0.190 0.247
0.190 0.247
0.213 0.247
0.202 0.247
0.202 0.247
0.187 0.247
0.187 0.247
0.191 0.247
0.188 0.247
0.203 0.247
0.202 0.247
0.198 0.247
0.180 0.247
0.200 0.247
0.191 0.247
0.194 0.247
0.164 0.247
0.179 0.247
0.179 0.247
0.164 0.247
0.164 0.247
0.164 0.247
0.164 0.247
0.183 0.247
0.180 0.247
0.178 0.247
0.187 0.247
0.172 0.247
0.159 0.247
0.183 0.247
0.173 0.247
0.172 0.247
0.152 0.247
0.196 0.247
0.207 0.247
0.217 0.247
0.216 0.247
0.216 0.247
0.221 0.247
0.209 0.247
0.209 0.247
0.207 0.247
0.214 0.247
0.197 0.247
0.194 0.247
0.190 0.247
0.204 0.247
0.209 0.247
0.209 0.247
0.212 0.247
0.212 0.247
0.194 0.247
0.194 0.247
0.202 0.247
0.202 0.247
0.199 0.247
0.183 0.247
0.180 0.247
0.174 0.247
0.181 0.247
0.198 0.247
0.220 0.247
0.192 0.247
0.194 0.247
0.191 0.247
0.195 0.247
0.184 0.247
0.193 0.247
0.193 0.247
0.172 0.247
0.189 0.247
0.210 0.247
0.191 0.247
0.198 0.247
0.205 0.247
0.183 0.247
0.175 0.247
0.174 0.247
0.192 0.247
0.178 0.247
0.206 0.247
0.208 0.247
0.202 0.247
0.202 0.247
0.185 0.247
0.188 0.247
0.193 0.247
0.163 0.247
0.163 0.247
0.173 0.247
0.173 0.247
0.185 0.247
0.185 0.247
0.183 0.247
0.185 0.247
0.179 0.247
0.184 0.247
0.174 0.247
0.204 0.247
0.191 0.247
0.197 0.247
0.205 0.247
0.204 0.247
0.214 0.247
0.192 0.247
0.204 0.247
0.197 0.247
0.197 0.247
0.204 0.247
0.204 0.247
0.193 0.247
0.200 0.247
0.189 0.247
0.191 0.247
0.204 0.247
0.197 0.247
0.204 0.247
0.232 0.247
0.220 0.247
0.210 0.247
0.209 0.247
0.209 0.247
0.195 0.247
0.195 0.247
0.204 0.247
0.204 0.247
0.194 0.247
0.207 0.247
0.206 0.247
0.211 0.247
0.219 0.247
0.201 0.247
0.205 0.247
0.206 0.247
0.199 0.247
0.233 0.247
0.210 0.247
0.218 0.247
0.196 0.247
0.222 0.247
0.214 0.247
0.217 0.247
0.226 0.247
0.196 0.247
0.219 0.247
0.219 0.247
0.213 0.247
0.213 0.247
0.216 0.247
0.216 0.247
0.215 0.247
0.230 0.247
0.210 0.247
0.218 0.247
0.208 0.247
0.230 0.247
0.196 0.247
0.202 0.247
0.201 0.247
0.185 0.247
0.194 0.247
0.210 0.247
0.194 0.247
0.194 0.247
0.202 0.247
0.202 0.247
0.192 0.247
0.190 0.247
0.188 0.247
0.197 0.247
0.219 0.247
0.211 0.247
0.211 0.247
0.205 0.247
0.218 0.247
0.192 0.247
0.207 0.247
0.207 0.247
0.211 0.247
0.211 0.247
0.195 0.247
0.198 0.247
0.164 0.247
0.162 0.247
0.160 0.247
0.165 0.247
0.179 0.247
0.228 0.247
0.158 0.247
0.177 0.247
0.200 0.247
0.200 0.247
0.161 0.247
0.179 0.247
0.166 0.247
0.167 0.247
0.167 0.247
0.164 0.247
0.157 0.247
0.174 0.247
0.162 0.247
0.164 0.247
0.132 0.247
0.156 0.247
0.177 0.247
0.189 0.247
0.213 0.247
0.178 0.247
0.178 0.247
0.195 0.247
0.195 0.247
0.192 0.247
0.192 0.247
0.217 0.247
0.211 0.247
0.224 0.247
0.230 0.247
0.178 0.247
0.161 0.247
0.141 0.247
0.209 0.247
* 0.275 0.247
0.242 0.247
0.264 0.247
0.237 0.247
0.266 0.247
0.261 0.247
0.266 0.247
0.242 0.247
0.242 0.247
0.229 0.247
0.242 0.247
0.237 0.247
0.237 0.247
* 0.259 0.247
0.248 0.247
0.248 0.247
0.256 0.247
0.256 0.247
0.243 0.247
0.243 0.247
* 0.271 0.247
0.243 0.247
0.221 0.247
* 0.256 0.247
0.233 0.247
0.265 0.247
0.258 0.247
0.258 0.247
0.301 0.247
0.301 0.247
0.276 0.247
0.285 0.247
0.295 0.247
0.276 0.247
0.291 0.247
0.250 0.247
0.277 0.247
0.277 0.247
0.266 0.247
0.276 0.247
0.287 0.247
0.265 0.247
0.276 0.247
0.271 0.247
0.247 0.247
0.295 0.247
0.295 0.247
0.203 0.247
0.166 0.247
0.200 0.247
0.237 0.247
0.228 0.247
0.245 0.247
* 0.265 0.247
0.265 0.247
0.262 0.247
0.262 0.247
0.270 0.247
0.231 0.247
0.257 0.247
0.279 0.247
0.279 0.247
0.286 0.247
0.308 0.247
0.289 0.247
0.301 0.247
0.209 0.247
0.242 0.247
* 0.268 0.248
0.276 0.248
0.268 0.248
0.271 0.248
0.271 0.248
0.274 0.248
0.274 0.248
0.293 0.248
0.277 0.248
0.279 0.248
0.279 0.248
0.303 0.248
0.258 0.248
0.258 0.248
0.292 0.248
0.292 0.248
0.295 0.248
0.295 0.248
0.276 0.248
0.303 0.248
0.294 0.248
0.300 0.248
0.287 0.248
0.297 0.248
0.290 0.248
0.283 0.248
0.291 0.248
0.291 0.248
0.303 0.248
0.283 0.248
0.261 0.248
0.253 0.248
0.207 0.248
0.173 0.248
0.189 0.248
0.189 0.248
* 0.264 0.248
0.264 0.248
0.230 0.248
0.216 0.248
0.193 0.248
0.208 0.248
0.201 0.248
0.196 0.248
0.196 0.248
0.206 0.248
0.206 0.248
* 0.303 0.248
0.327 0.248
0.319 0.248
0.301 0.248
0.323 0.248
0.295 0.248
0.285 0.248
0.285 0.248
0.275 0.248
0.306 0.248
0.305 0.248
0.305 0.248
0.305 0.248
0.325 0.248
0.339 0.248
0.323 0.248
0.304 0.248
0.304 0.248
0.282 0.248
0.277 0.248
0.284 0.248
0.287 0.248
0.229 0.248
0.229 0.248
0.204 0.248
* 0.263 0.248
0.265 0.248
0.265 0.248
0.289 0.248
0.289 0.248
0.271 0.248
0.266 0.248
0.266 0.248
0.265 0.248
0.266 0.248
0.265 0.248
0.261 0.248
0.201 0.248
0.201 0.248
0.194 0.248
0.230 0.248
0.216 0.248
0.216 0.248
0.225 0.248
0.220 0.248
0.231 0.248
* 0.277 0.248
0.304 0.248
0.304 0.248
0.344 0.248
0.327 0.248
0.348 0.248
0.316 0.248
0.329 0.248
0.329 0.248
0.309 0.248
0.330 0.248
0.250 0.248
0.275 0.248
0.275 0.248
0.292 0.248
0.292 0.248
0.258 0.248
0.320 0.248
0.300 0.248
0.300 0.248
0.306 0.248
0.277 0.248
0.304 0.248
0.304 0.248
0.297 0.248
0.286 0.248
0.274 0.248
0.274 0.248
0.303 0.248
0.303 0.248
0.306 0.248
0.265 0.248
0.210 0.248
0.210 0.248
0.239 0.248
* 0.277 0.248
0.271 0.248
0.271 0.248
0.276 0.248
0.280 0.248
0.285 0.248
0.298 0.248
0.294 0.248
0.288 0.248
0.288 0.248
0.290 0.248
0.283 0.248
0.300 0.248
0.297 0.248
0.297 0.248
0.288 0.248
0.230 0.248
0.229 0.248
* 0.271 0.248
0.271 0.248
0.292 0.248
0.310 0.248
0.276 0.248
0.286 0.248
0.286 0.248
0.314 0.248
0.294 0.248
0.281 0.248
0.291 0.248
0.297 0.248
0.297 0.248
0.309 0.248
0.293 0.248
0.302 0.248
0.302 0.248
0.314 0.248
0.320 0.248
0.315 0.248
0.310 0.248
0.302 0.248
0.302 0.248
0.261 0.248
0.286 0.248
0.302 0.248
0.302 0.248
0.302 0.248
0.284 0.248
0.286 0.248
0.289 0.248
0.309 0.248
0.309 0.248
0.273 0.248
0.273 0.248
0.280 0.248
0.296 0.248
0.271 0.248
0.271 0.248
0.283 0.248
0.283 0.248
0.283 0.248
0.282 0.248
0.304 0.248
0.301 0.248
0.307 0.248
0.301 0.248
0.301 0.248
0.307 0.248
0.296 0.248
0.308 0.248
0.308 0.248
0.280 0.248
0.280 0.248
0.278 0.248
0.273 0.248
0.276 0.248
0.276 0.248
0.316 0.248
0.301 0.248
0.304 0.248
0.309 0.248
0.290 0.248
0.290 0.248
0.304 0.248
0.291 0.248
0.267 0.248
0.295 0.248
0.295 0.248
0.301 0.248
0.302 0.248
0.307 0.248
0.307 0.248
0.332 0.248
0.332 0.248
0.317 0.248
0.325 0.248
0.320 0.248
0.336 0.248
0.338 0.248
0.338 0.248
0.310 0.248
0.310 0.248
0.306 0.248
0.263 0.248
0.240 0.248
0.240 0.248
0.231 0.248
* 0.261 0.248
0.294 0.248
0.276 0.248
0.276 0.248
0.292 0.248
0.301 0.248
0.291 0.248
0.291 0.248
0.291 0.248
0.282 0.248
0.273 0.248
0.287 0.248
0.301 0.248
0.291 0.248
0.291 0.248
0.298 0.248
0.308 0.248
0.320 0.248
0.320 0.248
0.309 0.248
0.309 0.248
0.311 0.248
0.299 0.248
0.288 0.248
0.288 0.248
0.248 0.248
0.281 0.248
0.294 0.248
0.273 0.248
0.280 0.248
0.280 0.248
0.297 0.248
0.304 0.248
0.298 0.248
0.298 0.248
0.302 0.248
0.289 0.248
0.272 0.248
0.272 0.248
0.288 0.248
0.288 0.248
0.217 0.248
0.216 0.248
0.216 0.248
0.245 0.248
* 0.277 0.248
0.278 0.248
0.287 0.248
0.287 0.248
0.279 0.248
0.292 0.248
0.292 0.248
0.259 0.248
0.259 0.248
0.284 0.249
0.195 0.249
0.216 0.249
0.212 0.249
0.224 0.249
0.224 0.249
* 0.272 0.249
0.269 0.249
0.289 0.249
0.289 0.249
0.275 0.249
0.275 0.249
0.306 0.249
0.298 0.249
0.298 0.249
0.300 0.249
0.273 0.249
0.286 0.249
0.304 0.249
0.292 0.249
0.292 0.249
0.316 0.249
0.283 0.249
0.295 0.249
0.271 0.249
0.299 0.249
0.299 0.249
0.279 0.249
0.293 0.249
0.293 0.249
0.295 0.249
0.294 0.249
0.294 0.249
0.317 0.249
0.324 0.249
0.347 0.249
0.301 0.249
0.301 0.249
0.310 0.249
0.281 0.249
0.279 0.250
0.268 0.250
0.268 0.250
0.263 0.250
0.282 0.250
0.282 0.250
0.275 0.250
0.275 0.250
0.256 0.250
0.245 0.250
0.242 0.250
0.242 0.250
* 0.251 0.250
0.249 0.250
0.220 0.250
0.241 0.250
0.223 0.250
0.223 0.250
0.238 0.250
0.238 0.250
* 0.269 0.250
0.269 0.250
0.269 0.250
0.262 0.250
0.283 0.250
0.256 0.250
0.256 0.250
0.283 0.250
0.283 0.250
0.256 0.250
0.250 0.250
0.254 0.250
0.254 0.250
0.294 0.250
0.294 0.250
0.306 0.250
0.295 0.250
0.339 0.250
0.339 0.250
0.325 0.250
0.309 0.250
0.271 0.250
0.271 0.250
0.254 0.250
0.251 0.250
0.271 0.250
0.270 0.250
0.270 0.250
0.262 0.250
0.272 0.250
0.271 0.250
0.280 0.250
0.280 0.251
0.266 0.251
0.277 0.251
0.277 0.251
0.267 0.251
0.268 0.251
0.256 0.251
0.262 0.251
0.253 0.251
0.253 0.251
0.203 0.251
0.203 0.251
0.179 0.251
0.187 0.251
0.201 0.251
0.201 0.251
0.204 0.251
0.194 0.251
0.191 0.251
0.191 0.251
0.198 0.251
0.186 0.251
0.164 0.251
0.164 0.251
0.166 0.251
0.166 0.251
0.167 0.251
0.157 0.251
0.175 0.251
0.175 0.251
0.158 0.251
0.174 0.251
0.162 0.251
0.156 0.251
0.167 0.251
0.167 0.251
0.175 0.251
0.156 0.251
0.169 0.251
0.158 0.251
0.158 0.251
0.154 0.251
0.168 0.251
0.172 0.251
0.172 0.251
0.155 0.251
0.177 0.251
0.168 0.251
0.178 0.251
0.168 0.251
0.168 0.251
0.194 0.251
0.198 0.251
0.191 0.251
0.159 0.251
0.159 0.251
0.223 0.251
0.223 0.251
0.215 0.251
0.223 0.251
0.220 0.251
0.220 0.251
0.242 0.251
* 0.279 0.251
0.280 0.251
0.279 0.251
0.286 0.251
0.286 0.251
0.264 0.251
0.301 0.251
0.264 0.251
0.264 0.251
0.278 0.251
0.305 0.251
0.300 0.251
0.300 0.251
0.290 0.251
0.278 0.251
0.276 0.251
0.276 0.251
0.278 0.251
0.296 0.251
0.262 0.251
0.262 0.251
0.262 0.251
0.277 0.251
0.296 0.251
0.287 0.251
0.301 0.251
0.295 0.251
0.295 0.251
0.280 0.251
0.285 0.251
0.290 0.251
0.290 0.251
0.283 0.251
0.277 0.251
0.276 0.251
0.279 0.251
0.213 0.251
0.213 0.251
0.243 0.251
* 0.280 0.251
0.266 0.251
0.265 0.251
0.268 0.251
0.268 0.251
0.271 0.251
0.276 0.251
0.276 0.251
0.286 0.251
0.280 0.251
0.200 0.251
0.237 0.251
* 0.273 0.251
0.273 0.251
0.265 0.251
0.265 0.251
0.255 0.251
0.287 0.251
0.290 0.251
0.290 0.251
0.283 0.251
0.281 0.251
0.246 0.251
0.246 0.251
* 0.267 0.251
0.269 0.251
0.273 0.251
0.273 0.251
0.332 0.251
0.332 0.251
0.314 0.251
0.286 0.251
0.286 0.251
0.284 0.251
0.302 0.251
0.290 0.251
0.290 0.251
0.295 0.251
0.289 0.251
0.280 0.251
0.299 0.251
0.299 0.251
0.277 0.251
0.282 0.251
0.272 0.251
0.272 0.251
0.277 0.251
0.286 0.251
0.295 0.251
0.304 0.251
0.292 0.251
0.292 0.251
0.233 0.251
0.233 0.251
0.237 0.251
* 0.256 0.251
0.256 0.251
0.251 0.251
0.281 0.251
0.289 0.251
0.301 0.251
0.301 0.251
0.293 0.251
0.281 0.251
0.287 0.251
0.253 0.251
0.264 0.251
0.290 0.251
0.290 0.251
0.287 0.251
0.278 0.251
0.292 0.252
0.272 0.252
0.272 0.252
0.270 0.252
0.278 0.252
0.280 0.251
0.266 0.251
0.233 0.251
0.233 0.251
0.233 0.251
0.202 0.251
0.221 0.251
0.221 0.251
0.208 0.251
* 0.257 0.251
0.282 0.251
0.243 0.251
0.274 0.251
0.274 0.251
0.260 0.251
0.262 0.251
0.263 0.251
0.246 0.251
0.271 0.251
0.271 0.251
0.276 0.251
0.271 0.251
0.225 0.251
0.208 0.251
0.225 0.251
0.225 0.251
0.189 0.251
0.196 0.251
0.217 0.251
0.223 0.251
0.223 0.251
0.222 0.251
0.216 0.251
0.202 0.251
0.202 0.251
0.191 0.251
