0.304
0.301
0.304
0.304
0.301
0.304
0.288
0.295
0.285
0.285
0.297
0.295
0.261
0.285
0.296
0.296
0.305
0.305
0.312
0.305
0.305
0.280
0.345
0.312
0.314
0.302
0.281
0.311
0.311
0.331
0.316
0.327
0.301
0.301
0.222
0.222
0.253
0.304
0.293
0.293
0.294
0.301
0.277
0.282
0.272
0.250
0.280
0.280
0.286
0.287
0.287
0.289
0.292
0.297
0.227
0.227
0.233
* 0.285
0.296
0.267
0.267
0.277
0.290
0.275
0.270
0.262
0.262
0.243
0.275
0.274
0.277
0.281
0.281
0.271
0.275
0.276
0.282
0.282
0.286
0.286
0.231
0.196
0.212
0.224
* 0.240
0.240
0.257
0.257
0.237
0.246
0.246
0.240
0.240
0.277
0.277
0.204
0.251
0.245
0.245
0.283
0.283
0.285
0.259
0.259
0.279
0.279
0.258
0.258
0.282
0.301
0.281
0.277
0.277
0.268
0.174
0.189
0.217
* 0.255
0.255
0.271
0.261
0.268
0.268
0.276
0.276
0.253
0.262
0.261
0.269
0.269
0.271
0.266
0.245
0.261
0.261
0.261
0.271
0.269
0.272
0.269
0.261
0.261
0.248
0.248
0.266
0.269
0.274
0.272
0.266
0.266
0.247
0.269
0.269
0.259
0.259
0.261
0.242
0.267
0.248
0.248
0.272
0.274
0.253
0.259
0.300
0.300
0.237
0.232
0.313
0.248
0.237
0.237
0.258
0.258
0.270
0.288
0.258
0.258
0.269
0.285
0.282
0.272
0.272
0.281
0.286
0.273
0.269
0.265
0.265
0.281
0.281
0.275
0.290
0.262
0.263
0.279
0.279
0.280
0.267
0.267
0.257
0.257
0.282
0.267
0.222
0.250
0.245
0.245
0.260
0.274
0.294
0.276
0.263
0.263
0.258
0.219
0.256
0.247
0.236
0.236
0.249
0.254
0.226
0.225
0.235
* 0.256
0.254
0.254
0.264
0.290
0.299
0.287
0.259
0.360
0.407
0.344
0.344
0.344
0.304
0.286
0.299
0.299
0.317
0.313
0.313
0.343
0.343
0.301
0.286
0.276
0.239
0.257
0.257
0.248
0.246
0.249
0.260
0.274
0.274
0.295
0.297
0.274
0.264
0.262
0.259
0.259
0.259
0.282
0.291
0.291
0.296
0.304
0.278
0.321
0.323
0.323
0.270
0.339
0.291
0.341
0.266
0.266
0.261
0.361
0.324
0.292
0.277
0.265
0.265
0.231
0.241
0.275
0.276
0.270
0.279
0.279
0.287
0.248
0.280
0.265
0.269
0.269
0.294
0.320
0.319
0.303
0.288
0.293
0.293
0.274
0.283
0.251
0.291
0.297
0.299
0.299
0.293
0.295
0.301
0.282
0.282
0.329
0.308
0.306
0.302
0.303
0.327
0.327
0.300
0.262
0.280
0.280
0.272
0.287
0.296
0.282
0.282
0.240
0.242
0.215
0.215
0.258
0.258
0.263
0.253
0.227
0.235
0.237
0.237
* 0.259
0.248
0.201
0.201
0.232
0.237
* 0.267
0.348
0.348
0.263
0.254
0.201
0.230
0.243
0.289
0.280
0.250
0.234
0.219
0.250
0.245
0.245
0.229
0.229
0.263
0.258
0.243
0.236
0.233
0.240
0.263
0.263
0.259
0.252
0.266
0.254
0.254
0.234
0.234
0.269
0.269
0.261
0.254
0.275
0.272
0.286
0.298
0.298
0.292
0.280
0.279
0.313
0.301
0.301
0.300
0.281
0.309
0.299
0.294
0.282
0.282
0.283
0.283
0.274
0.260
0.280
0.262
0.237
0.198
0.198
0.238
* 0.270
0.262
0.262
0.300
0.300
0.273
0.273
0.264
0.287
0.287
0.251
0.262
0.260
0.271
0.270
0.270
0.290
0.285
0.244
0.272
0.285
0.267
0.278
0.278
0.272
0.295
0.274
0.285
0.292
0.277
0.277
0.276
0.270
0.303
0.280
0.278
0.278
0.260
0.252
0.287
0.293
0.295
0.258
0.290
0.287
0.287
0.289
0.291
0.273
0.295
0.283
0.257
0.257
0.255
0.279
0.262
0.253
0.314
0.306
0.287
0.287
0.310
0.303
0.304
0.302
0.309
0.289
0.289
0.313
0.286
0.306
0.306
0.313
0.313
0.314
0.262
0.262
0.296
0.296
0.280
0.297
0.309
0.309
0.273
0.327
0.298
0.298
0.291
0.291
0.289
0.299
0.303
0.303
0.311
0.293
0.277
0.267
0.264
0.264
0.256
0.270
0.245
0.274
0.274
0.233
0.168
0.167
0.200
0.201
0.226
* 0.312
0.312
0.217
0.261
0.236
0.263
0.263
0.285
0.285
0.294
0.370
0.244
0.244
0.256
0.209
0.209
0.214
0.230
0.230
* 0.258
0.230
0.248
0.248
0.248
0.210
0.230
0.231
0.204
0.171
0.171
0.164
0.142
0.178
0.178
0.174
0.154
0.160
0.149
0.165
0.165
0.165
0.151
0.178
0.167
* 0.266
0.266
0.237
0.281
0.232
0.245
0.245
0.258
0.243
0.279
0.251
0.251
0.220
0.220
0.240
0.255
0.255
0.255
0.289
0.294
0.288
0.271
0.277
0.315
0.315
0.303
0.258
0.235
0.235
0.259
0.259
0.274
0.269
0.268
0.268
0.268
0.283
0.282
0.285
0.271
0.271
0.288
0.287
0.287
0.286
0.274
0.272
0.268
0.272
0.272
0.279
0.248
0.268
0.270
0.268
0.268
0.275
0.258
0.210
0.236
0.271
0.271
0.275
0.293
0.266
0.266
0.273
0.270
0.255
0.203
0.210
0.210
0.230
* 0.285
0.275
0.259
0.270
0.278
0.264
0.264
0.298
0.318
0.318
0.318
0.214
0.214
0.266
0.302
0.318
0.318
0.295
0.304
0.288
0.314
0.293
0.286
0.286
0.292
0.258
0.227
0.239
0.216
0.216
0.219
0.193
0.199
0.169
0.222
0.187
0.207
0.207
0.176
0.182
0.182
0.205
0.205
0.206
0.235
0.215
0.215
* 0.357
0.178
0.175
0.171
0.170
0.170
0.155
0.170
0.165
0.173
0.173
0.173
0.172
* 0.261
0.219
0.219
0.188
0.207
0.196
0.188
0.190
0.199
0.186
0.186
0.223
0.193
0.212
0.207
0.207
0.187
0.179
0.178
0.201
0.201
0.171
0.238
* 0.256
0.253
0.262
0.262
0.264
0.217
0.239
0.239
0.236
0.236
0.236
0.231
0.236
* 0.265
0.265
0.270
0.232
0.278
0.245
0.263
0.263
0.244
0.279
0.306
0.281
0.305
0.305
0.325
0.316
0.263
0.226
0.281
0.281
0.272
0.299
0.266
0.299
0.299
0.276
0.276
0.307
0.291
0.286
0.271
0.271
0.264
0.279
0.276
0.306
0.306
0.278
0.298
0.298
0.256
0.256
0.281
0.281
0.276
0.276
0.284
0.304
0.299
0.300
0.312
0.312
0.304
0.333
0.300
0.319
0.319
0.315
0.295
0.305
0.313
0.313
0.311
0.293
0.320
0.289
0.289
0.289
0.294
0.283
0.284
0.284
0.288
0.284
0.286
0.304
0.282
0.281
0.284
0.284
0.306
0.307
0.329
0.300
0.300
0.286
0.320
0.306
0.276
0.304
0.304
0.290
0.271
0.277
0.277
0.284
0.294
0.265
0.263
0.281
0.274
0.274
0.279
0.271
0.278
0.254
0.258
0.258
0.245
0.247
0.271
0.271
0.270
0.270
0.266
0.290
0.257
0.285
0.285
0.298
0.287
0.278
0.287
0.287
0.284
0.284
0.299
0.323
0.293
0.293
0.293
0.288
0.292
0.289
0.289
0.278
0.296
0.251
0.251
0.222
0.232
0.275
0.284
0.284
0.284
0.272
0.287
0.269
0.278
0.278
0.298
0.238
0.271
0.271
0.304
0.294
0.248
0.189
0.229
0.277
0.281
0.271
0.286
0.286
0.279
0.288
0.288
0.295
0.295
0.256
0.276
0.272
0.240
0.260
0.260
0.282
0.277
0.264
0.282
0.298
0.298
0.275
0.222
0.203
0.220
* 0.247
0.247
0.253
0.297
0.285
0.291
0.291
0.277
0.277
0.282
0.294
0.294
0.285
0.257
0.273
0.258
0.271
0.271
0.256
0.261
0.243
0.269
0.251
0.251
0.244
0.244
0.248
0.264
0.270
0.213
0.213
0.199
0.191
0.222
0.222
* 0.251
0.227
0.278
0.256
0.250
0.250
0.248
0.243
0.251
0.251
0.228
0.240
0.201
0.201
0.267
0.267
0.276
0.254
0.253
0.275
0.309
0.309
0.297
0.305
0.305
0.303
0.316
0.296
0.294
0.288
0.282
0.240
0.240
0.186
0.190
0.239
0.240
* 0.266
0.241
0.241
0.234
0.235
0.234
* 0.247
0.234
0.234
0.231
* 0.250
0.253
0.255
0.250
0.250
0.245
0.260
0.245
0.255
0.255
0.223
0.223
0.248
0.255
0.263
0.263
0.250
0.236
0.253
0.253
0.253
0.253
0.253
0.256
0.253
0.269
0.269
0.261
0.264
0.268
0.247
0.253
0.256
0.256
0.247
0.269
0.248
0.234
0.250
0.250
0.255
0.274
0.228
0.218
0.255
0.255
0.256
0.255
0.256
0.266
0.265
0.240
0.253
0.253
0.242
0.275
0.275
0.300
0.300
0.309
0.312
0.284
0.284
0.284
0.276
0.261
0.285
0.285
0.310
0.310
0.317
0.328
0.344
0.303
0.303
0.282
0.314
0.283
0.289
0.308
0.308
0.285
0.280
0.290
0.290
0.298
0.298
0.337
0.262
0.268
0.297
0.297
0.332
0.331
0.317
0.302
0.285
0.285
0.301
0.326
0.302
0.359
0.294
0.294
0.281
0.283
0.333
0.307
0.265
0.265
0.292
0.280
0.274
0.274
0.276
0.292
0.291
0.262
0.302
0.283
0.283
0.322
0.311
0.332
0.310
0.326
0.326
0.283
0.302
0.289
0.301
0.301
0.265
0.268
0.292
0.292
0.286
0.286
0.314
0.331
0.271
0.271
0.283
0.277
0.284
0.284
0.358
0.325
0.335
0.364
0.334
0.334
0.306
0.394
0.219
0.228
0.228
0.223
0.223
0.213
0.236
0.226
0.226
0.226
0.202
0.215
0.205
0.214
0.214
0.215
0.218
0.236
0.237
0.240
0.240
0.231
* 0.281
0.270
0.299
0.299
0.278
0.272
0.267
0.267
0.275
0.275
0.280
0.278
0.273
0.281
0.279
0.279
0.221
0.334
0.254
0.369
0.369
0.287
0.355
0.372
0.282
0.275
0.275
0.230
0.179
0.197
* 0.259
0.271
0.250
0.250
0.258
0.265
0.250
0.250
0.260
0.279
0.273
0.283
0.255
0.255
0.271
0.271
0.263
0.270
0.295
0.279
0.279
0.291
0.291
0.320
0.292
0.313
0.299
0.299
0.302
0.301
0.328
0.326
0.326
0.291
0.323
0.294
0.243
0.243
0.266
0.276
0.305
0.307
0.307
0.302
0.312
0.284
0.308
0.308
0.303
0.303
0.293
0.331
0.341
0.336
0.321
0.321
0.282
0.346
0.284
0.321
0.321
0.330
0.330
0.323
0.335
0.337
0.348
0.348
0.313
0.313
0.313
0.263
0.321
0.321
0.316
0.352
0.315
0.315
0.331
0.291
0.321
0.312
0.373
0.255
0.315
0.315
0.334
0.336
0.312
0.312
0.347
0.359
0.345
0.305
0.304
0.326
0.326
0.306
0.307
0.266
0.309
0.318
0.318
0.302
0.306
0.330
0.316
0.316
0.359
0.359
0.358
0.309
0.298
0.298
0.309
0.283
0.299
0.328
0.249
0.249
0.270
0.287
0.371
0.339
0.339
0.370
0.321
0.314
0.321
0.339
0.339
0.375
0.304
0.358
0.318
0.327
0.306
0.306
0.330
0.323
0.310
0.298
0.327
0.327
0.433
0.327
0.315
0.315
0.301
0.321
0.315
0.306
0.288
0.288
0.328
0.324
0.332
0.332
0.261
0.261
0.244
0.290
0.290
0.328
0.360
0.284
0.296
0.296
0.305
0.317
0.330
0.362
0.293
0.323
0.323
0.332
0.332
0.351
0.328
0.307
0.307
0.298
0.320
0.340
0.324
0.319
0.431
0.431
0.199
0.199
0.203
0.222
0.227
0.227
0.205
0.200
0.198
0.198
0.219
0.219
* 0.263
0.258
0.258
0.255
0.281
0.297
0.263
0.263
0.245
0.231
0.211
0.223
0.223
0.192
0.192
0.210
0.177
0.187
0.183
0.183
0.191
0.197
0.203
0.196
0.212
0.212
* 0.260
0.293
0.289
0.289
0.312
0.312
0.307
0.336
0.317
0.317
0.392
0.332
0.322
0.311
0.329
0.329
0.358
0.328
0.340
0.359
0.318
0.318
0.298
0.281
0.281
0.318
0.318
0.329
0.347
0.339
0.308
0.310
0.310
0.321
0.298
0.220
0.220
0.293
0.293
0.291
0.297
0.297
0.301
0.322
0.278
0.295
0.295
0.300
0.308
0.314
0.303
0.303
0.259
0.245
0.306
0.308
0.322
0.322
0.308
0.306
0.293
0.293
0.327
0.327
0.293
0.253
0.253
0.289
0.289
0.303
0.293
0.322
0.319
0.296
0.296
0.286
0.303
0.297
0.297
0.288
0.291
0.251
0.267
0.230
0.230
0.268
0.284
0.277
0.273
0.273
0.264
0.264
0.260
0.277
0.280
0.291
0.291
0.283
0.265
0.265
0.282
0.282
0.236
0.284
0.266
0.282
0.282
0.292
0.287
0.292
0.258
0.281
0.281
0.272
0.263
0.196
0.196
0.209
0.222
* 0.254
0.249
0.242
0.242
0.284
0.279
0.237
0.237
0.272
0.258
0.251
0.260
0.260
0.273
0.298
0.248
0.288
0.288
0.291
0.263
0.278
0.272
0.276
0.201
0.201
0.189
* 0.243
0.256
0.269
0.267
0.267
0.306
0.279
0.254
0.254
0.263
0.276
0.274
0.283
0.283
0.274
0.276
0.295
0.295
0.268
0.289
0.308
0.328
0.316
0.316
0.351
0.346
0.365
0.365
0.376
0.331
0.303
0.314
0.300
0.300
0.409
0.352
0.387
0.257
0.394
0.394
0.310
0.281
0.281
0.340
0.366
0.325
0.309
0.346
0.346
0.293
0.317
0.277
0.277
0.289
0.289
0.302
0.299
0.281
0.304
0.304
0.296
0.326
0.304
0.312
0.312
0.299
0.305
0.294
0.289
0.289
0.298
0.299
0.306
0.330
0.253
0.253
0.278
0.277
0.301
0.301
0.320
0.315
0.326
0.332
0.332
0.300
0.300
0.312
0.283
0.281
0.281
0.264
0.248
0.268
0.245
0.267
0.267
0.275
0.274
0.299
0.251
0.251
0.267
0.295
0.269
0.319
0.308
0.308
0.297
0.288
0.306
0.295
0.238
0.238
0.183
* 0.274
0.307
0.280
0.300
0.300
0.293
0.290
0.289
0.289
0.292
0.314
0.298
0.317
0.283
0.283
0.300
0.297
0.297
0.283
0.294
0.279
0.277
0.267
0.267
0.275
0.256
0.288
0.288
0.299
0.299
0.297
0.273
0.285
0.285
0.283
0.290
0.266
0.281
0.274
0.274
0.253
0.259
0.203
0.210
0.210
* 0.244
0.359
0.411
0.411
0.298
0.262
0.287
0.281
0.343
0.343
0.315
0.401
0.306
0.306
0.294
0.309
0.269
0.260
0.288
0.288
0.290
0.304
0.295
0.260
0.260
0.276
0.263
0.258
0.229
0.249
0.249
0.265
0.254
0.260
0.260
0.266
0.260
0.245
0.273
0.273
0.261
0.244
0.234
0.245
0.267
0.267
0.270
0.276
0.261
0.261
0.235
0.245
0.257
0.237
0.264
0.264
0.268
0.280
0.291
0.303
0.262
0.262
0.296
0.266
0.287
0.284
0.286
0.286
0.284
0.296
0.290
0.276
0.276
0.284
0.284
0.279
0.303
0.278
0.278
0.279
0.271
0.258
0.271
0.280
0.280
0.317
0.283
0.283
0.265
0.306
0.329
0.453
0.363
0.363
0.357
0.322
0.333
0.333
0.268
0.268
0.304
0.272
0.310
0.310
0.297
0.287
0.257
0.280
0.295
0.295
0.291
0.298
0.284
0.273
0.273
0.288
0.288
0.276
0.280
0.251
0.251
0.230
0.230
0.266
0.298
0.288
0.268
0.268
0.290
0.292
0.268
0.257
0.281
0.281
0.296
0.238
0.285
0.182
0.153
0.153
0.233
0.233
* 0.271
0.286
0.286
0.278
0.278
0.263
0.253
0.273
0.273
0.269
0.267
0.271
0.285
0.267
0.267
0.278
0.282
0.260
0.272
0.265
0.265
0.303
0.280
0.239
0.263
0.268
0.287
0.287
0.292
0.289
0.276
0.276
0.292
0.304
0.296
0.291
0.283
0.283
0.215
0.221
0.200
0.197
0.197
0.199
0.189
0.184
0.204
0.195
0.195
0.207
0.195
0.200
0.186
0.216
0.216
* 0.259
0.266
0.266
0.275
0.256
0.250
0.268
0.284
0.284
0.290
0.290
0.301
0.301
0.304
0.304
0.280
0.283
0.286
0.290
0.278
0.278
0.282
0.289
0.304
0.280
0.280
0.295
0.308
0.298
0.300
0.300
0.300
0.277
0.274
0.301
0.301
0.279
0.223
0.214
0.304
0.240
0.240
0.302
0.345
0.446
0.446
0.289
0.289
0.307
0.306
0.306
0.296
0.321
0.263
0.264
0.281
0.283
0.307
0.307
0.285
0.266
0.310
0.310
0.309
0.311
0.297
0.279
0.279
0.264
0.274
0.290
0.312
0.299
0.299
0.318
0.308
0.310
0.310
0.294
0.294
0.301
0.300
0.294
0.294
0.301
0.260
0.262
0.262
0.262
0.304
0.293
0.251
0.312
0.320
0.288
0.288
0.270
0.251
0.250
0.196
0.196
0.186
* 0.259
0.281
0.251
0.281
0.281
0.216
0.258
0.289
0.289
0.305
0.305
0.300
0.285
0.237
0.263
0.263
0.236
0.293
0.285
0.319
0.287
0.287
0.274
0.296
0.281
0.281
0.262
0.262
0.385
0.224
0.224
0.268
0.268
0.264
0.289
0.277
0.277
0.292
0.284
0.277
0.272
0.269
0.269
0.280
0.309
0.278
0.295
0.250
0.250
0.247
0.242
0.284
0.287
0.287
0.293
0.317
0.316
0.293
0.204
0.204
0.251
0.271
0.299
0.272
0.266
0.266
0.283
0.302
0.275
0.275
0.277
0.310
0.271
0.292
0.291
0.291
0.217
0.269
0.273
0.285
0.285
0.305
0.310
0.324
0.315
0.324
0.324
0.324
0.256
0.202
0.242
0.293
0.293
0.288
0.298
0.298
0.322
0.322
0.310
0.307
0.321
0.288
0.330
0.330
0.318
0.319
0.329
0.329
0.337
0.225
0.243
0.298
0.308
0.308
0.312
0.331
0.311
0.322
0.307
0.328
0.328
0.300
0.208
0.262
0.292
0.292
0.293
0.285
0.305
0.291
0.291
0.350
0.182
0.164
0.269
0.269
0.259
0.276
0.285
0.288
0.277
0.277
0.277
0.285
0.258
0.258
0.283
0.290
0.208
0.282
0.295
0.295
0.287
0.296
0.254
0.254
0.292
0.292
0.298
0.279
0.287
0.281
0.281
0.317
0.248
0.222
0.238
0.267
0.267
0.265
0.265
0.285
0.288
0.283
0.274
0.274
0.266
0.266
0.292
0.274
0.276
0.271
0.271
0.261
0.277
0.274
0.291
0.291
0.211
0.182
0.251
0.270
0.270
0.274
0.289
0.269
0.272
0.271
0.271
0.272
0.279
0.262
0.279
0.230
0.230
0.248
0.261
0.277
0.277
0.259
0.277
0.285
0.285
0.256
0.277
0.230
0.221
0.243
0.243
0.213
0.269
0.258
0.283
0.283
0.277
0.290
0.250
0.250
0.287
0.299
0.281
0.281
0.297
0.280
0.293
0.309
0.274
0.266
0.266
0.340
0.250
0.264
0.269
0.263
0.263
0.297
0.261
0.290
0.269
0.280
0.280
0.279
0.279
0.224
0.230
0.230
* 0.259
0.277
0.287
0.274
0.295
0.295
0.280
0.290
0.279
0.291
0.263
0.263
0.223
0.274
0.253
0.266
0.325
0.325
0.274
0.245
0.287
0.287
0.275
0.289
0.284
0.277
0.276
0.276
0.289
0.297
0.303
0.300
0.300
0.291
0.232
0.202
0.202
* 0.245
0.281
0.322
0.276
0.285
0.285
0.281
0.280
0.282
0.292
0.292
0.271
0.271
0.300
0.295
0.280
0.280
0.282
0.261
0.251
0.210
0.197
0.197
* 0.246
0.290
0.311
0.311
0.272
0.299
0.253
0.272
0.282
0.282
0.282
0.279
0.279
0.272
0.274
0.279
0.278
0.266
0.285
0.264
0.280
0.269
0.285
0.293
0.293
0.279
0.266
0.266
0.279
0.279
0.264
0.295
0.295
0.294
0.293
0.287
0.282
0.311
0.294
0.294
0.286
0.306
0.310
0.310
0.299
0.286
0.198
0.221
0.274
0.266
0.281
0.284
0.284
0.265
0.260
0.286
0.286
0.265
0.266
0.314
0.283
0.283
0.281
0.192
0.232
0.269
0.278
0.278
0.294
0.291
0.278
0.256
0.278
0.208
0.208
0.170
0.235
* 0.254
0.272
0.267
0.267
0.251
0.259
0.277
0.277
0.274
0.274
0.275
0.275
0.272
0.272
0.276
0.278
0.270
0.248
0.273
0.273
0.279
0.279
0.309
0.245
0.245
0.274
0.273
0.276
0.283
0.243
0.275
0.273
0.273
0.292
0.287
0.303
0.250
0.270
0.281
0.281
0.226
0.256
0.287
0.284
0.276
0.276
0.291
0.291
0.305
0.279
0.279
0.250
0.161
0.218
0.248
0.248
0.289
0.285
0.274
0.297
0.297
0.292
0.292
0.285
0.276
0.253
0.282
0.282
0.283
0.266
0.287
0.284
0.275
0.275
0.266
0.198
0.196
0.286
0.314
0.314
0.266
0.281
0.278
0.278
0.303
0.298
0.266
0.283
0.286
0.286
0.282
0.291
0.281
0.286
0.273
0.273
0.283
0.283
0.283
0.303
0.318
0.275
0.321
0.308
0.329
0.317
0.317
0.306
0.318
0.322
0.238
0.250
0.250
0.229
0.256
0.283
0.282
0.282
0.309
0.309
0.330
0.300
0.300
0.299
0.312
0.304
0.314
0.314
0.297
0.313
0.291
0.314
0.331
0.306
0.306
0.321
0.314
0.299
0.299
0.324
0.235
0.207
0.269
0.296
0.296
0.295
0.304
0.307
0.307
0.308
0.307
0.197
0.226
0.263
0.263
0.255
0.267
0.300
0.300
0.262
0.278
0.284
0.292
0.292
0.305
0.297
0.287
0.285
0.277
0.277
0.287
0.273
0.279
0.279
0.286
0.203
0.196
0.269
0.277
0.287
0.287
0.269
0.280
0.295
0.305
0.274
0.274
0.271
0.277
0.293
0.293
0.287
0.287
0.294
0.271
0.279
0.290
0.290
0.170
0.170
0.185
* 0.248
0.279
0.279
0.289
0.279
0.276
0.277
0.251
0.251
0.285
0.294
0.298
0.292
0.279
0.279
0.294
0.250
0.250
0.301
0.331
0.306
0.287
0.314
0.314
0.284
0.278
0.295
0.295
0.312
0.298
0.320
0.320
0.311
0.311
0.278
0.271
0.176
0.251
0.251
0.291
0.303
0.308
0.296
0.293
0.293
0.304
0.278
0.308
0.311
0.324
0.324
0.320
0.335
0.308
0.292
0.292
0.312
0.306
0.289
0.324
0.323
0.323
0.307
0.289
0.316
0.339
0.313
0.319
0.319
0.331
0.323
0.302
0.194
0.194
0.231
* 0.265
0.265
0.318
0.318
0.300
0.300
0.325
0.325
0.333
0.292
0.309
0.322
0.284
0.284
0.209
0.251
0.301
0.312
0.312
0.316
0.322
0.311
0.319
0.319
0.297
0.243
0.222
0.263
0.263
0.254
0.327
0.327
0.303
0.318
0.318
0.319
0.321
0.334
0.326
0.351
0.351
0.344
0.322
0.322
0.331
0.345
0.317
0.316
0.315
0.315
0.314
0.341
0.328
0.328
0.323
0.334
0.316
0.233
0.322
0.329
0.306
0.306
0.321
0.337
0.329
0.325
0.325
0.342
0.342
0.303
0.227
0.264
0.322
0.347
0.347
0.342
0.317
0.327
0.327
0.312
0.312
0.220
0.236
0.236
* 0.273
0.337
0.322
0.329
0.308
0.308
0.322
0.316
0.320
0.207
0.241
0.241
0.331
0.331
0.308
0.340
0.321
0.345
0.318
0.318
0.316
0.344
0.344
0.250
0.229
0.248
0.306
0.320
0.320
0.321
0.314
0.333
0.348
0.354
0.330
0.330
0.339
0.347
0.321
0.321
0.334
0.334
0.248
0.254
0.326
0.326
0.340
0.320
0.318
0.323
0.338
0.338
0.323
0.332
0.328
0.341
0.336
0.335
0.220
0.211
0.307
0.307
0.275
0.314
0.339
0.318
0.324
0.322
0.323
0.328
0.319
0.339
0.339
0.338
0.225
0.299
0.333
0.332
0.313
0.329
0.329
0.334
0.347
0.349
0.345
0.334
0.320
0.320
0.342
0.251
0.248
0.277
0.314
0.314
0.325
0.301
0.345
0.348
0.341
0.329
0.329
0.356
0.356
0.330
0.306
0.255
0.263
0.326
0.326
0.334
0.342
0.342
0.348
0.319
0.335
0.353
0.347
0.302
0.321
0.330
0.330
0.308
0.276
0.288
0.281
0.291
0.291
0.314
0.314
0.338
0.333
0.317
0.326
0.326
0.331
0.299
0.288
0.268
0.292
0.292
0.260
0.260
0.256
0.226
0.278
0.270
