0.285 0.240
0.288 0.240
0.248 0.240
0.300 0.240
0.283 0.240
0.284 0.240
0.270 0.240
0.292 0.240
0.304 0.240
0.304 0.240
0.300 0.240
0.268 0.240
0.291 0.240
0.293 0.240
0.299 0.240
0.299 0.240
0.298 0.240
0.307 0.240
0.301 0.240
0.330 0.240
0.307 0.240
0.307 0.240
0.296 0.240
0.309 0.240
0.298 0.240
0.300 0.240
0.298 0.240
0.307 0.240
0.311 0.240
0.303 0.240
0.303 0.240
0.249 0.240
0.286 0.240
0.314 0.240
0.308 0.240
0.280 0.240
0.281 0.240
0.293 0.240
0.308 0.240
0.303 0.240
0.307 0.240
0.307 0.240
0.290 0.240
0.297 0.240
0.275 0.240
0.314 0.240
0.294 0.240
0.310 0.240
0.318 0.240
0.318 0.240
0.297 0.240
0.295 0.240
0.292 0.240
0.161 0.240
0.221 0.240
* 0.256 0.240
0.272 0.240
0.272 0.240
0.259 0.240
0.259 0.240
0.279 0.240
0.279 0.240
0.264 0.240
0.270 0.240
0.227 0.240
0.261 0.240
0.261 0.240
0.255 0.240
0.243 0.240
0.247 0.240
0.230 0.240
0.230 0.240
0.215 0.240
0.226 0.240
0.216 0.240
0.216 0.240
0.231 0.240
0.203 0.240
* 0.260 0.240
0.260 0.240
0.228 0.240
0.259 0.240
0.238 0.240
0.226 0.240
* 0.247 0.240
0.247 0.240
0.224 0.240
0.233 0.240
* 0.243 0.240
0.249 0.240
0.255 0.240
0.263 0.240
0.239 0.240
0.239 0.240
* 0.257 0.240
0.229 0.240
0.248 0.240
0.231 0.240
0.290 0.240
0.231 0.240
0.285 0.240
0.244 0.240
0.249 0.240
0.254 0.240
0.262 0.240
0.269 0.240
0.265 0.240
0.256 0.240
0.236 0.240
0.236 0.240
0.236 0.240
0.238 0.240
* 0.270 0.240
0.218 0.240
0.229 0.240
0.224 0.240
0.224 0.240
* 0.245 0.240
0.219 0.240
0.292 0.240
0.261 0.240
0.276 0.240
0.240 0.240
0.257 0.240
0.276 0.240
0.276 0.240
0.278 0.240
0.251 0.240
0.239 0.240
0.253 0.240
0.261 0.240
0.226 0.240
0.251 0.240
0.251 0.240
0.232 0.240
0.258 0.240
0.277 0.240
0.253 0.240
0.251 0.240
0.259 0.240
0.263 0.240
0.263 0.240
0.234 0.240
0.249 0.240
0.258 0.240
0.235 0.240
0.287 0.240
0.243 0.240
0.255 0.240
0.275 0.240
0.262 0.240
0.268 0.240
0.245 0.240
0.272 0.240
0.312 0.240
0.250 0.240
0.250 0.240
0.251 0.240
0.184 0.240
0.200 0.240
0.224 0.240
* 0.259 0.240
0.227 0.240
0.227 0.240
* 0.241 0.240
0.246 0.240
0.194 0.240
0.166 0.240
0.236 0.240
* 0.244 0.240
0.244 0.240
0.244 0.240
0.261 0.240
0.244 0.240
0.256 0.240
0.204 0.240
0.240 0.240
0.235 0.240
0.235 0.240
0.214 0.240
0.232 0.240
0.200 0.240
0.239 0.240
* 0.273 0.240
0.242 0.240
0.217 0.240
0.217 0.240
0.222 0.240
0.212 0.240
0.236 0.240
* 0.275 0.240
0.293 0.240
0.230 0.240
0.286 0.240
0.286 0.240
0.276 0.240
0.288 0.240
0.288 0.240
0.260 0.240
0.283 0.240
0.260 0.240
0.290 0.240
0.288 0.240
0.308 0.240
0.264 0.240
0.262 0.240
0.242 0.240
0.248 0.240
0.262 0.240
0.273 0.240
0.286 0.240
0.286 0.240
0.255 0.240
0.290 0.240
0.297 0.240
0.263 0.240
0.279 0.240
0.302 0.240
0.298 0.240
0.274 0.240
0.285 0.240
0.279 0.240
0.302 0.240
0.302 0.240
0.286 0.240
0.308 0.240
0.309 0.240
0.273 0.240
0.302 0.240
0.268 0.240
0.278 0.240
0.258 0.240
0.295 0.240
0.295 0.240
0.289 0.240
0.278 0.240
0.279 0.240
0.264 0.240
0.288 0.240
0.308 0.240
0.297 0.240
0.313 0.240
0.298 0.240
0.270 0.240
0.291 0.240
0.267 0.240
0.265 0.240
0.219 0.240
0.264 0.240
0.264 0.240
0.298 0.240
0.263 0.240
0.285 0.240
0.279 0.240
0.298 0.240
0.318 0.240
0.280 0.240
0.243 0.240
0.243 0.240
0.287 0.240
0.288 0.240
0.300 0.240
0.273 0.240
0.294 0.240
0.271 0.240
0.299 0.240
0.299 0.240
0.285 0.240
0.298 0.240
0.306 0.240
0.263 0.240
0.250 0.240
0.296 0.240
0.280 0.240
0.298 0.240
0.288 0.240
0.315 0.240
0.268 0.240
0.269 0.240
0.303 0.240
0.303 0.240
0.309 0.240
0.307 0.240
0.287 0.240
0.301 0.240
0.281 0.240
0.306 0.240
0.267 0.240
0.313 0.240
0.313 0.240
0.269 0.240
0.303 0.240
0.274 0.240
0.298 0.240
0.280 0.240
0.293 0.240
0.288 0.240
0.310 0.240
0.260 0.240
0.288 0.240
0.271 0.240
0.251 0.240
0.294 0.240
0.282 0.240
0.294 0.240
0.280 0.240
0.262 0.240
0.252 0.240
0.262 0.240
0.301 0.240
0.293 0.240
0.276 0.240
0.276 0.240
0.291 0.240
0.300 0.240
0.313 0.240
0.303 0.240
0.252 0.240
0.282 0.240
0.291 0.240
0.298 0.240
0.310 0.240
0.271 0.240
0.318 0.240
0.304 0.240
0.304 0.240
0.324 0.240
0.284 0.240
0.320 0.240
0.321 0.240
0.306 0.240
0.307 0.240
0.307 0.240
0.340 0.240
0.277 0.240
0.299 0.240
0.265 0.240
0.332 0.240
0.312 0.240
0.312 0.240
0.276 0.240
0.274 0.240
0.286 0.240
0.307 0.240
0.308 0.240
0.279 0.240
0.279 0.240
0.271 0.240
0.296 0.240
0.273 0.240
0.274 0.240
0.289 0.240
0.272 0.240
0.272 0.240
0.279 0.240
0.301 0.240
0.295 0.240
0.317 0.240
0.286 0.240
0.286 0.240
0.282 0.240
0.289 0.240
0.275 0.240
0.308 0.240
0.308 0.240
0.308 0.240
0.321 0.240
0.295 0.240
0.327 0.240
0.283 0.240
0.283 0.240
0.281 0.240
0.315 0.240
0.299 0.240
0.306 0.240
0.266 0.240
0.324 0.240
0.324 0.240
0.307 0.240
0.306 0.240
0.296 0.240
0.281 0.240
0.288 0.240
0.305 0.240
0.305 0.240
0.298 0.240
0.285 0.240
0.295 0.240
0.316 0.240
0.293 0.240
0.292 0.240
0.292 0.240
0.302 0.240
0.291 0.240
0.306 0.240
0.300 0.240
0.293 0.240
0.293 0.240
0.278 0.240
0.278 0.240
0.282 0.240
0.293 0.240
0.306 0.240
0.305 0.240
0.275 0.240
0.275 0.240
0.284 0.240
0.293 0.240
0.300 0.240
0.298 0.240
0.284 0.240
0.276 0.240
0.276 0.240
0.321 0.240
0.269 0.240
0.271 0.240
0.281 0.240
0.303 0.240
0.275 0.240
0.275 0.240
0.291 0.240
0.223 0.240
0.271 0.240
0.286 0.240
0.288 0.240
0.300 0.240
0.309 0.240
0.313 0.240
0.292 0.240
0.292 0.240
0.260 0.240
0.273 0.240
0.295 0.240
0.237 0.240
0.250 0.240
0.284 0.240
0.277 0.240
0.280 0.240
0.306 0.240
0.306 0.240
0.306 0.240
0.313 0.240
0.283 0.240
0.309 0.240
0.309 0.240
0.304 0.240
0.282 0.240
0.282 0.240
0.265 0.240
0.252 0.240
0.315 0.240
0.300 0.240
0.301 0.240
0.316 0.240
0.309 0.240
0.301 0.240
0.294 0.240
0.279 0.240
0.302 0.240
0.302 0.240
0.279 0.240
0.289 0.240
0.300 0.240
0.262 0.240
0.278 0.240
0.286 0.240
0.294 0.240
0.268 0.240
0.298 0.240
0.289 0.240
0.275 0.240
0.263 0.240
0.286 0.240
0.285 0.240
0.305 0.240
0.292 0.240
0.280 0.240
0.310 0.240
0.320 0.240
0.273 0.240
0.326 0.240
0.313 0.240
0.304 0.240
0.316 0.240
0.270 0.240
0.203 0.240
0.180 0.240
0.189 0.240
0.208 0.240
* 0.289 0.240
0.271 0.240
0.264 0.240
0.263 0.240
0.270 0.240
0.253 0.240
0.247 0.240
0.260 0.240
0.260 0.240
0.270 0.240
0.251 0.240
0.233 0.240
0.271 0.240
0.274 0.240
0.267 0.240
0.258 0.240
0.285 0.240
0.283 0.240
0.265 0.240
0.265 0.240
0.258 0.240
0.292 0.240
0.285 0.240
0.281 0.240
0.255 0.240
0.255 0.240
0.283 0.240
0.250 0.240
0.267 0.240
0.261 0.240
0.248 0.240
0.270 0.240
0.257 0.240
0.257 0.240
0.260 0.240
0.283 0.240
0.261 0.240
0.217 0.240
0.201 0.240
0.231 0.240
* 0.270 0.240
0.296 0.240
0.296 0.240
0.283 0.240
0.247 0.240
0.222 0.240
0.226 0.240
0.234 0.240
0.235 0.240
* 0.272 0.240
0.272 0.240
0.191 0.240
0.270 0.240
0.283 0.240
0.280 0.240
0.286 0.240
0.286 0.240
0.298 0.240
0.265 0.240
0.292 0.240
0.270 0.240
0.283 0.240
0.283 0.240
0.263 0.240
0.261 0.240
0.244 0.240
0.257 0.240
0.195 0.240
0.219 0.240
* 0.244 0.240
0.251 0.240
0.256 0.240
0.256 0.240
0.255 0.240
0.249 0.240
0.245 0.240
0.249 0.240
0.248 0.240
0.249 0.240
0.231 0.240
0.277 0.240
0.277 0.240
0.264 0.240
0.263 0.240
0.265 0.240
0.253 0.240
0.272 0.240
0.252 0.240
0.279 0.240
0.241 0.240
0.241 0.240
0.266 0.240
0.234 0.240
0.250 0.240
0.230 0.240
0.258 0.240
0.262 0.240
0.258 0.240
0.251 0.240
0.251 0.240
0.244 0.240
0.273 0.240
0.244 0.240
0.241 0.240
0.241 0.240
0.266 0.240
0.260 0.240
0.260 0.240
0.246 0.240
0.249 0.240
0.258 0.240
0.264 0.240
0.250 0.240
0.250 0.240
0.234 0.240
0.237 0.240
0.240 0.240
* 0.248 0.240
0.260 0.240
0.249 0.240
0.249 0.240
0.259 0.240
0.243 0.240
0.258 0.240
0.265 0.240
0.260 0.240
0.267 0.240
0.260 0.240
0.276 0.240
0.244 0.240
0.274 0.240
0.258 0.240
0.245 0.240
0.242 0.240
0.250 0.240
0.266 0.240
0.243 0.240
0.242 0.240
0.242 0.240
0.294 0.240
0.276 0.240
0.244 0.240
0.266 0.240
0.236 0.240
0.209 0.240
0.209 0.240
0.212 0.240
0.219 0.240
0.219 0.240
0.216 0.240
0.230 0.240
0.238 0.240
* 0.245 0.240
0.246 0.240
0.265 0.240
0.265 0.240
0.269 0.240
0.243 0.240
0.289 0.240
0.288 0.240
0.292 0.240
0.292 0.240
0.292 0.240
0.279 0.240
0.277 0.240
0.292 0.240
0.258 0.240
0.267 0.240
0.261 0.240
0.261 0.240
0.224 0.240
0.224 0.240
* 0.294 0.240
0.275 0.240
0.302 0.240
0.273 0.240
0.304 0.240
0.285 0.240
0.285 0.240
0.324 0.240
0.324 0.240
0.322 0.240
0.283 0.240
0.279 0.240
0.266 0.240
0.307 0.240
0.296 0.240
0.303 0.240
0.289 0.240
0.290 0.240
0.290 0.240
0.266 0.240
0.266 0.240
0.295 0.240
0.295 0.240
0.272 0.240
0.224 0.240
0.224 0.240
0.217 0.240
0.236 0.240
0.225 0.240
* 0.283 0.240
0.230 0.240
0.230 0.240
* 0.253 0.240
0.253 0.240
0.274 0.240
0.266 0.240
0.262 0.240
0.214 0.240
0.214 0.240
* 0.241 0.240
0.243 0.240
0.242 0.240
0.267 0.240
0.251 0.240
0.256 0.240
0.256 0.240
0.242 0.240
0.255 0.240
0.258 0.240
0.230 0.240
0.244 0.240
0.244 0.240
0.237 0.240
0.228 0.240
* 0.241 0.240
0.261 0.240
0.268 0.240
0.264 0.240
0.195 0.240
0.195 0.240
* 0.251 0.240
0.242 0.240
0.227 0.240
0.277 0.240
0.223 0.240
0.254 0.240
0.254 0.240
0.223 0.240
0.215 0.240
* 0.261 0.240
0.263 0.240
0.257 0.240
0.272 0.240
0.280 0.240
0.280 0.240
0.263 0.240
0.275 0.240
0.251 0.240
0.209 0.240
0.224 0.240
0.204 0.240
0.212 0.240
0.186 0.240
0.186 0.240
0.217 0.240
0.190 0.240
0.212 0.240
* 0.282 0.240
0.212 0.240
0.305 0.240
0.305 0.240
0.281 0.240
0.240 0.240
0.278 0.240
0.274 0.240
0.267 0.240
0.227 0.240
0.227 0.240
* 0.252 0.240
0.211 0.240
0.266 0.240
0.235 0.240
0.209 0.240
* 0.247 0.240
0.251 0.240
0.251 0.240
0.261 0.240
0.242 0.240
0.213 0.240
0.231 0.240
* 0.267 0.240
0.213 0.240
0.241 0.240
0.241 0.240
0.216 0.240
0.282 0.240
0.288 0.240
0.228 0.240
0.241 0.240
0.271 0.240
0.260 0.240
0.289 0.240
0.268 0.240
0.250 0.240
0.250 0.240
0.258 0.240
0.307 0.240
0.319 0.240
0.279 0.240
0.270 0.240
0.297 0.240
0.293 0.240
0.247 0.240
0.277 0.240
0.274 0.240
0.274 0.240
0.265 0.240
0.265 0.240
0.276 0.240
0.283 0.240
0.279 0.240
0.270 0.240
0.249 0.240
0.249 0.240
0.276 0.240
0.276 0.240
0.241 0.240
0.260 0.240
0.250 0.240
0.289 0.240
0.247 0.240
0.271 0.240
0.280 0.240
0.249 0.240
0.274 0.240
0.279 0.240
0.265 0.240
0.248 0.240
0.248 0.240
0.258 0.240
0.268 0.240
0.270 0.240
0.244 0.240
0.298 0.240
0.250 0.240
0.276 0.240
0.268 0.240
0.260 0.240
0.256 0.240
0.252 0.240
0.252 0.240
0.267 0.240
0.278 0.240
0.278 0.240
0.267 0.240
0.267 0.240
0.256 0.240
0.256 0.240
0.242 0.240
0.299 0.240
0.258 0.240
0.249 0.240
0.241 0.240
0.250 0.240
0.260 0.240
0.260 0.240
0.241 0.240
0.241 0.240
0.222 0.240
0.234 0.240
* 0.259 0.240
0.276 0.240
0.276 0.240
0.260 0.240
0.247 0.240
0.269 0.240
0.251 0.240
0.232 0.240
0.228 0.240
0.201 0.240
0.232 0.240
0.232 0.240
* 0.269 0.240
0.265 0.240
0.268 0.240
0.271 0.240
0.273 0.240
0.254 0.240
0.254 0.240
0.269 0.240
0.252 0.240
0.247 0.240
0.258 0.240
0.265 0.240
0.275 0.240
0.247 0.240
0.230 0.240
0.252 0.240
0.252 0.240
0.258 0.240
0.254 0.240
0.217 0.240
0.262 0.240
0.234 0.240
0.234 0.240
0.213 0.240
* 0.244 0.240
0.228 0.240
0.220 0.240
0.228 0.240
0.227 0.240
0.227 0.240
0.220 0.240
0.232 0.240
0.237 0.240
* 0.250 0.240
0.253 0.240
0.269 0.240
0.251 0.240
0.288 0.240
0.288 0.240
0.277 0.240
0.231 0.240
0.225 0.240
* 0.251 0.240
0.260 0.240
0.288 0.240
0.247 0.240
0.247 0.240
0.245 0.240
0.269 0.240
0.247 0.240
0.273 0.240
0.256 0.240
0.256 0.240
0.292 0.240
0.280 0.240
0.280 0.240
0.280 0.240
0.278 0.240
0.305 0.240
0.228 0.240
0.240 0.240
0.237 0.240
* 0.269 0.240
0.269 0.240
0.274 0.240
0.262 0.240
0.288 0.240
0.289 0.240
0.286 0.240
0.252 0.240
0.278 0.240
0.303 0.240
0.265 0.240
0.265 0.240
0.269 0.240
0.266 0.240
0.252 0.240
0.260 0.240
0.239 0.240
0.239 0.240
* 0.255 0.240
0.258 0.240
0.241 0.240
0.230 0.240
0.230 0.240
* 0.243 0.240
0.245 0.240
0.245 0.240
0.261 0.240
0.244 0.240
0.211 0.240
0.223 0.240
* 0.267 0.240
0.291 0.240
0.326 0.240
0.326 0.240
0.333 0.240
0.300 0.240
0.257 0.240
0.278 0.240
0.237 0.240
0.247 0.240
0.238 0.240
0.247 0.240
0.224 0.240
0.290 0.240
0.261 0.240
0.249 0.240
0.249 0.240
0.249 0.240
0.243 0.240
0.242 0.240
0.240 0.240
0.262 0.240
0.221 0.240
0.239 0.240
0.218 0.240
0.237 0.240
0.237 0.240
* 0.241 0.240
0.253 0.240
0.234 0.240
0.236 0.240
0.226 0.240
0.236 0.240
0.236 0.240
* 0.250 0.240
0.249 0.240
0.225 0.240
0.207 0.240
0.232 0.240
0.218 0.240
0.224 0.240
0.224 0.240
0.208 0.240
0.213 0.240
0.174 0.240
0.204 0.240
0.210 0.240
0.228 0.240
0.228 0.240
0.239 0.240
* 0.261 0.240
0.244 0.240
0.183 0.240
0.229 0.240
0.230 0.240
0.230 0.240
0.209 0.240
0.226 0.240
0.221 0.240
0.235 0.240
0.232 0.240
0.221 0.240
* 0.248 0.240
0.233 0.240
0.233 0.240
0.226 0.240
0.237 0.240
0.230 0.240
* 0.249 0.240
0.252 0.240
0.221 0.240
0.221 0.240
* 0.241 0.240
0.196 0.240
0.235 0.240
0.236 0.240
* 0.244 0.240
0.230 0.240
0.230 0.240
0.201 0.240
0.211 0.240
0.208 0.240
0.218 0.240
0.222 0.240
* 0.251 0.240
0.221 0.240
0.245 0.240
0.245 0.240
0.232 0.240
0.210 0.240
0.215 0.240
0.191 0.240
0.212 0.240
0.232 0.240
0.232 0.240
0.201 0.240
0.229 0.240
* 0.247 0.240
0.243 0.240
0.244 0.240
0.213 0.240
0.213 0.240
0.162 0.240
0.173 0.240
0.212 0.240
0.214 0.240
0.230 0.240
0.223 0.240
0.223 0.240
0.222 0.240
0.239 0.240
0.198 0.240
* 0.251 0.240
0.224 0.240
0.212 0.240
0.212 0.240
0.235 0.240
* 0.242 0.240
0.257 0.240
0.283 0.240
0.301 0.240
0.297 0.240
0.297 0.240
0.235 0.240
0.293 0.240
0.286 0.240
0.299 0.240
0.294 0.240
0.309 0.240
0.309 0.240
0.332 0.240
0.293 0.240
0.293 0.240
0.326 0.240
0.295 0.240
0.326 0.240
0.304 0.240
0.304 0.240
0.300 0.240
0.283 0.240
0.289 0.240
0.278 0.240
0.300 0.240
0.315 0.240
0.305 0.240
0.318 0.240
0.329 0.240
0.317 0.240
0.315 0.240
0.320 0.240
0.313 0.240
0.314 0.240
0.315 0.240
0.290 0.240
0.276 0.240
0.322 0.240
0.313 0.240
0.333 0.240
0.350 0.240
0.317 0.240
0.318 0.240
0.292 0.240
0.312 0.240
0.307 0.240
0.306 0.240
0.304 0.240
0.285 0.240
0.283 0.240
0.313 0.240
0.315 0.240
0.294 0.240
0.294 0.240
0.333 0.240
0.333 0.240
0.330 0.240
0.323 0.240
0.329 0.240
0.352 0.240
0.330 0.240
0.314 0.240
0.281 0.240
0.297 0.240
0.297 0.240
0.300 0.240
0.301 0.240
0.303 0.240
0.337 0.240
0.329 0.240
0.327 0.240
0.331 0.240
0.312 0.240
0.309 0.240
0.315 0.240
0.298 0.240
0.303 0.240
0.296 0.240
0.289 0.240
0.289 0.240
0.318 0.240
0.316 0.240
0.334 0.240
0.302 0.240
0.297 0.240
0.305 0.240
0.305 0.240
0.283 0.240
0.285 0.240
0.296 0.240
0.305 0.240
0.298 0.240
0.272 0.240
0.287 0.240
0.294 0.240
0.294 0.240
0.323 0.240
0.333 0.240
0.321 0.240
0.328 0.240
0.308 0.240
0.335 0.240
0.302 0.240
0.302 0.240
0.301 0.240
0.294 0.240
0.297 0.240
0.301 0.240
0.315 0.240
0.297 0.240
0.301 0.240
0.301 0.240
0.305 0.240
0.302 0.240
0.334 0.240
0.322 0.240
0.294 0.240
0.338 0.240
0.335 0.240
0.335 0.240
0.340 0.240
0.342 0.240
0.306 0.240
0.323 0.240
0.318 0.240
0.310 0.240
0.327 0.240
0.327 0.240
0.288 0.240
0.306 0.240
0.315 0.240
0.300 0.240
0.303 0.240
0.307 0.240
0.307 0.240
0.295 0.240
0.299 0.240
0.329 0.240
0.306 0.240
0.307 0.240
0.317 0.240
0.321 0.240
0.318 0.240
0.305 0.240
0.305 0.240
0.306 0.240
0.291 0.240
0.297 0.240
0.319 0.240
0.309 0.240
0.217 0.240
0.299 0.240
0.299 0.240
0.306 0.240
0.312 0.240
0.277 0.240
0.283 0.240
0.284 0.240
0.295 0.240
0.291 0.240
0.291 0.240
0.307 0.240
0.292 0.240
0.310 0.240
0.291 0.240
0.289 0.240
0.293 0.240
0.293 0.240
0.293 0.240
0.292 0.240
0.297 0.240
0.313 0.240
0.300 0.240
0.298 0.240
0.298 0.240
0.312 0.240
0.281 0.240
0.287 0.240
0.299 0.240
0.282 0.240
0.299 0.240
0.299 0.240
0.288 0.240
0.319 0.240
0.335 0.240
0.311 0.240
0.313 0.240
0.308 0.240
0.323 0.240
0.323 0.240
0.317 0.240
0.274 0.240
0.289 0.240
0.265 0.240
0.270 0.240
0.302 0.240
0.272 0.240
0.272 0.240
0.249 0.240
0.271 0.240
0.291 0.240
0.307 0.240
0.273 0.240
0.273 0.240
0.252 0.240
0.252 0.240
0.258 0.240
0.264 0.240
0.284 0.240
0.268 0.240
0.269 0.240
0.272 0.240
0.272 0.240
0.295 0.240
0.293 0.240
0.285 0.240
0.271 0.240
0.278 0.240
0.255 0.240
0.279 0.240
0.279 0.240
0.256 0.240
0.254 0.240
0.274 0.240
0.299 0.240
0.251 0.240
0.264 0.240
0.264 0.240
0.290 0.240
0.265 0.240
0.279 0.240
0.263 0.240
0.294 0.240
0.258 0.240
0.267 0.240
0.236 0.240
0.258 0.240
0.263 0.240
0.264 0.240
0.250 0.240
0.199 0.240
0.195 0.240
0.233 0.240
0.233 0.240
* 0.279 0.240
0.272 0.240
0.265 0.240
0.265 0.240
0.255 0.240
0.198 0.240
0.190 0.240
0.199 0.240
0.194 0.240
0.210 0.240
0.215 0.240
0.231 0.240
* 0.240 0.240
0.205 0.240
0.261 0.240
0.278 0.240
0.294 0.240
0.282 0.240
0.312 0.240
0.282 0.240
0.269 0.240
0.296 0.240
0.278 0.240
0.298 0.240
0.291 0.240
0.291 0.240
0.282 0.240
0.301 0.240
0.323 0.240
0.301 0.240
0.281 0.240
0.281 0.240
0.267 0.240
0.250 0.240
0.254 0.240
0.282 0.240
0.298 0.240
0.296 0.240
0.247 0.240
0.288 0.240
0.258 0.240
0.279 0.240
0.263 0.240
0.276 0.240
0.243 0.240
0.243 0.240
0.233 0.240
0.202 0.240
0.237 0.240
0.238 0.240
* 0.325 0.240
0.262 0.240
0.278 0.240
0.274 0.240
0.270 0.240
0.291 0.240
0.278 0.240
0.315 0.240
0.315 0.240
0.324 0.240
0.318 0.240
0.302 0.240
0.295 0.240
0.296 0.240
0.324 0.240
0.324 0.240
0.318 0.240
0.305 0.240
0.286 0.240
0.270 0.240
0.261 0.240
0.223 0.240
0.234 0.240
0.234 0.240
0.201 0.240
0.215 0.240
0.231 0.240
0.231 0.240
0.211 0.240
* 0.245 0.240
0.253 0.240
0.262 0.240
0.251 0.240
0.270 0.240
0.230 0.240
0.230 0.240
* 0.262 0.240
0.285 0.240
0.255 0.240
0.262 0.240
0.279 0.240
0.265 0.240
0.282 0.240
0.282 0.240
0.289 0.240
0.315 0.240
0.286 0.240
0.284 0.240
0.289 0.240
0.288 0.240
0.288 0.240
0.291 0.240
0.290 0.240
0.287 0.240
0.279 0.240
0.248 0.240
0.271 0.240
0.270 0.240
0.296 0.240
0.267 0.240
0.298 0.240
0.313 0.240
0.294 0.240
0.291 0.240
0.300 0.240
0.288 0.240
0.276 0.240
0.276 0.240
0.269 0.240
0.289 0.240
0.280 0.240
0.280 0.240
0.279 0.240
0.279 0.240
0.242 0.240
0.271 0.240
0.294 0.240
0.272 0.240
0.268 0.240
0.284 0.240
0.266 0.240
0.256 0.240
0.219 0.240
0.229 0.240
0.228 0.240
0.214 0.240
0.192 0.240
0.216 0.240
0.200 0.240
0.219 0.240
0.219 0.240
0.221 0.240
0.202 0.240
0.194 0.240
0.186 0.240
0.212 0.240
0.185 0.240
0.185 0.240
0.189 0.240
0.189 0.240
0.238 0.240
0.158 0.240
0.167 0.240
0.186 0.240
0.186 0.240
0.195 0.240
0.189 0.240
0.177 0.240
0.179 0.240
0.179 0.240
0.197 0.240
0.191 0.240
0.215 0.240
0.198 0.240
0.224 0.240
0.212 0.240
0.195 0.240
0.195 0.240
0.207 0.240
0.207 0.240
0.222 0.240
0.192 0.240
* 0.248 0.240
0.178 0.240
0.178 0.240
0.187 0.240
0.237 0.240
0.216 0.240
0.206 0.240
0.200 0.240
0.183 0.240
0.192 0.240
0.186 0.240
0.190 0.240
0.233 0.240
0.207 0.240
* 0.243 0.240
0.164 0.240
0.204 0.240
0.211 0.240
0.211 0.240
* 0.258 0.240
0.224 0.240
0.198 0.240
0.192 0.240
0.210 0.240
0.192 0.240
0.192 0.240
0.210 0.240
0.231 0.240
0.238 0.240
0.222 0.240
0.234 0.240
0.234 0.240
* 0.259 0.240
0.244 0.240
0.216 0.240
0.216 0.240
0.239 0.240
* 0.262 0.240
0.246 0.240
0.254 0.240
0.274 0.240
0.235 0.240
0.232 0.240
0.232 0.240
* 0.247 0.240
0.226 0.240
0.243 0.240
0.249 0.240
0.224 0.240
0.224 0.240
0.238 0.240
0.232 0.240
0.234 0.240
0.231 0.240
0.224 0.240
0.224 0.240
0.225 0.240
* 0.264 0.240
0.297 0.240
0.275 0.240
0.262 0.240
0.273 0.240
0.284 0.240
0.284 0.240
0.277 0.240
0.186 0.240
0.261 0.240
0.279 0.240
0.275 0.240
0.264 0.240
0.260 0.240
0.260 0.240
0.249 0.240
0.279 0.240
0.250 0.240
0.178 0.240
0.265 0.240
0.266 0.240
0.281 0.240
0.285 0.240
0.292 0.240
0.282 0.240
0.322 0.240
0.274 0.240
0.273 0.240
0.267 0.240
0.287 0.240
0.272 0.240
0.252 0.240
0.252 0.240
0.228 0.240
0.145 0.240
* 0.282 0.240
0.273 0.240
0.273 0.240
0.280 0.240
0.300 0.240
0.215 0.240
0.180 0.240
0.239 0.240
* 0.266 0.240
0.273 0.240
0.277 0.240
0.287 0.240
0.287 0.240
0.281 0.240
0.272 0.240
0.266 0.240
0.275 0.240
0.275 0.240
0.255 0.240
0.243 0.240
0.272 0.240
0.275 0.240
0.267 0.240
0.221 0.240
0.284 0.240
0.297 0.240
0.278 0.240
0.287 0.240
0.294 0.240
0.277 0.240
0.279 0.240
0.290 0.240
0.271 0.240
0.258 0.240
0.266 0.240
0.255 0.240
0.255 0.240
0.240 0.240
0.262 0.240
0.253 0.240
0.260 0.240
0.256 0.240
0.262 0.240
0.272 0.240
0.260 0.240
0.262 0.240
0.263 0.240
0.267 0.240
0.241 0.240
0.188 0.240
0.164 0.240
0.184 0.240
0.196 0.240
* 0.249 0.240
0.235 0.240
0.222 0.240
0.224 0.240
0.206 0.240
0.240 0.240
* 0.268 0.240
0.250 0.240
0.248 0.240
0.265 0.240
0.269 0.240
0.281 0.240
0.234 0.240
0.211 0.240
0.208 0.240
0.186 0.240
0.195 0.240
0.207 0.240
0.212 0.240
0.208 0.240
0.220 0.240
* 0.247 0.240
0.231 0.240
0.243 0.240
0.261 0.240
0.296 0.240
0.288 0.240
0.302 0.240
0.236 0.240
0.197 0.240
0.204 0.240
0.204 0.240
0.214 0.240
0.209 0.240
0.238 0.240
* 0.282 0.240
0.282 0.240
0.290 0.240
0.268 0.240
0.271 0.240
0.304 0.240
0.286 0.240
0.279 0.240
0.279 0.240
0.303 0.240
0.275 0.240
0.287 0.240
0.271 0.240
0.274 0.240
0.274 0.240
0.305 0.240
0.288 0.240
0.194 0.240
0.260 0.240
0.258 0.240
0.258 0.240
0.292 0.240
0.312 0.240
0.309 0.240
0.309 0.240
0.302 0.240
0.319 0.240
0.316 0.240
0.317 0.240
0.304 0.240
0.304 0.240
0.342 0.240
0.334 0.240
0.333 0.240
0.312 0.240
0.312 0.240
0.313 0.240
0.284 0.240
0.286 0.240
0.304 0.240
0.304 0.240
0.304 0.240
0.295 0.240
0.290 0.240
0.293 0.240
0.279 0.240
0.279 0.240
0.268 0.240
0.268 0.240
0.277 0.240
0.284 0.240
0.284 0.240
0.287 0.240
0.258 0.240
0.269 0.240
0.276 0.240
0.261 0.240
0.261 0.240
0.263 0.240
0.281 0.240
0.286 0.240
0.288 0.240
0.279 0.240
0.279 0.240
0.289 0.240
0.270 0.240
0.273 0.240
0.263 0.240
0.289 0.240
0.270 0.240
0.256 0.240
0.256 0.240
0.280 0.240
0.298 0.240
0.277 0.240
0.284 0.240
0.279 0.240
0.293 0.240
0.293 0.240
0.271 0.240
0.277 0.240
0.276 0.240
0.298 0.240
0.299 0.240
0.299 0.240
0.278 0.240
0.302 0.240
0.273 0.240
0.279 0.240
0.284 0.240
0.254 0.240
0.254 0.240
0.272 0.240
0.287 0.240
0.259 0.240
0.261 0.240
0.276 0.240
0.276 0.240
0.276 0.240
0.286 0.240
0.284 0.240
0.266 0.240
0.275 0.240
0.259 0.240
0.256 0.240
0.256 0.240
0.277 0.240
0.260 0.240
0.261 0.240
0.276 0.240
0.276 0.240
0.265 0.240
0.290 0.240
0.273 0.240
0.277 0.240
0.254 0.240
0.254 0.240
0.259 0.240
0.254 0.240
0.261 0.240
0.261 0.240
0.247 0.240
0.277 0.240
0.278 0.240
0.303 0.240
0.294 0.240
0.289 0.240
0.307 0.240
0.307 0.240
0.295 0.240
0.295 0.240
0.292 0.240
0.292 0.240
0.267 0.240
0.274 0.240
0.242 0.240
0.242 0.240
0.273 0.240
0.262 0.240
0.265 0.240
0.269 0.240
0.281 0.240
0.272 0.240
0.262 0.240
0.250 0.240
0.246 0.240
0.246 0.240
0.283 0.240
0.248 0.240
0.257 0.240
0.247 0.240
0.242 0.240
0.268 0.240
0.243 0.240
0.239 0.240
0.236 0.240
* 0.254 0.240
0.231 0.240
0.231 0.240
* 0.263 0.240
0.264 0.240
0.267 0.240
0.281 0.240
0.275 0.240
0.286 0.240
0.246 0.240
0.222 0.240
0.229 0.240
* 0.243 0.240
0.218 0.240
0.226 0.240
0.226 0.240
0.231 0.240
0.231 0.240
0.216 0.240
0.229 0.240
0.229 0.240
0.234 0.240
0.234 0.240
* 0.245 0.240
0.238 0.240
0.196 0.240
* 0.269 0.240
0.269 0.240
0.282 0.240
0.272 0.240
0.311 0.240
0.285 0.240
0.261 0.240
0.284 0.240
0.262 0.240
0.259 0.240
0.291 0.240
0.269 0.240
0.269 0.253
0.262 0.253
0.268 0.253
0.268 0.253
0.268 0.253
0.268 0.253
0.281 0.253
0.262 0.253
0.285 0.253
0.276 0.253
0.286 0.253
0.286 0.253
0.266 0.253
0.263 0.253
0.261 0.253
0.259 0.253
0.259 0.253
0.270 0.253
0.254 0.253
0.281 0.253
0.282 0.253
0.281 0.253
0.281 0.253
0.261 0.253
0.266 0.253
0.259 0.253
0.239 0.253
0.226 0.253
0.226 0.253
0.246 0.253
0.235 0.253
0.239 0.253
* 0.257 0.253
0.252 0.253
0.252 0.253
0.246 0.253
0.252 0.253
0.250 0.253
0.248 0.253
0.229 0.253
0.249 0.253
0.249 0.253
0.244 0.253
* 0.264 0.253
0.264 0.253
0.254 0.253
0.233 0.253
0.230 0.253
* 0.270 0.253
0.270 0.253
0.256 0.253
0.254 0.253
0.256 0.253
0.261 0.253
0.261 0.253
0.261 0.253
0.274 0.253
0.246 0.253
0.265 0.252
0.265 0.252
0.229 0.252
0.252 0.252
* 0.257 0.252
0.255 0.252
0.255 0.252
0.273 0.252
0.261 0.252
0.311 0.252
0.285 0.252
0.285 0.252
0.308 0.252
0.313 0.252
0.325 0.252
0.288 0.252
0.305 0.252
0.305 0.252
0.254 0.252
0.298 0.252
0.286 0.252
0.293 0.252
0.293 0.252
0.288 0.252
0.250 0.252
0.262 0.252
0.288 0.252
0.308 0.252
0.308 0.253
0.286 0.253
0.286 0.253
0.252 0.253
0.255 0.253
0.283 0.253
0.283 0.253
0.269 0.253
0.280 0.253
0.281 0.253
0.290 0.253
0.290 0.253
0.284 0.253
0.284 0.253
0.263 0.253
0.260 0.253
0.268 0.253
0.268 0.253
0.274 0.253
0.238 0.253
0.188 0.253
0.239 0.253
* 0.279 0.253
0.288 0.253
0.288 0.253
0.284 0.253
0.308 0.253
0.304 0.253
0.304 0.253
0.304 0.253
0.300 0.253
0.323 0.253
0.317 0.253
0.312 0.253
0.323 0.253
0.323 0.253
0.316 0.253
0.321 0.253
0.296 0.253
0.297 0.253
0.297 0.253
0.312 0.254
0.305 0.254
0.304 0.254
0.304 0.254
0.304 0.254
0.273 0.254
0.307 0.254
0.299 0.254
0.287 0.254
0.287 0.254
0.266 0.254
0.304 0.254
0.305 0.254
0.288 0.254
0.288 0.254
0.308 0.254
0.278 0.254
0.277 0.254
0.286 0.254
0.203 0.254
0.203 0.254
* 0.284 0.254
0.299 0.254
0.303 0.254
0.306 0.254
0.305 0.254
0.305 0.254
0.299 0.254
0.281 0.254
0.295 0.254
0.274 0.254
0.274 0.254
0.277 0.254
0.270 0.254
0.308 0.254
0.308 0.255
0.299 0.255
0.286 0.255
0.294 0.255
0.284 0.255
0.289 0.255
0.289 0.255
0.282 0.255
0.256 0.255
0.198 0.255
0.261 0.255
0.300 0.255
0.270 0.255
0.293 0.255
0.293 0.255
0.273 0.255
0.317 0.255
0.314 0.255
0.298 0.255
0.317 0.255
0.317 0.255
0.308 0.255
0.293 0.255
0.272 0.255
0.281 0.255
0.263 0.255
0.291 0.255
0.282 0.255
0.302 0.255
0.297 0.255
0.297 0.255
0.276 0.255
0.292 0.255
0.285 0.255
0.273 0.255
0.247 0.255
0.247 0.255
0.250 0.255
* 0.283 0.255
0.273 0.255
0.273 0.255
0.300 0.255
0.330 0.255
0.318 0.255
0.310 0.255
0.338 0.255
0.293 0.255
0.293 0.255
0.299 0.255
0.262 0.255
0.281 0.255
0.266 0.255
0.286 0.255
0.240 0.255
0.228 0.255
0.242 0.255
* 0.260 0.255
0.270 0.255
0.263 0.255
0.263 0.255
0.232 0.255
0.303 0.255
0.303 0.255
0.291 0.255
0.286 0.255
0.288 0.255
0.288 0.255
0.303 0.255
0.325 0.255
0.295 0.255
0.295 0.255
0.273 0.255
0.284 0.255
0.270 0.255
0.270 0.255
0.289 0.255
0.309 0.255
0.309 0.255
0.311 0.255
0.296 0.255
0.296 0.255
0.302 0.255
0.288 0.255
0.318 0.255
0.301 0.255
0.308 0.255
0.308 0.255
0.296 0.255
0.314 0.255
0.322 0.255
0.303 0.255
0.294 0.255
0.308 0.255
0.248 0.255
0.297 0.255
0.313 0.255
0.302 0.255
0.315 0.255
0.281 0.255
0.275 0.255
0.312 0.255
0.312 0.255
0.313 0.255
0.319 0.255
0.290 0.255
0.289 0.255
0.260 0.255
0.293 0.255
0.315 0.255
0.312 0.255
0.284 0.255
0.241 0.255
0.226 0.255
0.250 0.255
0.246 0.255
0.254 0.255
0.255 0.255
* 0.263 0.255
0.263 0.255
0.331 0.255
0.338 0.255
0.329 0.255
0.333 0.255
0.334 0.255
0.334 0.255
0.314 0.255
0.299 0.255
0.278 0.255
0.278 0.255
0.297 0.255
0.318 0.255
0.327 0.255
0.310 0.255
0.291 0.255
0.291 0.255
0.291 0.255
0.287 0.255
0.302 0.255
0.288 0.255
0.314 0.255
0.313 0.255
0.323 0.255
0.295 0.255
0.295 0.255
0.280 0.255
0.292 0.255
0.310 0.255
0.283 0.255
0.306 0.255
0.305 0.255
0.277 0.255
0.283 0.255
0.284 0.255
0.284 0.255
0.268 0.255
0.282 0.255
0.277 0.255
0.278 0.255
0.278 0.255
0.301 0.255
0.292 0.255
0.277 0.255
0.261 0.255
0.261 0.255
0.287 0.255
0.253 0.255
0.260 0.255
0.268 0.255
0.259 0.255
0.259 0.255
0.241 0.255
0.288 0.255
0.287 0.255
0.328 0.255
0.322 0.255
0.326 0.255
0.326 0.255
0.327 0.255
0.327 0.255
0.322 0.255
0.336 0.255
0.304 0.255
0.317 0.255
0.317 0.255
0.292 0.255
0.302 0.255
0.290 0.255
0.305 0.255
0.299 0.255
0.282 0.255
0.282 0.255
0.291 0.255
0.281 0.255
0.279 0.255
0.268 0.255
0.284 0.255
0.284 0.255
0.298 0.255
0.275 0.255
0.268 0.255
0.266 0.255
0.295 0.255
0.289 0.255
0.296 0.255
0.299 0.255
0.304 0.255
0.291 0.255
0.290 0.255
0.312 0.255
0.291 0.255
0.317 0.255
0.291 0.255
0.273 0.255
0.286 0.255
0.286 0.255
0.260 0.255
0.283 0.255
0.264 0.255
0.257 0.255
0.269 0.255
0.249 0.255
0.249 0.255
* 0.258 0.255
0.266 0.255
0.267 0.255
0.281 0.255
0.275 0.255
0.283 0.255
0.274 0.255
0.294 0.255
0.272 0.255
0.284 0.255
0.287 0.255
0.271 0.255
0.265 0.255
0.271 0.255
0.265 0.255
0.265 0.255
0.272 0.255
0.272 0.255
0.266 0.255
0.277 0.255
0.277 0.255
0.253 0.255
0.271 0.255
0.271 0.255
0.253 0.255
0.266 0.255
0.279 0.255
0.290 0.255
0.274 0.255
0.265 0.255
0.293 0.255
0.272 0.255
0.278 0.255
0.287 0.255
0.283 0.255
0.275 0.255
0.267 0.255
0.274 0.255
0.276 0.255
0.260 0.255
0.282 0.255
0.275 0.255
0.271 0.255
0.275 0.255
0.268 0.255
0.262 0.255
0.273 0.255
0.279 0.255
0.279 0.255
0.268 0.255
0.269 0.255
0.284 0.255
0.285 0.255
0.263 0.255
0.272 0.255
0.280 0.255
0.280 0.255
0.276 0.255
0.283 0.255
0.262 0.255
0.287 0.255
0.260 0.255
0.277 0.255
0.242 0.255
0.201 0.255
* 0.303 0.255
0.341 0.255
0.341 0.255
0.348 0.254
0.315 0.254
0.305 0.255
0.295 0.254
0.311 0.254
0.242 0.254
0.245 0.254
0.245 0.254
* 0.294 0.255
0.294 0.255
0.299 0.255
0.299 0.255
0.278 0.255
0.285 0.255
0.324 0.255
0.298 0.255
0.303 0.255
0.291 0.255
0.317 0.255
0.292 0.255
0.297 0.255
0.323 0.255
0.344 0.255
0.324 0.255
0.302 0.255
0.306 0.255
0.295 0.255
0.295 0.255
0.321 0.255
0.361 0.255
0.325 0.255
0.325 0.255
0.293 0.255
0.314 0.255
0.304 0.255
0.304 0.255
0.297 0.255
0.303 0.255
0.313 0.255
0.297 0.255
0.306 0.255
0.294 0.255
0.292 0.255
0.282 0.255
0.282 0.255
0.283 0.255
0.295 0.255
0.305 0.255
0.307 0.255
0.326 0.255
0.282 0.255
0.264 0.255
0.272 0.255
0.289 0.255
0.308 0.255
0.293 0.255
0.279 0.255
0.279 0.255
0.251 0.255
0.303 0.255
0.251 0.255
0.285 0.255
0.281 0.255
0.281 0.255
0.293 0.255
0.294 0.255
0.302 0.255
0.249 0.255
0.195 0.255
0.237 0.255
* 0.259 0.255
0.284 0.255
0.304 0.255
0.323 0.255
0.294 0.255
0.329 0.255
0.283 0.255
0.279 0.255
0.272 0.255
0.316 0.255
0.267 0.255
0.288 0.255
0.294 0.255
0.295 0.255
0.264 0.255
0.281 0.255
0.281 0.255
0.231 0.255
0.306 0.255
0.261 0.255
0.261 0.255
0.313 0.255
0.318 0.255
0.310 0.255
0.301 0.255
0.325 0.255
0.317 0.255
0.299 0.255
0.298 0.256
0.315 0.256
0.339 0.256
0.325 0.256
0.350 0.256
0.299 0.256
0.293 0.256
0.301 0.256
0.325 0.256
0.333 0.256
0.330 0.256
0.326 0.256
0.349 0.256
0.309 0.256
0.309 0.256
0.320 0.256
0.323 0.256
0.339 0.256
0.337 0.256
0.345 0.256
0.306 0.256
0.314 0.256
0.287 0.256
0.301 0.256
0.306 0.256
0.270 0.256
0.299 0.256
0.299 0.256
0.293 0.256
0.272 0.256
0.293 0.256
0.292 0.256
0.313 0.257
0.326 0.257
0.311 0.257
0.315 0.257
0.315 0.257
0.326 0.257
0.281 0.257
0.286 0.257
0.315 0.257
0.311 0.257
0.338 0.257
0.361 0.257
0.349 0.257
0.349 0.257
0.335 0.257
0.335 0.257
0.321 0.257
0.303 0.257
0.305 0.257
0.299 0.257
0.327 0.257
0.308 0.257
0.305 0.257
0.311 0.257
0.324 0.257
0.335 0.257
0.321 0.257
0.260 0.257
0.337 0.257
0.331 0.257
0.341 0.257
0.322 0.257
0.316 0.258
0.306 0.258
0.296 0.258
0.301 0.258
0.319 0.258
0.313 0.258
0.290 0.258
0.320 0.258
0.343 0.258
0.343 0.258
0.351 0.258
0.351 0.258
0.350 0.258
0.350 0.258
0.351 0.258
0.324 0.258
0.324 0.258
0.371 0.258
0.303 0.258
0.324 0.258
0.331 0.258
0.338 0.258
0.328 0.258
0.341 0.258
0.334 0.258
0.341 0.258
0.348 0.258
0.355 0.258
0.332 0.258
0.342 0.258
0.342 0.258
0.333 0.258
0.298 0.258
0.321 0.258
0.315 0.258
0.331 0.258
0.337 0.258
0.342 0.258
0.332 0.258
0.325 0.258
0.325 0.258
0.342 0.258
0.316 0.258
0.317 0.258
0.326 0.258
0.322 0.258
0.308 0.258
0.320 0.258
0.320 0.258
0.320 0.258
0.333 0.258
0.338 0.258
0.300 0.258
0.333 0.258
0.301 0.258
0.309 0.258
0.303 0.258
0.311 0.258
0.323 0.258
0.323 0.258
0.294 0.258
0.318 0.258
0.317 0.258
0.328 0.258
0.344 0.259
0.328 0.259
0.334 0.259
0.325 0.259
0.328 0.259
0.347 0.259
0.325 0.259
0.325 0.259
0.326 0.259
0.315 0.259
0.315 0.259
0.279 0.259
0.296 0.259
0.310 0.259
0.271 0.259
0.290 0.259
0.290 0.259
0.281 0.259
0.283 0.259
0.283 0.259
0.318 0.259
0.295 0.259
0.316 0.259
0.300 0.259
0.287 0.259
0.298 0.259
0.298 0.259
0.309 0.259
0.298 0.259
0.300 0.259
0.286 0.260
0.287 0.260
0.282 0.260
0.304 0.260
0.304 0.260
0.292 0.260
0.325 0.260
0.319 0.260
0.301 0.260
0.286 0.260
0.301 0.260
0.280 0.260
0.279 0.260
0.273 0.260
0.280 0.260
0.280 0.260
0.299 0.260
0.265 0.260
0.270 0.260
0.293 0.260
0.295 0.260
0.273 0.260
0.273 0.260
0.278 0.260
0.270 0.260
0.300 0.260
0.292 0.260
0.310 0.261
0.293 0.261
0.316 0.261
0.300 0.261
0.303 0.261
0.309 0.261
0.312 0.261
0.327 0.261
0.327 0.261
0.315 0.261
0.305 0.261
0.309 0.261
0.303 0.261
0.258 0.261
0.263 0.261
0.268 0.261
0.268 0.261
0.284 0.261
0.243 0.261
0.286 0.261
0.309 0.261
0.313 0.261
0.321 0.261
0.313 0.261
0.327 0.261
0.314 0.261
0.309 0.261
0.293 0.261
0.302 0.261
0.297 0.261
0.265 0.261
0.288 0.261
0.288 0.261
0.275 0.261
0.290 0.261
0.266 0.261
0.295 0.261
0.309 0.261
0.302 0.261
0.305 0.261
0.291 0.261
0.297 0.261
0.259 0.261
0.287 0.261
0.289 0.261
0.289 0.261
0.240 0.261
0.247 0.261
* 0.264 0.261
0.255 0.261
0.255 0.261
* 0.303 0.261
0.320 0.262
0.325 0.262
0.299 0.262
0.342 0.262
0.330 0.262
0.330 0.262
0.249 0.262
0.245 0.262
* 0.286 0.262
0.284 0.262
0.302 0.262
0.316 0.262
0.334 0.262
0.318 0.262
0.332 0.262
0.306 0.262
0.333 0.262
0.303 0.262
0.305 0.262
0.323 0.262
0.307 0.262
0.307 0.262
0.303 0.262
0.321 0.262
0.306 0.262
0.298 0.262
0.277 0.262
0.315 0.262
0.323 0.262
0.323 0.263
0.317 0.263
0.312 0.263
0.347 0.263
0.316 0.263
0.312 0.263
0.310 0.263
0.310 0.263
0.333 0.263
0.337 0.263
0.309 0.263
0.311 0.263
0.318 0.263
0.310 0.263
0.299 0.263
0.320 0.263
0.312 0.263
0.312 0.263
0.297 0.263
0.324 0.263
0.318 0.263
0.299 0.263
0.307 0.264
0.316 0.264
0.277 0.264
0.250 0.264
0.219 0.264
0.228 0.264
0.213 0.264
0.259 0.264
* 0.293 0.264
0.296 0.264
0.305 0.264
0.278 0.264
0.278 0.264
0.288 0.264
0.280 0.264
0.301 0.264
0.285 0.264
0.263 0.264
0.279 0.264
0.248 0.264
0.259 0.264
* 0.279 0.264
0.279 0.264
0.246 0.264
0.265 0.264
0.241 0.264
0.259 0.264
0.257 0.264
0.237 0.264
0.240 0.264
0.255 0.264
0.261 0.264
0.261 0.264
0.231 0.264
0.249 0.264
0.258 0.264
0.222 0.264
* 0.273 0.264
0.274 0.264
0.275 0.264
0.267 0.264
0.266 0.264
0.270 0.264
0.248 0.264
0.268 0.264
0.262 0.264
0.274 0.264
0.263 0.264
0.278 0.264
0.277 0.264
0.259 0.264
0.286 0.264
0.272 0.264
0.267 0.264
0.272 0.264
0.273 0.264
0.269 0.264
0.303 0.264
0.271 0.264
0.272 0.264
0.261 0.264
0.261 0.264
* 0.278 0.264
0.267 0.264
0.263 0.264
0.263 0.264
* 0.273 0.264
0.269 0.264
0.275 0.264
0.273 0.264
0.284 0.264
0.264 0.264
0.280 0.264
0.280 0.264
0.279 0.264
0.195 0.264
0.237 0.264
0.256 0.264
0.256 0.264
* 0.284 0.264
0.242 0.264
0.246 0.264
0.251 0.264
0.243 0.264
0.250 0.264
0.253 0.264
0.243 0.264
0.232 0.264
0.232 0.264
0.232 0.264
0.247 0.264
0.230 0.264
0.240 0.264
0.251 0.264
0.240 0.264
0.240 0.264
0.240 0.264
* 0.269 0.264
0.252 0.264
0.251 0.264
0.240 0.264
0.236 0.264
0.254 0.264
0.260 0.264
* 0.271 0.264
0.272 0.264
0.257 0.264
0.259 0.264
0.243 0.264
0.233 0.264
0.210 0.264
0.204 0.264
0.240 0.264
0.242 0.264
0.205 0.264
0.209 0.264
0.191 0.264
0.185 0.264
0.189 0.264
0.186 0.264
0.184 0.264
0.184 0.264
0.201 0.264
0.214 0.264
0.245 0.264
0.200 0.264
0.218 0.264
0.212 0.264
0.212 0.264
0.226 0.264
0.235 0.264
0.223 0.264
0.255 0.264
* 0.267 0.264
0.284 0.264
0.284 0.264
0.276 0.264
0.278 0.264
0.264 0.264
0.260 0.264
* 0.279 0.264
0.280 0.265
0.280 0.265
0.242 0.265
0.247 0.265
0.261 0.265
0.261 0.265
* 0.266 0.265
0.263 0.265
0.291 0.265
0.305 0.265
0.288 0.265
0.288 0.265
0.320 0.265
0.312 0.265
0.305 0.265
0.308 0.265
0.279 0.265
0.301 0.265
0.269 0.265
0.234 0.265
0.261 0.265
0.205 0.265
0.228 0.265
0.248 0.265
0.195 0.265
* 0.274 0.265
0.250 0.265
0.288 0.265
0.264 0.265
0.278 0.265
0.257 0.265
0.274 0.265
0.239 0.265
0.254 0.265
* 0.294 0.265
0.294 0.265
0.305 0.265
0.264 0.265
0.288 0.265
0.288 0.265
0.307 0.265
0.304 0.266
0.282 0.265
0.284 0.265
0.292 0.265
0.280 0.265
0.280 0.265
0.279 0.265
0.283 0.265
0.268 0.265
0.250 0.265
0.292 0.265
0.302 0.265
0.303 0.265
0.304 0.265
0.304 0.265
0.286 0.265
0.283 0.265
0.287 0.265
0.245 0.265
0.289 0.265
0.290 0.265
0.301 0.265
0.301 0.265
0.282 0.265
0.281 0.265
0.268 0.265
0.267 0.265
0.304 0.265
0.282 0.265
0.253 0.265
0.241 0.265
* 0.310 0.265
0.310 0.265
0.257 0.265
0.290 0.265
0.244 0.265
0.238 0.265
* 0.273 0.265
0.277 0.265
0.247 0.265
0.299 0.265
0.242 0.265
0.307 0.265
0.262 0.265
0.262 0.265
* 0.283 0.265
0.283 0.265
0.278 0.265
0.288 0.265
0.294 0.265
0.274 0.265
0.266 0.265
0.266 0.265
0.271 0.265
0.285 0.265
0.286 0.265
0.266 0.265
0.266 0.265
0.270 0.265
0.286 0.265
0.264 0.265
0.199 0.265
0.264 0.265
0.232 0.265
0.217 0.265
0.239 0.265
* 0.267 0.265
0.267 0.265
0.287 0.265
0.295 0.265
0.297 0.265
0.299 0.265
0.294 0.265
0.281 0.265
0.305 0.265
0.305 0.265
0.322 0.265
0.319 0.265
0.317 0.265
0.303 0.265
0.312 0.265
0.307 0.265
0.299 0.265
0.320 0.265
0.320 0.265
0.309 0.265
0.310 0.265
0.317 0.265
0.304 0.265
0.314 0.265
0.302 0.265
0.292 0.265
0.309 0.265
0.287 0.265
0.287 0.265
0.295 0.265
0.311 0.265
0.311 0.265
0.295 0.265
0.279 0.265
0.279 0.265
0.291 0.265
0.297 0.265
0.283 0.265
0.293 0.265
0.298 0.265
0.272 0.265
0.268 0.265
0.275 0.265
0.276 0.265
0.276 0.265
0.281 0.265
0.272 0.265
0.265 0.265
0.255 0.265
* 0.267 0.265
0.265 0.265
0.285 0.265
0.289 0.265
0.281 0.265
0.281 0.265
0.286 0.265
0.279 0.265
0.261 0.265
0.259 0.265
* 0.286 0.265
0.269 0.264
0.266 0.264
0.256 0.264
0.244 0.264
0.261 0.264
0.261 0.264
0.256 0.264
0.237 0.264
0.235 0.264
0.262 0.264
0.240 0.264
0.217 0.264
0.219 0.264
0.219 0.264
0.225 0.264
0.212 0.264
0.245 0.264
0.223 0.264
0.217 0.264
0.241 0.264
0.218 0.264
0.223 0.264
0.223 0.264
0.229 0.264
0.208 0.264
0.208 0.264
0.222 0.264
0.223 0.264
0.220 0.264
0.204 0.264
0.175 0.264
0.205 0.264
0.178 0.264
0.185 0.264
0.197 0.264
0.201 0.264
0.187 0.264
0.200 0.264
0.189 0.264
0.200 0.264
0.193 0.264
0.185 0.264
0.175 0.264
0.209 0.264
0.184 0.264
0.184 0.264
0.202 0.264
0.203 0.264
0.191 0.264
0.183 0.264
0.202 0.264
0.196 0.264
0.182 0.264
0.196 0.264
0.160 0.264
0.158 0.264
0.150 0.264
0.207 0.264
0.197 0.264
0.218 0.264
0.225 0.264
0.178 0.264
0.194 0.264
0.217 0.264
0.213 0.264
0.200 0.264
0.196 0.264
0.211 0.264
0.205 0.264
0.220 0.264
0.220 0.264
0.198 0.264
0.216 0.264
0.178 0.264
0.223 0.264
0.196 0.264
0.198 0.264
0.197 0.264
0.199 0.264
0.205 0.264
0.181 0.264
0.171 0.264
0.198 0.264
0.186 0.264
0.222 0.264
0.180 0.264
0.177 0.264
0.201 0.264
0.189 0.264
0.181 0.264
0.181 0.264
0.195 0.264
0.169 0.264
0.221 0.264
0.185 0.264
0.187 0.264
0.186 0.264
0.176 0.264
0.198 0.264
0.204 0.264
0.184 0.264
0.186 0.264
0.200 0.264
0.191 0.264
0.188 0.264
0.175 0.264
0.159 0.264
0.183 0.264
0.212 0.264
0.172 0.264
0.214 0.264
0.194 0.264
0.204 0.264
0.210 0.264
0.189 0.264
0.218 0.264
0.195 0.264
0.195 0.264
0.202 0.264
0.215 0.264
0.200 0.264
0.228 0.264
* 0.311 0.264
0.305 0.264
0.305 0.264
0.295 0.264
0.322 0.264
0.316 0.264
0.289 0.264
0.288 0.264
0.299 0.264
0.285 0.264
0.303 0.264
0.304 0.264
0.321 0.264
0.310 0.264
0.310 0.264
0.310 0.264
0.304 0.264
0.323 0.264
0.274 0.264
0.278 0.264
0.278 0.264
0.283 0.264
0.264 0.264
0.249 0.264
0.234 0.264
0.228 0.264
0.257 0.264
0.232 0.264
0.223 0.264
0.223 0.264
0.215 0.264
0.220 0.264
0.208 0.264
0.226 0.264
0.209 0.264
0.247 0.264
0.237 0.264
0.237 0.264
0.255 0.264
0.227 0.264
0.238 0.264
0.231 0.264
0.254 0.264
0.224 0.264
0.262 0.264
0.262 0.264
0.249 0.264
* 0.268 0.264
0.252 0.264
0.240 0.264
0.245 0.264
0.206 0.264
0.219 0.264
0.246 0.264
0.227 0.264
0.227 0.264
0.247 0.264
0.224 0.264
0.230 0.264
0.255 0.264
* 0.270 0.264
0.269 0.264
0.262 0.264
0.262 0.264
* 0.281 0.264
0.268 0.264
0.299 0.264
0.283 0.264
0.269 0.264
0.304 0.264
0.304 0.264
0.297 0.264
0.324 0.264
0.302 0.264
0.307 0.264
0.313 0.264
0.313 0.264
0.313 0.264
0.322 0.264
0.290 0.264
0.320 0.264
0.335 0.264
0.322 0.264
0.293 0.264
0.314 0.264
0.283 0.264
0.276 0.264
0.272 0.264
0.260 0.264
0.292 0.264
0.276 0.264
0.270 0.264
0.265 0.264
0.264 0.264
0.264 0.264
0.242 0.264
0.223 0.264
0.228 0.264
0.241 0.264
0.238 0.264
0.227 0.264
0.242 0.264
0.234 0.264
* 0.266 0.264
0.249 0.264
0.231 0.264
0.229 0.264
0.250 0.264
0.250 0.264
0.229 0.264
0.244 0.264
0.244 0.264
0.263 0.264
0.236 0.264
0.236 0.264
0.257 0.264
0.258 0.264
* 0.269 0.264
0.264 0.264
0.277 0.264
0.277 0.264
0.271 0.264
0.271 0.264
0.248 0.264
0.255 0.264
0.254 0.264
0.243 0.264
0.227 0.264
0.234 0.264
0.235 0.264
* 0.265 0.264
0.265 0.264
0.257 0.264
0.259 0.264
0.244 0.264
0.258 0.264
0.264 0.264
* 0.278 0.264
0.248 0.264
0.252 0.264
0.257 0.264
0.257 0.264
0.251 0.264
0.258 0.264
0.247 0.264
0.235 0.264
0.240 0.264
0.222 0.264
0.255 0.264
0.241 0.264
0.253 0.264
0.232 0.264
0.232 0.264
0.235 0.264
0.217 0.264
0.236 0.264
0.226 0.264
0.215 0.264
0.192 0.264
0.220 0.264
0.212 0.264
0.229 0.264
0.235 0.264
0.235 0.264
0.262 0.264
0.237 0.264
0.263 0.264
0.250 0.264
0.252 0.264
* 0.282 0.264
0.249 0.264
0.249 0.264
0.258 0.264
* 0.264 0.264
0.255 0.264
0.233 0.264
0.237 0.264
0.239 0.264
0.249 0.264
0.227 0.264
0.227 0.264
0.227 0.264
0.257 0.264
0.259 0.264
0.240 0.264
0.217 0.264
0.238 0.264
0.257 0.264
0.223 0.264
0.244 0.264
0.261 0.264
0.256 0.264
0.246 0.264
0.238 0.264
0.216 0.264
0.261 0.264
0.228 0.264
0.200 0.264
0.212 0.264
0.202 0.264
0.217 0.264
0.210 0.264
0.210 0.264
0.197 0.264
0.192 0.264
0.195 0.264
0.181 0.264
0.192 0.264
0.247 0.264
0.254 0.264
0.214 0.264
0.238 0.264
0.222 0.264
0.229 0.264
0.229 0.264
0.225 0.264
0.247 0.264
0.232 0.264
0.225 0.264
0.232 0.264
0.206 0.264
0.252 0.264
0.252 0.264
0.231 0.264
0.220 0.264
0.210 0.264
0.239 0.264
0.203 0.264
0.210 0.264
0.213 0.264
0.221 0.264
0.221 0.264
0.208 0.264
0.212 0.264
0.222 0.264
0.219 0.264
0.235 0.264
0.221 0.264
0.228 0.264
0.224 0.264
0.224 0.264
0.243 0.264
0.254 0.264
0.246 0.264
0.228 0.264
0.231 0.264
0.218 0.264
0.221 0.264
0.193 0.264
0.205 0.264
0.205 0.264
0.201 0.264
0.199 0.264
0.214 0.264
0.208 0.264
0.196 0.264
0.205 0.264
0.205 0.264
0.205 0.264
0.229 0.264
0.197 0.264
0.217 0.264
0.213 0.264
0.220 0.264
0.192 0.264
0.232 0.264
0.239 0.264
0.220 0.264
0.220 0.264
0.227 0.264
0.216 0.264
0.216 0.264
0.222 0.264
0.204 0.264
0.204 0.264
0.211 0.264
0.202 0.264
0.211 0.264
0.203 0.264
0.218 0.264
0.191 0.264
0.191 0.264
0.194 0.264
0.207 0.264
0.213 0.264
0.196 0.264
0.201 0.264
0.205 0.264
0.184 0.264
0.205 0.264
0.205 0.264
0.168 0.264
0.214 0.264
0.205 0.264
0.202 0.264
0.217 0.264
0.210 0.264
0.204 0.264
0.221 0.264
0.221 0.264
0.208 0.264
0.210 0.264
0.246 0.264
0.235 0.264
0.212 0.264
0.188 0.264
0.238 0.264
0.238 0.264
0.234 0.264
0.242 0.264
0.258 0.264
0.228 0.264
0.232 0.264
0.222 0.264
0.226 0.264
0.226 0.264
0.235 0.264
0.230 0.264
0.226 0.264
0.226 0.264
0.201 0.264
0.228 0.264
0.196 0.264
0.212 0.264
0.204 0.264
0.241 0.264
0.216 0.264
0.224 0.264
0.243 0.264
0.224 0.264
0.211 0.264
0.211 0.264
0.229 0.264
0.216 0.264
0.226 0.264
0.215 0.264
0.183 0.264
0.183 0.264
0.231 0.264
0.235 0.264
0.233 0.264
0.231 0.264
0.214 0.264
0.214 0.264
0.208 0.264
0.223 0.264
0.224 0.264
0.219 0.264
0.214 0.264
0.193 0.264
0.209 0.264
0.198 0.264
0.198 0.264
0.258 0.264
0.261 0.264
0.224 0.264
0.250 0.264
0.203 0.264
0.229 0.264
0.225 0.264
0.227 0.264
0.219 0.264
0.213 0.264
0.229 0.264
0.244 0.264
0.262 0.264
0.210 0.264
0.229 0.264
0.229 0.264
* 0.295 0.264
0.295 0.264
0.279 0.264
0.297 0.264
0.298 0.264
0.292 0.264
0.290 0.264
0.294 0.264
0.270 0.264
0.278 0.264
0.278 0.264
0.289 0.264
0.281 0.264
0.296 0.264
0.280 0.264
0.260 0.264
0.260 0.264
0.258 0.264
* 0.275 0.264
0.273 0.264
0.268 0.264
0.271 0.264
0.271 0.264
0.286 0.264
0.264 0.264
0.245 0.264
* 0.272 0.264
0.268 0.264
0.253 0.264
0.270 0.264
0.256 0.264
0.256 0.264
0.232 0.264
0.247 0.264
0.244 0.264
* 0.270 0.264
0.250 0.264
0.250 0.264
0.256 0.264
0.246 0.264
0.212 0.264
0.240 0.264
0.232 0.264
0.245 0.264
0.260 0.264
0.257 0.264
0.246 0.264
0.240 0.264
0.250 0.264
0.252 0.264
0.252 0.264
0.243 0.264
0.229 0.264
0.254 0.264
0.227 0.264
* 0.271 0.264
0.246 0.264
0.246 0.264
0.256 0.264
* 0.279 0.264
0.257 0.264
0.257 0.264
0.240 0.264
0.230 0.264
0.230 0.264
0.250 0.264
0.226 0.264
0.224 0.264
0.224 0.264
0.224 0.264
0.216 0.264
0.198 0.264
0.198 0.264
0.225 0.264
0.217 0.264
0.222 0.264
0.222 0.264
0.213 0.264
0.257 0.264
0.212 0.264
0.244 0.264
0.245 0.264
0.245 0.264
0.236 0.264
0.219 0.264
0.209 0.264
0.239 0.264
0.256 0.264
0.258 0.264
0.203 0.264
0.238 0.264
0.238 0.264
0.255 0.264
0.232 0.264
0.240 0.264
0.215 0.264
0.234 0.264
0.205 0.264
0.211 0.264
0.211 0.264
0.250 0.264
0.240 0.264
0.214 0.264
0.241 0.264
0.237 0.264
0.216 0.264
0.214 0.264
0.206 0.264
0.206 0.264
0.235 0.264
0.212 0.264
0.215 0.264
0.199 0.264
0.187 0.264
0.202 0.264
0.209 0.264
0.209 0.264
0.209 0.264
0.215 0.264
0.204 0.264
0.205 0.264
0.207 0.264
0.208 0.264
0.237 0.264
0.237 0.264
0.237 0.264
0.222 0.264
0.211 0.264
0.211 0.264
0.230 0.264
0.217 0.264
0.237 0.264
0.224 0.264
0.226 0.264
0.221 0.264
0.236 0.264
0.225 0.264
0.240 0.264
0.222 0.264
0.220 0.264
0.214 0.264
0.229 0.264
0.221 0.264
0.222 0.264
0.234 0.264
0.238 0.264
0.235 0.264
0.223 0.264
0.232 0.264
0.232 0.264
0.203 0.264
0.197 0.264
0.228 0.264
0.226 0.264
0.227 0.264
0.225 0.264
0.222 0.264
0.234 0.264
0.258 0.264
0.264 0.264
0.264 0.264
* 0.275 0.264
0.280 0.264
0.271 0.264
0.260 0.264
0.270 0.264
0.284 0.264
0.276 0.264
0.264 0.264
0.274 0.264
0.291 0.264
0.291 0.264
0.289 0.264
0.277 0.264
0.267 0.264
0.278 0.264
0.269 0.264
0.274 0.264
0.286 0.264
0.286 0.264
0.279 0.264
0.284 0.264
0.273 0.264
0.262 0.264
0.284 0.264
0.285 0.264
0.264 0.264
0.265 0.264
0.267 0.264
0.264 0.264
0.256 0.264
0.255 0.264
0.255 0.264
0.216 0.264
0.250 0.264
0.250 0.264
0.239 0.264
* 0.265 0.264
0.218 0.264
0.226 0.264
0.257 0.264
0.226 0.264
0.242 0.264
0.263 0.264
0.228 0.264
0.245 0.264
0.261 0.264
0.259 0.264
0.247 0.264
0.227 0.264
0.224 0.264
0.196 0.264
0.234 0.264
0.216 0.264
0.216 0.264
0.212 0.264
0.239 0.264
0.221 0.264
0.213 0.264
0.220 0.264
0.220 0.264
0.223 0.264
0.254 0.264
0.259 0.264
* 0.277 0.264
0.277 0.265
0.291 0.265
0.304 0.265
0.304 0.265
0.286 0.265
0.310 0.265
0.292 0.265
0.279 0.265
0.295 0.265
0.299 0.265
0.299 0.265
0.302 0.265
0.282 0.265
0.310 0.265
0.307 0.265
0.299 0.265
0.295 0.265
0.337 0.265
0.276 0.265
0.258 0.265
0.285 0.265
0.285 0.265
0.278 0.265
0.256 0.265
0.256 0.265
* 0.336 0.265
0.330 0.265
0.328 0.265
0.300 0.265
0.300 0.265
0.332 0.265
0.324 0.265
0.349 0.265
0.218 0.265
0.311 0.265
0.295 0.265
0.295 0.265
0.298 0.265
0.313 0.265
0.291 0.265
0.301 0.265
0.313 0.265
0.313 0.265
0.288 0.265
0.279 0.265
0.281 0.265
0.296 0.265
0.261 0.265
0.283 0.265
0.303 0.265
0.317 0.265
0.321 0.265
0.276 0.265
0.320 0.265
0.223 0.265
0.205 0.265
0.234 0.265
0.234 0.265
* 0.266 0.265
0.251 0.265
0.264 0.265
* 0.300 0.265
0.264 0.265
0.270 0.265
0.270 0.265
0.266 0.265
0.277 0.265
0.251 0.265
0.278 0.265
0.274 0.265
0.298 0.265
0.265 0.265
0.269 0.265
0.269 0.265
0.253 0.265
0.259 0.265
0.227 0.265
0.241 0.265
0.258 0.265
* 0.267 0.265
0.266 0.265
0.318 0.265
0.318 0.265
0.300 0.265
0.305 0.265
0.332 0.265
0.311 0.265
0.309 0.265
0.293 0.265
0.299 0.265
0.299 0.265
0.305 0.265
0.299 0.265
0.313 0.265
0.309 0.265
0.318 0.265
0.318 0.265
0.316 0.265
0.344 0.265
0.313 0.265
0.325 0.265
0.321 0.265
0.321 0.265
0.321 0.265
0.313 0.265
0.309 0.265
0.333 0.265
0.336 0.265
0.258 0.265
0.286 0.265
0.291 0.265
0.291 0.265
0.301 0.265
0.320 0.265
0.296 0.265
0.297 0.266
0.289 0.266
0.296 0.266
0.289 0.266
0.260 0.266
0.253 0.266
0.253 0.266
0.255 0.266
0.241 0.266
0.241 0.266
0.219 0.266
0.219 0.266
0.233 0.266
0.207 0.266
0.217 0.266
0.242 0.266
0.199 0.266
0.245 0.266
0.212 0.266
0.255 0.266
0.223 0.266
0.223 0.266
0.218 0.266
0.218 0.266
0.229 0.266
0.233 0.266
0.219 0.266
0.188 0.266
0.196 0.266
0.208 0.266
0.201 0.266
0.222 0.266
0.229 0.266
0.229 0.266
0.202 0.266
0.204 0.266
0.209 0.266
0.210 0.266
0.246 0.266
0.216 0.266
0.233 0.266
0.216 0.266
0.218 0.266
0.231 0.266
0.244 0.266
0.232 0.266
0.220 0.266
0.220 0.266
0.210 0.266
0.225 0.266
0.213 0.266
0.235 0.266
0.223 0.266
0.247 0.266
0.247 0.266
0.234 0.266
0.238 0.266
0.226 0.266
0.218 0.266
0.233 0.266
0.233 0.266
0.228 0.266
0.228 0.266
0.205 0.266
0.225 0.266
0.234 0.266
0.231 0.266
0.215 0.266
0.215 0.266
0.245 0.266
0.243 0.266
0.233 0.266
0.240 0.266
0.246 0.266
0.251 0.266
0.228 0.266
0.228 0.266
0.237 0.266
0.240 0.266
0.233 0.266
0.236 0.266
0.236 0.266
0.236 0.266
0.238 0.266
0.226 0.266
0.230 0.266
0.247 0.266
0.240 0.266
0.241 0.266
0.237 0.266
0.209 0.266
0.221 0.266
0.221 0.266
0.211 0.266
0.211 0.266
0.248 0.266
0.231 0.266
0.260 0.266
0.221 0.266
0.232 0.266
0.231 0.266
0.247 0.266
0.237 0.266
0.234 0.266
0.226 0.266
0.226 0.266
0.253 0.266
0.245 0.266
0.225 0.266
0.206 0.266
0.196 0.266
0.215 0.266
0.228 0.266
0.246 0.266
0.245 0.266
0.240 0.266
0.240 0.266
0.216 0.266
0.209 0.266
0.203 0.266
0.213 0.266
0.196 0.266
0.203 0.266
0.207 0.266
0.207 0.266
0.205 0.266
0.201 0.266
0.174 0.266
0.191 0.266
0.163 0.266
0.197 0.266
0.167 0.266
0.182 0.266
0.182 0.266
0.198 0.266
0.193 0.266
0.185 0.266
0.190 0.266
0.212 0.266
0.173 0.266
0.176 0.266
0.177 0.266
0.177 0.266
0.190 0.266
0.173 0.266
0.209 0.266
0.160 0.266
0.200 0.266
0.174 0.266
0.174 0.266
0.164 0.266
0.190 0.266
0.188 0.266
0.207 0.266
0.195 0.266
0.211 0.266
0.220 0.266
0.213 0.266
0.189 0.266
0.199 0.266
0.203 0.266
0.193 0.266
0.203 0.266
0.193 0.266
0.177 0.266
0.175 0.266
0.179 0.266
0.222 0.266
0.218 0.266
0.172 0.266
0.187 0.266
0.190 0.266
0.186 0.266
0.170 0.266
0.190 0.266
0.190 0.266
0.232 0.266
0.214 0.266
0.194 0.266
0.193 0.266
0.169 0.266
0.157 0.266
0.203 0.266
0.186 0.266
0.239 0.266
0.220 0.266
0.231 0.266
0.200 0.266
0.205 0.266
0.214 0.266
0.216 0.266
0.234 0.266
0.194 0.266
0.210 0.266
0.188 0.266
0.203 0.266
0.197 0.266
0.207 0.266
0.178 0.266
0.235 0.266
0.216 0.266
0.230 0.266
0.235 0.266
0.235 0.266
0.232 0.266
0.232 0.266
0.216 0.266
0.232 0.266
0.207 0.266
0.226 0.266
0.234 0.266
0.218 0.266
0.218 0.266
0.243 0.266
* 0.284 0.266
0.270 0.266
0.282 0.266
0.257 0.266
0.233 0.266
0.233 0.266
0.247 0.266
* 0.279 0.266
0.257 0.266
0.250 0.266
0.264 0.266
* 0.301 0.266
0.298 0.266
0.303 0.266
0.294 0.266
0.284 0.266
0.286 0.266
0.337 0.266
0.229 0.266
0.306 0.266
0.319 0.266
0.310 0.266
0.268 0.266
0.242 0.266
0.287 0.266
0.307 0.266
0.327 0.266
0.332 0.266
0.324 0.266
0.315 0.266
0.276 0.266
0.299 0.266
0.285 0.266
0.318 0.267
0.318 0.267
0.317 0.267
0.309 0.267
0.309 0.267
0.300 0.267
0.277 0.267
0.292 0.267
0.292 0.267
0.296 0.267
0.305 0.267
0.277 0.267
0.300 0.267
0.290 0.267
0.290 0.267
0.290 0.267
0.260 0.267
0.260 0.267
0.256 0.267
* 0.269 0.267
0.258 0.267
0.245 0.267
* 0.281 0.267
0.274 0.267
0.252 0.267
0.288 0.267
0.288 0.267
0.272 0.267
0.263 0.267
0.206 0.267
0.219 0.267
0.255 0.267
0.207 0.267
* 0.302 0.267
0.264 0.267
0.268 0.267
0.315 0.267
0.315 0.267
0.314 0.267
0.273 0.267
0.247 0.267
0.260 0.267
* 0.279 0.267
0.275 0.267
0.271 0.267
0.271 0.267
0.291 0.267
0.290 0.267
0.285 0.267
0.279 0.267
0.286 0.267
0.286 0.267
0.312 0.267
0.324 0.267
0.304 0.267
0.300 0.267
0.293 0.267
0.312 0.267
0.305 0.267
0.305 0.267
0.339 0.267
0.220 0.267
0.224 0.267
0.260 0.267
* 0.283 0.267
0.279 0.268
0.319 0.268
0.272 0.268
0.253 0.268
0.253 0.268
0.247 0.268
0.240 0.268
0.163 0.268
0.258 0.268
0.261 0.268
* 0.273 0.268
0.273 0.268
0.246 0.268
