0.368
0.194
0.280
0.321
0.318
0.198
0.198
* 0.306
0.338
0.338
0.313
0.299
0.316
0.346
0.322
0.293
0.298
0.298
0.195
0.325
0.325
0.310
0.287
0.287
0.262
0.291
0.298
0.305
0.278
0.278
0.283
0.173
0.173
* 0.307
0.334
0.299
0.297
0.306
0.306
0.296
0.298
0.285
0.284
0.268
0.328
0.308
0.267
0.267
0.256
0.256
0.282
0.272
0.268
0.306
0.299
0.280
0.273
0.284
0.278
0.266
0.286
0.292
0.304
0.291
0.328
0.312
0.306
0.275
0.291
0.296
0.281
0.288
0.288
0.286
0.274
0.295
0.295
0.311
0.296
0.308
0.316
0.293
0.289
0.272
0.283
0.271
0.274
0.275
0.286
0.283
0.272
0.274
0.274
0.277
0.272
0.272
0.274
0.291
0.291
0.283
0.296
0.299
0.291
0.287
0.282
0.282
0.268
0.279
0.282
0.301
0.282
0.295
0.295
0.292
0.298
0.272
0.291
0.298
0.303
0.316
0.307
0.299
0.299
0.295
0.289
0.276
0.276
0.292
0.294
0.287
0.297
0.320
0.316
0.332
0.320
0.329
0.310
0.310
0.293
0.281
0.281
0.303
0.291
0.315
0.238
0.171
* 0.255
0.248
0.267
0.272
0.261
0.279
0.278
0.266
0.256
0.254
0.269
0.278
0.279
0.260
0.274
0.247
0.309
0.296
0.282
0.294
0.269
0.326
0.328
0.328
0.307
0.303
0.312
0.312
0.302
0.299
0.299
0.275
0.286
0.288
0.241
0.320
0.314
0.335
0.341
0.336
0.336
0.325
0.356
0.354
0.346
0.344
0.323
0.323
0.313
0.343
0.323
0.340
0.353
0.337
0.359
0.362
0.342
0.345
0.324
0.328
0.333
0.350
0.355
0.341
0.341
0.376
0.372
0.372
0.331
0.353
0.347
0.347
0.385
0.381
0.381
0.372
0.363
0.383
0.366
0.396
0.383
0.384
0.367
0.382
0.326
0.326
0.343
0.373
0.333
0.366
0.329
0.337
0.342
0.314
0.353
0.353
0.345
0.339
0.339
0.323
0.327
0.338
0.335
0.309
0.333
0.329
0.341
0.362
0.364
0.350
0.383
0.326
0.326
0.357
0.344
0.344
0.341
0.314
0.314
0.343
0.314
0.334
0.339
0.345
0.313
0.313
0.300
0.321
0.289
0.324
0.316
0.318
0.302
0.313
0.313
0.339
0.311
0.285
0.285
0.262
0.272
0.299
0.311
0.308
0.260
0.306
0.281
0.281
0.307
0.302
0.269
0.281
0.263
0.281
0.278
0.283
0.284
0.286
0.284
0.281
0.281
0.302
0.270
0.270
0.280
0.271
0.271
0.256
0.264
0.236
0.236
* 0.269
0.251
0.252
0.240
0.278
0.278
0.276
0.292
0.251
0.270
0.265
0.258
0.272
0.265
0.292
0.261
0.275
0.264
0.242
0.258
0.251
0.265
0.262
0.259
0.272
0.272
0.245
0.245
0.251
0.249
0.259
0.274
0.258
0.256
0.259
0.264
0.283
0.276
0.263
0.260
0.268
0.273
0.272
0.280
0.287
0.293
0.284
0.287
0.287
0.302
0.284
0.278
0.267
0.297
0.302
0.302
0.302
0.306
0.305
0.319
0.322
0.275
0.317
0.316
0.317
0.328
0.307
0.329
0.318
0.336
0.332
0.318
0.318
0.318
0.317
0.307
0.318
0.318
0.312
0.338
0.338
0.319
0.342
0.324
0.324
0.323
0.342
0.307
0.321
0.311
0.340
0.317
0.334
0.334
0.292
0.320
0.318
0.309
0.337
0.331
0.312
0.329
0.312
0.339
0.325
0.314
0.297
0.329
0.324
0.320
0.307
0.307
0.317
0.312
0.300
0.334
0.333
0.322
0.322
0.316
0.301
0.330
0.330
0.321
0.314
0.328
0.319
0.319
0.297
0.281
0.332
0.332
0.341
0.309
0.309
0.326
0.324
0.332
0.320
0.350
0.360
0.338
0.323
0.323
0.322
0.308
0.269
0.284
0.341
0.341
0.297
0.309
0.305
0.301
0.313
0.324
0.304
0.347
0.352
0.361
0.311
0.311
0.307
0.308
0.317
0.317
0.329
0.301
0.301
0.347
0.280
0.317
0.299
0.293
0.271
0.301
0.279
0.309
0.309
0.307
0.309
0.365
0.362
0.325
0.325
0.350
0.347
0.347
0.337
0.317
0.325
0.325
0.368
0.319
0.379
0.340
0.359
0.309
0.353
0.334
0.322
0.342
0.351
0.353
0.353
0.344
0.355
0.364
0.364
0.381
0.361
0.343
0.377
0.350
0.361
0.366
0.351
0.351
0.365
0.325
0.327
0.359
0.345
0.355
0.327
0.306
0.340
0.336
0.303
0.304
0.320
0.313
0.313
0.312
0.345
0.278
0.310
0.371
0.371
0.297
0.345
0.345
0.308
0.306
0.299
0.320
0.316
0.291
0.289
0.279
0.352
0.340
0.331
0.349
0.349
0.305
0.394
0.394
0.348
0.347
0.356
0.247
0.247
0.286
0.312
0.301
0.301
0.314
0.170
0.170
* 0.303
0.329
0.329
0.324
0.300
0.300
0.291
0.316
0.298
0.287
0.325
0.331
0.331
0.307
0.307
0.272
0.288
0.307
0.307
0.285
0.270
0.269
0.269
0.237
0.226
0.226
0.232
* 0.256
0.256
0.230
0.244
0.251
0.245
0.284
0.281
0.291
0.296
0.295
0.298
0.313
0.323
0.323
0.332
0.303
0.292
0.177
0.289
0.289
0.313
0.307
0.319
0.308
0.333
0.345
0.345
0.326
0.324
0.324
0.320
0.320
0.324
0.318
0.254
0.190
0.285
0.297
0.297
0.313
0.320
0.320
0.347
0.274
0.283
0.271
0.306
0.306
0.293
0.297
0.297
0.297
0.193
0.193
* 0.289
0.317
0.323
0.320
0.322
0.316
0.305
0.291
0.289
0.306
0.303
0.302
0.302
0.321
0.292
0.292
0.167
0.205
* 0.250
0.278
0.282
0.282
0.277
0.278
0.283
0.280
0.280
0.247
0.265
0.265
0.244
0.231
0.231
* 0.262
0.262
0.271
0.249
0.272
0.278
0.280
0.280
0.256
0.279
0.279
0.264
0.261
0.296
0.301
0.282
0.260
0.225
0.225
* 0.274
0.258
0.268
0.298
0.343
0.343
0.354
0.226
0.226
* 0.263
0.263
0.315
0.333
0.252
0.231
0.283
0.268
0.260
0.264
0.270
0.256
0.256
0.241
0.295
0.295
0.292
0.277
0.311
0.311
0.228
0.226
* 0.256
0.256
0.260
0.223
0.236
0.235
0.208
0.236
* 0.246
0.264
0.222
0.328
0.326
0.265
0.272
0.291
0.283
0.281
0.278
0.281
0.278
0.270
0.273
0.263
0.255
0.255
0.244
0.241
0.247
0.237
0.255
0.238
0.246
0.277
0.266
0.262
0.250
0.264
0.265
0.266
0.263
0.273
0.257
0.270
0.272
0.258
0.276
0.236
0.258
0.256
0.296
0.287
0.299
0.291
0.321
0.330
0.312
0.300
0.310
0.315
0.296
0.309
0.349
0.344
0.353
0.338
0.361
0.378
0.366
0.360
0.339
0.347
0.366
0.354
0.347
0.349
0.358
0.344
0.283
0.283
0.231
0.250
0.289
0.316
0.296
0.325
0.325
0.329
0.304
0.303
0.225
0.225
* 0.263
0.278
0.278
0.298
0.298
0.345
0.282
0.282
0.238
0.233
0.233
0.202
0.202
0.230
0.235
0.213
* 0.247
0.233
0.233
* 0.241
0.241
0.282
0.337
0.320
0.323
0.311
0.283
0.301
0.294
0.316
0.338
0.303
0.284
0.278
0.262
0.262
0.294
0.294
0.196
0.253
0.324
0.297
0.281
0.318
0.293
0.281
0.285
0.286
0.278
0.282
0.293
0.296
0.297
0.292
0.294
0.305
0.293
0.293
0.289
0.307
0.307
0.275
0.302
0.282
0.298
0.287
0.316
0.221
0.254
0.280
0.290
0.286
0.288
0.301
0.287
0.288
0.302
0.294
0.312
0.302
0.306
0.306
0.308
0.308
0.210
0.282
0.287
0.293
0.293
0.298
0.325
0.280
0.306
0.306
0.306
0.306
0.219
0.219
* 0.272
0.307
0.307
0.289
0.289
0.281
0.275
0.307
0.272
0.290
0.278
0.292
0.271
0.296
0.319
0.217
0.189
* 0.265
0.245
0.277
0.322
0.264
0.226
0.254
0.286
0.270
0.249
0.257
0.245
0.221
0.261
0.207
0.237
* 0.272
0.248
0.247
0.246
0.272
0.239
0.238
0.240
* 0.293
0.286
0.260
0.281
0.304
0.301
0.277
0.302
0.291
0.291
0.281
0.281
0.293
0.266
0.226
0.241
0.265
0.266
0.266
0.299
0.299
0.284
0.284
0.286
0.291
0.297
0.261
0.257
0.294
0.278
0.273
0.237
0.262
0.275
0.273
0.257
0.277
0.295
0.263
0.267
0.267
0.259
0.270
0.292
0.272
0.221
0.231
* 0.278
0.284
0.273
0.263
0.280
0.240
0.252
0.292
0.292
0.260
0.271
0.285
0.276
0.276
0.281
0.257
0.270
0.266
0.259
0.263
0.261
0.250
0.257
0.240
0.240
* 0.257
0.275
0.275
0.263
0.263
0.265
0.261
0.293
0.297
0.300
0.300
0.284
0.284
0.279
0.279
0.287
0.287
0.258
0.263
0.258
0.246
0.260
0.269
0.275
0.264
0.241
0.259
0.268
0.287
0.280
0.273
0.277
0.264
0.274
0.242
0.278
0.275
0.285
0.269
0.280
0.290
0.295
0.248
0.278
0.261
0.305
0.261
0.234
0.242
0.261
0.256
0.293
0.300
0.312
0.254
0.264
0.270
0.293
0.304
0.281
0.293
0.267
0.267
0.271
0.266
0.248
0.240
0.236
* 0.260
0.257
0.257
0.246
0.246
0.247
0.255
0.260
0.249
0.260
0.259
0.269
0.268
0.250
0.270
0.258
0.239
0.290
0.265
0.274
0.264
0.293
0.260
0.279
0.261
0.274
0.275
0.262
0.240
0.304
0.301
0.303
0.280
0.258
0.309
0.308
0.306
0.307
0.358
0.358
0.331
0.346
0.302
0.310
0.325
0.339
0.339
0.335
0.312
0.312
0.284
0.286
0.286
0.269
0.276
0.276
0.251
0.257
0.257
0.264
0.260
0.278
0.281
0.292
0.306
0.279
0.269
0.280
0.280
0.280
0.283
0.282
0.292
0.283
0.301
0.301
0.286
0.288
0.288
0.254
0.262
0.288
0.288
0.288
0.276
0.276
0.281
0.311
0.311
0.300
0.268
0.272
0.270
0.287
0.274
0.266
0.261
0.295
0.300
0.307
0.299
0.306
0.294
0.304
0.303
0.308
0.304
0.304
0.303
0.271
0.271
0.295
0.295
0.317
0.301
0.288
0.309
0.309
0.302
0.311
0.304
0.321
0.298
0.308
0.306
0.283
0.290
0.322
0.345
0.351
0.328
0.329
0.343
0.343
0.335
0.320
0.306
0.307
0.314
0.307
0.279
0.290
0.271
0.268
0.283
0.284
0.275
0.266
0.276
0.267
0.264
0.274
0.268
0.260
0.312
0.266
0.266
0.253
0.310
0.291
0.247
0.291
0.324
0.340
0.353
0.341
0.326
0.299
0.278
0.286
0.285
0.276
0.280
0.258
0.268
0.274
0.247
0.247
0.280
0.301
0.278
0.293
0.293
0.279
0.279
0.280
0.300
0.276
0.261
0.260
0.260
0.265
0.257
0.252
0.271
0.271
0.263
0.265
0.285
0.268
0.294
0.301
0.298
0.313
0.303
0.301
0.270
0.283
0.278
0.260
0.265
0.284
0.291
0.295
0.283
0.269
0.275
0.269
0.249
0.270
0.255
0.263
0.250
0.260
0.227
0.249
0.249
0.264
0.250
0.253
0.289
0.250
0.280
0.253
0.288
0.275
0.286
0.314
0.314
0.330
0.333
0.321
0.336
0.325
0.300
0.249
0.228
0.261
0.261
0.284
0.293
0.293
0.284
0.273
0.273
0.262
0.262
0.265
0.260
0.260
0.270
0.270
0.229
0.229
* 0.278
0.287
0.300
0.265
0.301
0.299
0.286
0.292
0.302
0.292
0.291
0.293
0.300
0.307
0.321
0.297
0.307
0.293
0.295
0.297
0.290
0.285
0.276
0.288
0.294
0.276
0.266
0.278
0.274
0.283
0.295
0.269
0.269
0.281
0.270
0.270
0.299
0.281
0.281
0.276
0.295
0.285
0.276
0.298
0.270
0.312
0.287
0.315
0.266
0.287
0.317
0.282
0.289
0.222
0.224
0.235
* 0.282
0.323
0.280
0.291
0.284
0.318
0.272
0.298
0.294
0.275
0.268
0.277
0.260
0.289
0.285
0.306
0.284
0.302
0.280
0.271
0.282
0.282
0.296
0.273
0.246
0.252
0.253
0.253
0.270
0.276
0.265
0.258
0.258
0.265
0.277
0.277
0.278
0.268
0.276
0.290
0.296
0.284
0.280
0.280
0.270
0.284
0.297
0.268
0.276
0.295
0.291
0.306
0.313
0.299
0.298
0.294
0.281
0.311
0.282
0.295
0.295
0.302
0.367
0.346
0.307
0.285
0.294
0.296
0.288
0.291
0.292
0.283
0.267
0.279
0.267
0.268
0.275
0.276
0.278
0.260
0.269
0.293
0.261
0.290
0.284
0.310
0.278
0.260
0.291
0.266
0.258
0.285
0.260
0.268
0.254
0.268
0.268
0.266
0.279
0.279
0.311
0.311
0.320
0.298
0.298
0.293
0.293
0.281
0.284
0.284
0.278
0.278
0.281
0.281
0.272
0.267
0.267
0.266
0.266
0.262
0.274
0.274
0.276
0.264
0.269
0.269
0.293
0.244
0.263
0.294
0.262
0.290
0.289
0.310
0.287
0.281
0.282
0.279
0.285
0.289
0.259
0.272
0.248
0.264
0.264
0.266
0.266
0.209
0.232
0.232
* 0.270
0.280
0.280
0.302
0.302
0.262
0.260
0.272
0.263
0.274
0.264
0.254
0.254
0.268
0.286
0.264
0.302
0.285
0.311
0.266
0.233
0.220
* 0.266
0.288
0.280
0.261
0.289
0.260
0.296
0.251
0.244
0.233
0.260
0.328
0.329
0.327
0.323
0.283
0.352
0.300
0.264
0.272
0.290
0.290
0.261
0.282
0.291
0.291
0.291
0.291
0.291
0.312
0.249
0.271
0.274
0.277
0.278
0.262
0.258
0.267
0.285
0.270
0.281
0.327
0.290
0.280
0.287
0.285
0.284
0.273
0.282
0.302
0.274
0.305
0.307
0.279
0.279
0.313
0.313
0.290
0.309
0.315
0.321
0.293
0.308
0.289
0.308
0.313
0.306
0.307
0.311
0.306
0.301
0.244
0.236
0.264
0.315
0.284
0.281
0.294
0.308
0.308
0.252
0.295
0.278
0.270
0.270
0.283
0.283
0.273
0.266
0.317
0.270
0.270
0.272
0.262
0.247
0.254
0.297
0.297
0.255
0.259
0.264
0.267
0.306
0.308
0.313
0.335
0.322
0.297
0.315
0.301
0.303
0.264
0.293
0.277
0.268
0.269
0.258
0.284
0.255
0.266
0.304
0.306
0.299
0.319
0.289
0.302
0.292
0.292
0.292
0.293
0.294
0.294
0.283
0.285
0.293
0.286
0.265
0.284
0.267
0.278
0.271
0.280
0.274
0.270
0.251
0.260
0.252
0.257
0.286
0.306
0.272
0.294
0.284
0.262
0.270
0.260
0.267
0.273
0.277
0.266
0.266
0.249
0.273
0.252
0.288
0.275
0.258
0.276
0.258
0.256
0.275
0.239
0.250
0.244
0.254
0.266
0.243
0.274
0.256
0.260
0.245
0.260
0.293
0.288
0.284
0.306
0.328
0.297
0.293
0.303
0.301
0.293
0.304
0.295
0.284
0.295
0.285
0.285
0.271
0.297
0.266
0.267
0.267
0.277
0.258
0.272
0.256
0.276
0.281
0.274
0.268
0.298
0.262
0.264
0.268
0.268
0.266
0.264
0.267
0.280
0.291
0.300
0.345
0.292
0.292
0.288
0.315
0.300
0.292
0.296
0.306
0.284
0.284
0.276
0.267
0.295
0.296
0.288
0.316
0.342
0.292
0.328
0.320
0.321
0.333
0.303
0.342
0.293
0.354
0.326
0.329
0.314
0.328
0.322
0.312
0.316
0.304
0.304
0.307
0.285
0.306
0.294
0.263
0.287
0.264
0.281
0.281
0.273
0.286
0.297
0.298
0.292
0.263
0.270
0.269
0.252
0.244
0.250
0.260
0.272
0.250
0.260
0.240
0.232
0.252
0.237
0.254
0.225
0.230
0.224
* 0.264
0.285
0.247
0.265
0.258
0.255
0.269
0.286
0.171
0.227
0.227
* 0.276
0.262
0.271
0.275
0.280
0.293
0.255
0.289
0.276
0.272
0.265
0.266
0.266
0.268
0.248
0.263
0.261
0.280
0.277
0.249
0.276
0.284
0.251
0.241
0.267
0.238
0.247
0.253
0.271
0.297
0.268
0.296
0.298
0.376
0.238
0.247
0.208
0.224
* 0.253
0.246
0.240
0.248
0.276
0.249
0.247
0.272
0.217
0.265
0.214
0.237
* 0.268
0.253
0.245
0.244
0.207
0.159
0.173
0.190
0.200
0.201
0.206
0.213
0.191
0.162
0.169
0.156
0.204
0.178
0.174
0.145
0.203
0.150
0.148
0.183
* 0.243
0.170
0.202
0.223
0.154
0.179
0.170
* 0.255
0.227
0.229
* 0.263
0.252
0.262
0.259
0.257
0.260
0.273
0.285
0.265
0.287
0.267
0.223
0.254
0.244
0.285
0.259
0.260
0.246
0.274
0.295
0.315
0.282
0.285
0.273
0.305
0.247
0.242
0.221
0.305
0.261
0.261
0.238
0.238
* 0.265
0.281
0.272
0.276
0.287
0.275
0.269
0.299
0.299
0.279
0.282
0.264
0.244
0.266
0.278
0.282
0.272
0.278
0.278
0.399
0.271
0.219
0.267
0.229
0.227
* 0.251
0.200
0.237
0.237
0.206
* 0.241
0.241
0.224
0.236
* 0.269
0.268
0.255
0.254
0.229
0.232
0.228
0.231
* 0.282
0.257
0.230
0.257
0.257
0.262
0.252
0.252
0.243
0.256
0.256
0.241
0.228
0.230
* 0.242
0.268
0.266
0.236
0.246
0.266
0.263
0.271
0.253
0.262
0.308
0.253
0.280
0.267
0.257
0.264
0.259
0.246
0.282
0.274
0.221
0.243
0.240
0.240
* 0.255
0.250
0.286
0.243
0.243
0.217
0.217
0.231
* 0.263
0.235
0.243
0.280
0.317
0.302
0.315
0.259
0.277
0.266
0.265
0.277
0.259
0.261
0.279
0.246
0.279
0.245
0.245
0.266
0.282
0.282
0.314
0.314
0.257
0.257
0.247
0.264
0.264
0.236
0.277
0.263
0.252
0.252
0.264
0.264
0.241
0.264
0.262
0.287
0.287
0.309
0.287
0.234
0.226
* 0.247
0.279
0.278
0.271
0.264
0.265
0.330
0.306
0.290
0.290
0.285
0.308
0.273
0.264
0.267
0.263
0.259
0.296
0.250
0.276
0.265
0.284
0.274
0.273
0.275
0.272
0.294
0.281
0.255
0.265
0.259
0.286
0.283
0.299
0.275
0.266
0.301
0.302
0.247
0.273
0.282
0.244
0.287
0.290
0.307
0.273
0.274
0.267
0.293
0.263
0.270
0.297
0.271
0.255
0.254
0.290
0.256
0.259
0.277
0.259
0.276
0.216
0.252
0.263
0.281
0.253
0.285
0.257
0.247
0.281
0.273
0.288
0.278
0.227
0.227
* 0.278
0.278
0.212
0.216
* 0.284
0.211
0.227
* 0.261
0.271
0.271
0.289
0.289
0.242
0.281
0.255
0.251
0.328
0.247
0.252
0.260
0.234
0.258
0.270
0.273
0.260
0.226
0.259
0.279
0.259
0.240
0.247
0.212
0.242
0.255
0.245
0.237
0.239
* 0.259
0.288
0.262
0.264
0.259
0.245
0.291
0.265
0.288
0.282
0.282
0.274
0.281
0.264
0.269
0.290
0.294
0.278
0.273
0.287
0.328
0.309
0.291
0.304
0.279
0.275
0.279
0.300
0.304
0.309
0.291
0.287
0.277
0.277
0.293
0.289
0.304
0.294
0.281
0.276
0.282
0.297
0.286
0.272
0.264
0.296
0.266
0.258
0.263
0.273
0.278
0.249
0.252
0.237
0.237
* 0.248
0.272
0.261
0.248
0.248
0.233
0.233
0.223
* 0.249
0.249
0.236
0.259
0.250
0.239
0.249
0.246
0.234
0.254
0.266
0.235
0.223
* 0.241
0.239
0.246
0.242
0.251
0.260
0.247
0.248
0.255
0.273
0.245
0.254
0.259
0.268
0.250
0.253
0.239
0.277
0.274
0.271
0.262
0.253
0.264
0.226
0.252
0.250
0.269
0.272
0.257
0.266
0.266
0.268
0.255
0.246
0.283
0.252
0.262
0.280
0.274
0.275
0.275
0.291
0.309
0.304
0.273
0.263
0.247
0.279
0.266
0.257
0.255
0.236
0.243
0.286
0.255
0.269
0.264
0.276
0.285
0.285
0.256
0.256
0.280
0.280
0.244
0.260
0.267
0.261
0.271
0.248
0.263
0.255
0.242
0.249
0.233
0.243
0.272
0.304
0.318
0.305
0.275
0.261
0.248
0.282
0.310
0.304
0.309
0.260
0.276
0.281
0.284
0.265
0.266
0.282
0.218
0.256
0.250
0.242
0.223
0.231
0.224
0.224
* 0.240
0.240
0.246
0.244
0.240
0.267
0.243
0.248
0.232
0.207
* 0.297
0.291
0.292
0.287
0.279
0.281
0.305
0.293
0.301
0.273
0.305
0.305
0.315
0.293
0.307
0.286
0.286
0.295
0.301
0.301
0.305
0.281
0.281
0.289
0.272
0.291
0.247
0.309
0.284
0.260
0.286
0.239
0.271
0.276
0.286
0.284
0.282
0.278
0.304
0.297
0.283
0.271
0.271
0.276
0.276
0.255
0.279
0.279
0.269
0.269
0.285
0.282
0.282
0.310
0.275
0.275
0.255
0.255
0.253
0.251
0.251
0.279
0.272
0.296
0.298
0.297
0.294
0.295
0.266
0.259
0.288
0.270
0.260
0.273
0.264
0.247
0.243
0.211
