0.320 0.240
0.303 0.240
0.303 0.240
0.317 0.240
0.317 0.240
0.335 0.240
0.335 0.240
0.311 0.240
0.344 0.240
0.344 0.240
0.390 0.240
0.389 0.240
0.389 0.240
0.360 0.240
0.360 0.240
0.365 0.240
0.362 0.240
0.362 0.240
0.319 0.240
0.271 0.240
0.284 0.240
0.277 0.240
0.295 0.240
0.295 0.240
0.272 0.240
0.272 0.240
0.339 0.240
0.332 0.240
0.309 0.240
0.312 0.240
0.312 0.240
0.313 0.240
0.313 0.240
0.316 0.240
0.316 0.240
0.323 0.240
0.323 0.240
0.305 0.240
0.297 0.240
0.317 0.240
0.300 0.240
0.300 0.240
0.295 0.240
0.301 0.240
0.301 0.240
0.291 0.240
0.300 0.240
0.242 0.240
0.242 0.240
0.219 0.240
0.219 0.240
0.282 0.240
0.292 0.240
0.292 0.240
0.292 0.240
0.302 0.240
0.291 0.240
0.291 0.240
0.296 0.240
0.296 0.240
0.318 0.240
0.291 0.240
0.269 0.240
0.289 0.240
0.289 0.240
0.280 0.240
0.280 0.240
0.181 0.240
0.181 0.240
0.244 0.240
0.282 0.240
0.270 0.240
0.280 0.240
0.280 0.240
0.285 0.240
0.285 0.240
0.299 0.240
0.299 0.240
0.308 0.240
0.292 0.240
0.292 0.240
0.306 0.240
0.306 0.240
0.292 0.240
0.285 0.240
0.285 0.240
0.294 0.240
0.286 0.240
0.302 0.240
0.254 0.240
0.192 0.240
0.192 0.240
0.232 0.240
* 0.271 0.240
0.288 0.240
0.285 0.240
0.285 0.240
0.301 0.240
0.301 0.240
0.273 0.240
0.273 0.240
0.298 0.240
0.287 0.240
0.271 0.240
0.306 0.240
0.306 0.240
0.287 0.240
0.287 0.240
0.287 0.240
0.287 0.240
0.288 0.240
0.287 0.240
0.263 0.240
0.264 0.240
0.264 0.240
0.287 0.240
0.287 0.240
0.259 0.240
0.196 0.240
0.196 0.240
0.184 0.240
* 0.261 0.240
0.270 0.240
0.270 0.240
0.282 0.240
0.282 0.240
0.293 0.240
0.293 0.240
0.280 0.240
0.285 0.240
0.275 0.240
0.262 0.240
0.262 0.240
0.216 0.240
0.248 0.240
0.224 0.240
0.229 0.240
0.229 0.240
0.230 0.240
0.230 0.240
0.234 0.240
0.212 0.240
0.212 0.240
0.213 0.240
0.213 0.240
0.226 0.240
0.215 0.240
0.198 0.240
0.198 0.240
0.227 0.240
0.220 0.240
0.230 0.240
0.221 0.240
0.221 0.240
0.225 0.240
0.225 0.240
0.224 0.240
0.224 0.240
0.235 0.240
0.221 0.240
0.221 0.240
0.221 0.240
0.223 0.240
0.233 0.240
0.233 0.240
0.240 0.240
0.240 0.240
0.221 0.240
0.211 0.240
0.211 0.240
0.214 0.240
0.207 0.240
0.215 0.240
0.215 0.240
0.210 0.240
0.210 0.240
0.200 0.240
0.212 0.240
0.212 0.240
0.212 0.240
0.218 0.240
0.205 0.240
0.205 0.240
0.194 0.240
0.194 0.240
0.210 0.240
0.196 0.240
0.186 0.240
0.218 0.240
0.218 0.240
0.202 0.240
0.202 0.240
0.207 0.240
0.181 0.240
0.208 0.240
0.195 0.240
0.195 0.240
0.227 0.240
0.227 0.240
* 0.264 0.240
0.264 0.240
0.279 0.240
0.279 0.240
0.292 0.240
0.304 0.240
0.287 0.240
0.307 0.240
0.307 0.240
0.269 0.240
0.313 0.240
0.313 0.240
0.274 0.240
0.280 0.240
0.261 0.240
0.261 0.240
0.204 0.240
0.204 0.240
0.200 0.240
0.200 0.240
0.216 0.240
0.216 0.240
0.215 0.240
0.217 0.240
0.217 0.240
0.229 0.240
0.229 0.240
0.210 0.240
0.210 0.240
0.213 0.240
0.204 0.240
0.210 0.240
0.207 0.240
0.207 0.240
0.213 0.240
0.184 0.240
0.207 0.240
0.207 0.240
0.206 0.240
0.206 0.240
0.209 0.240
0.212 0.240
0.218 0.240
0.212 0.240
0.215 0.240
0.216 0.240
0.216 0.240
0.223 0.240
0.223 0.240
0.218 0.240
0.207 0.240
0.207 0.240
0.209 0.240
0.207 0.240
0.218 0.240
0.226 0.240
0.226 0.240
0.206 0.240
0.221 0.240
0.229 0.240
0.229 0.240
0.213 0.240
0.213 0.240
0.228 0.240
0.228 0.240
* 0.267 0.240
0.269 0.240
0.277 0.240
0.285 0.240
0.285 0.240
0.306 0.240
0.306 0.240
0.271 0.240
0.271 0.240
0.201 0.240
0.245 0.240
0.269 0.240
0.271 0.240
0.271 0.240
0.266 0.240
0.278 0.240
0.275 0.240
0.275 0.240
0.281 0.240
0.316 0.240
0.316 0.240
0.287 0.240
0.232 0.240
0.256 0.240
0.256 0.240
0.276 0.240
0.276 0.240
0.288 0.240
0.258 0.240
0.248 0.240
0.223 0.240
0.223 0.240
0.213 0.240
0.204 0.240
0.238 0.240
0.238 0.240
* 0.283 0.240
0.270 0.240
0.270 0.240
0.296 0.240
0.255 0.240
0.259 0.240
0.259 0.240
0.245 0.240
0.245 0.240
0.218 0.240
0.268 0.240
0.268 0.240
0.275 0.240
0.272 0.240
0.281 0.240
0.277 0.240
0.275 0.240
0.275 0.240
0.305 0.240
0.314 0.240
0.245 0.240
0.206 0.240
0.206 0.240
0.204 0.240
0.204 0.240
* 0.269 0.240
0.269 0.240
0.286 0.240
0.296 0.240
0.296 0.240
0.278 0.240
0.278 0.240
0.294 0.240
0.314 0.240
0.314 0.240
0.314 0.240
0.299 0.240
0.272 0.240
0.272 0.240
0.256 0.240
0.247 0.240
0.239 0.240
0.261 0.240
0.261 0.240
0.256 0.240
0.261 0.240
0.259 0.240
0.281 0.240
0.281 0.240
0.266 0.240
0.266 0.240
0.240 0.240
0.234 0.240
0.254 0.240
0.251 0.240
0.251 0.240
0.264 0.240
0.281 0.240
0.273 0.240
0.294 0.240
0.294 0.240
0.270 0.240
0.300 0.240
0.261 0.240
0.273 0.240
0.302 0.240
0.278 0.240
0.278 0.240
0.321 0.240
0.273 0.240
0.273 0.240
0.273 0.240
0.295 0.240
0.295 0.240
0.287 0.240
0.277 0.240
0.277 0.240
0.276 0.240
0.296 0.240
0.296 0.240
0.294 0.240
0.296 0.240
0.271 0.240
0.278 0.240
0.278 0.240
0.315 0.240
0.338 0.240
0.307 0.240
0.329 0.240
0.310 0.240
0.306 0.240
0.320 0.240
0.302 0.240
0.287 0.240
0.293 0.240
0.303 0.240
0.287 0.240
0.287 0.240
0.273 0.240
0.236 0.240
0.215 0.240
0.298 0.240
0.297 0.240
0.297 0.240
0.305 0.240
0.305 0.240
0.289 0.240
0.306 0.240
0.306 0.240
0.265 0.240
0.274 0.240
0.257 0.240
0.273 0.240
0.274 0.240
0.265 0.240
0.263 0.240
0.276 0.240
0.265 0.240
0.257 0.240
0.261 0.240
0.256 0.240
0.270 0.240
0.270 0.240
0.286 0.240
0.286 0.240
0.274 0.240
0.272 0.240
0.272 0.240
0.251 0.240
0.276 0.240
0.253 0.240
0.263 0.240
0.254 0.240
0.250 0.240
0.252 0.240
0.226 0.240
0.238 0.240
0.242 0.240
0.197 0.240
0.197 0.240
0.217 0.240
0.218 0.240
0.214 0.240
0.218 0.240
0.193 0.240
0.193 0.240
0.204 0.240
0.204 0.240
0.204 0.240
0.223 0.240
0.223 0.240
0.211 0.240
0.212 0.240
0.219 0.240
0.212 0.240
0.212 0.240
0.210 0.240
0.210 0.240
0.216 0.240
0.222 0.240
0.227 0.240
0.222 0.240
0.226 0.240
0.215 0.240
0.224 0.240
0.226 0.240
0.219 0.240
0.206 0.240
0.230 0.240
0.221 0.240
0.221 0.240
0.217 0.240
0.199 0.240
0.199 0.240
0.229 0.240
* 0.244 0.240
0.233 0.240
0.243 0.240
0.243 0.240
0.260 0.240
0.246 0.240
0.246 0.240
0.232 0.240
0.219 0.240
0.219 0.240
* 0.245 0.240
0.245 0.240
0.222 0.240
0.228 0.240
0.228 0.240
* 0.242 0.240
0.223 0.240
0.231 0.240
0.251 0.240
0.229 0.240
0.235 0.240
0.247 0.240
0.247 0.240
0.247 0.240
0.246 0.240
0.246 0.240
0.205 0.240
0.232 0.240
0.246 0.240
0.225 0.240
0.222 0.240
0.256 0.240
0.242 0.240
0.216 0.240
0.223 0.240
0.223 0.240
0.227 0.240
0.227 0.240
* 0.249 0.240
0.249 0.240
0.249 0.240
0.243 0.240
0.244 0.240
0.244 0.240
0.262 0.240
0.254 0.240
0.224 0.240
0.239 0.240
0.239 0.240
0.194 0.240
* 0.258 0.240
0.258 0.240
0.261 0.240
0.237 0.240
0.237 0.240
0.281 0.240
0.271 0.240
0.268 0.240
0.238 0.240
0.202 0.240
0.237 0.240
* 0.306 0.240
0.306 0.240
0.302 0.240
0.302 0.240
0.286 0.240
0.279 0.240
0.279 0.240
0.245 0.240
0.245 0.240
0.282 0.240
0.279 0.240
0.258 0.240
0.253 0.240
0.204 0.240
0.204 0.240
0.315 0.240
0.315 0.240
0.320 0.240
0.299 0.240
0.299 0.240
0.300 0.240
0.295 0.240
0.295 0.240
0.280 0.240
0.307 0.240
0.317 0.240
0.311 0.240
0.299 0.240
0.287 0.240
0.287 0.240
0.305 0.240
0.305 0.240
0.333 0.240
0.293 0.240
0.293 0.240
0.308 0.240
0.308 0.240
0.303 0.240
0.352 0.240
0.277 0.240
0.290 0.240
0.341 0.240
0.341 0.240
0.338 0.240
0.310 0.240
0.323 0.240
0.320 0.240
0.317 0.240
0.342 0.240
0.272 0.240
0.272 0.240
0.295 0.240
0.297 0.240
0.295 0.240
0.295 0.240
0.293 0.240
0.293 0.240
0.290 0.240
0.275 0.240
0.254 0.240
0.294 0.240
0.264 0.240
0.264 0.240
0.277 0.240
0.277 0.240
0.256 0.240
0.258 0.240
0.258 0.240
0.251 0.240
0.276 0.240
0.282 0.240
0.293 0.240
0.293 0.240
0.297 0.240
0.305 0.240
0.332 0.240
0.332 0.240
0.317 0.240
0.293 0.240
0.293 0.240
0.244 0.240
0.314 0.240
0.294 0.240
0.294 0.240
0.297 0.240
0.297 0.240
0.311 0.240
0.290 0.240
0.310 0.240
0.317 0.240
0.309 0.240
0.309 0.240
0.301 0.240
0.301 0.240
0.335 0.240
0.318 0.240
0.318 0.240
0.298 0.240
0.296 0.240
0.279 0.240
0.281 0.240
0.281 0.240
0.290 0.240
0.290 0.240
0.274 0.240
0.280 0.240
0.286 0.240
0.251 0.240
0.266 0.240
0.266 0.240
0.279 0.240
0.261 0.240
0.276 0.240
0.279 0.240
0.295 0.240
0.295 0.240
0.292 0.240
0.292 0.240
0.306 0.240
0.300 0.240
0.298 0.240
0.298 0.240
0.276 0.240
0.301 0.240
0.283 0.240
0.292 0.240
0.327 0.240
0.314 0.240
0.318 0.240
0.318 0.240
0.308 0.240
0.291 0.240
0.307 0.240
0.297 0.240
0.315 0.240
0.278 0.240
0.287 0.240
0.263 0.240
0.270 0.240
0.291 0.240
0.288 0.240
0.288 0.240
0.287 0.240
0.267 0.240
0.238 0.240
0.281 0.240
0.291 0.240
0.316 0.240
0.302 0.240
0.302 0.240
0.311 0.240
0.325 0.240
0.325 0.240
0.294 0.240
0.291 0.240
0.291 0.240
0.313 0.240
0.297 0.240
0.299 0.240
0.298 0.240
0.298 0.240
0.286 0.240
0.309 0.240
0.277 0.240
0.306 0.240
0.281 0.240
0.281 0.240
0.306 0.240
0.306 0.240
0.302 0.240
0.291 0.240
0.291 0.240
0.284 0.240
0.284 0.240
0.276 0.240
0.276 0.240
0.276 0.240
0.292 0.240
0.291 0.240
0.291 0.240
0.292 0.240
0.292 0.240
0.295 0.240
0.295 0.240
0.292 0.240
0.293 0.240
0.299 0.240
0.289 0.240
0.286 0.240
0.301 0.240
0.279 0.240
0.287 0.240
0.289 0.240
0.259 0.240
0.246 0.240
0.256 0.240
0.258 0.240
0.258 0.240
0.269 0.240
0.269 0.240
0.267 0.240
0.281 0.240
0.281 0.240
0.264 0.240
0.271 0.240
0.271 0.240
0.287 0.240
0.271 0.240
0.271 0.240
0.261 0.240
0.290 0.240
0.290 0.240
0.268 0.240
0.276 0.240
0.276 0.240
0.257 0.240
0.257 0.240
0.274 0.240
0.250 0.240
0.250 0.240
0.275 0.240
0.290 0.240
0.290 0.240
0.274 0.240
0.260 0.240
0.277 0.240
0.240 0.240
0.248 0.240
0.248 0.240
0.282 0.240
0.279 0.240
0.279 0.240
0.261 0.240
0.251 0.240
0.251 0.240
0.301 0.240
0.301 0.240
0.263 0.240
0.273 0.240
0.256 0.240
0.267 0.240
0.267 0.240
0.269 0.240
0.258 0.240
0.258 0.240
0.271 0.240
0.271 0.240
0.271 0.240
0.298 0.240
0.279 0.240
0.294 0.240
0.302 0.240
0.286 0.240
0.281 0.240
0.278 0.240
0.267 0.240
0.274 0.240
0.276 0.240
0.292 0.240
0.292 0.240
0.302 0.240
0.267 0.240
0.279 0.240
0.263 0.240
0.266 0.240
0.266 0.240
0.304 0.240
0.304 0.240
0.279 0.240
0.303 0.240
0.302 0.240
0.284 0.240
0.194 0.240
0.194 0.240
0.259 0.240
0.304 0.240
0.304 0.240
0.328 0.240
0.324 0.240
0.311 0.240
0.306 0.240
0.306 0.240
0.293 0.240
0.293 0.240
0.316 0.240
0.282 0.240
0.282 0.240
0.295 0.240
0.317 0.240
0.314 0.240
0.272 0.240
0.272 0.240
0.284 0.240
0.297 0.240
0.315 0.240
0.279 0.240
0.291 0.240
0.291 0.240
0.296 0.240
0.296 0.240
0.309 0.240
0.318 0.240
0.301 0.240
0.281 0.240
0.293 0.240
0.193 0.240
0.193 0.240
0.266 0.240
0.266 0.240
0.355 0.240
0.292 0.240
0.292 0.240
0.294 0.240
0.278 0.240
0.278 0.240
0.299 0.240
0.299 0.240
0.324 0.240
0.286 0.240
0.286 0.240
0.253 0.240
0.300 0.240
0.300 0.240
0.232 0.240
0.340 0.240
0.328 0.240
0.268 0.240
0.268 0.240
0.266 0.240
0.293 0.240
0.293 0.240
0.298 0.240
0.283 0.240
0.298 0.240
0.283 0.240
0.280 0.240
0.281 0.240
0.265 0.240
0.265 0.240
0.330 0.240
0.356 0.240
0.356 0.240
0.312 0.240
0.312 0.240
0.306 0.240
0.314 0.240
0.310 0.240
0.295 0.240
0.304 0.240
0.304 0.240
0.276 0.240
0.287 0.240
0.309 0.240
0.304 0.240
0.221 0.240
0.226 0.240
0.259 0.240
0.283 0.240
0.224 0.240
0.233 0.240
0.237 0.240
* 0.278 0.240
0.278 0.240
0.248 0.240
0.256 0.240
0.256 0.240
0.240 0.240
0.240 0.240
0.261 0.240
0.276 0.240
0.338 0.240
0.338 0.240
0.339 0.240
0.339 0.240
0.335 0.240
0.323 0.240
0.323 0.240
0.306 0.240
0.334 0.240
0.309 0.240
0.329 0.240
0.340 0.240
0.340 0.240
0.320 0.240
0.316 0.240
0.316 0.240
0.302 0.240
0.302 0.240
0.309 0.240
0.327 0.240
0.342 0.240
0.307 0.240
0.308 0.240
0.295 0.240
0.294 0.240
0.313 0.240
0.331 0.240
0.305 0.240
0.326 0.240
0.317 0.240
0.335 0.240
0.301 0.240
0.232 0.240
0.219 0.240
0.245 0.240
0.232 0.240
0.283 0.240
0.283 0.240
0.272 0.240
0.272 0.240
0.277 0.240
0.277 0.240
0.310 0.240
0.332 0.240
0.278 0.240
0.269 0.240
0.282 0.240
0.240 0.240
0.262 0.240
0.283 0.240
0.283 0.240
0.193 0.240
0.239 0.240
0.280 0.240
0.257 0.240
0.256 0.240
0.272 0.240
0.273 0.240
0.258 0.240
0.246 0.240
0.281 0.240
0.283 0.240
0.262 0.240
0.262 0.240
0.241 0.240
0.269 0.240
0.269 0.240
0.299 0.240
0.268 0.240
0.293 0.240
0.289 0.240
0.289 0.240
0.294 0.240
0.260 0.240
0.260 0.240
0.255 0.240
0.238 0.240
0.238 0.240
0.293 0.240
0.246 0.240
0.246 0.240
0.225 0.240
0.221 0.240
0.262 0.240
0.280 0.240
0.285 0.240
0.285 0.240
0.300 0.240
0.338 0.240
0.309 0.240
0.309 0.240
0.258 0.240
0.283 0.240
0.277 0.240
0.278 0.240
0.350 0.240
0.350 0.240
0.296 0.240
0.303 0.240
0.305 0.240
0.305 0.240
0.266 0.240
0.312 0.240
0.300 0.240
0.311 0.240
0.311 0.240
0.304 0.240
0.283 0.240
0.297 0.240
0.275 0.240
0.289 0.240
0.266 0.240
0.280 0.240
0.284 0.240
0.284 0.240
0.280 0.240
0.281 0.240
0.281 0.240
0.266 0.240
0.291 0.240
0.294 0.240
0.274 0.240
0.274 0.240
0.281 0.240
0.280 0.240
0.276 0.240
0.301 0.240
0.301 0.240
0.300 0.240
0.277 0.240
0.279 0.240
0.279 0.240
0.259 0.240
0.279 0.240
0.279 0.240
0.298 0.240
0.271 0.240
0.271 0.240
0.273 0.240
0.273 0.240
0.303 0.240
0.280 0.240
0.306 0.240
0.311 0.240
0.317 0.240
0.319 0.240
0.326 0.240
0.326 0.240
0.326 0.240
0.332 0.240
0.313 0.240
0.307 0.240
0.225 0.240
0.278 0.240
0.278 0.240
0.288 0.240
0.288 0.240
0.324 0.240
0.321 0.240
0.321 0.240
0.309 0.240
0.307 0.240
0.307 0.240
0.312 0.240
0.300 0.240
0.300 0.240
0.300 0.240
0.300 0.240
0.310 0.240
0.286 0.240
0.282 0.240
0.188 0.240
0.202 0.240
0.228 0.240
* 0.267 0.240
0.267 0.240
0.291 0.240
0.293 0.240
0.314 0.240
0.324 0.240
0.302 0.240
0.284 0.240
0.287 0.240
0.219 0.240
0.245 0.240
0.297 0.240
0.297 0.240
0.307 0.240
0.307 0.240
0.297 0.240
0.279 0.240
0.279 0.240
0.306 0.240
0.291 0.240
0.277 0.240
0.287 0.240
0.293 0.240
0.293 0.240
0.285 0.240
0.282 0.240
0.277 0.240
0.277 0.240
0.277 0.240
0.304 0.240
0.304 0.240
0.273 0.240
0.270 0.240
0.270 0.240
0.243 0.240
0.243 0.240
0.235 0.240
0.257 0.240
0.293 0.240
0.319 0.240
0.319 0.240
0.317 0.240
0.288 0.240
0.288 0.240
0.303 0.240
0.297 0.240
0.287 0.240
0.290 0.240
0.290 0.240
0.301 0.240
0.301 0.240
0.301 0.240
0.279 0.240
0.279 0.240
0.288 0.240
0.278 0.240
0.278 0.240
0.256 0.240
0.256 0.240
0.261 0.240
0.271 0.240
0.271 0.240
0.269 0.240
0.282 0.240
0.291 0.240
0.296 0.240
0.296 0.240
0.314 0.240
0.283 0.240
0.285 0.240
0.282 0.240
0.282 0.240
0.280 0.240
0.280 0.240
0.311 0.240
0.288 0.240
0.310 0.240
0.295 0.240
0.248 0.240
0.235 0.240
0.267 0.240
0.267 0.240
0.304 0.240
0.300 0.240
0.325 0.240
0.319 0.240
0.319 0.240
0.334 0.240
0.334 0.240
0.302 0.240
0.297 0.240
0.297 0.240
0.301 0.240
0.329 0.240
0.304 0.240
0.292 0.240
0.272 0.240
0.272 0.240
0.301 0.240
0.306 0.240
0.322 0.240
0.322 0.240
0.309 0.240
0.304 0.240
0.304 0.240
0.292 0.240
0.292 0.240
0.285 0.240
0.269 0.240
0.306 0.240
0.292 0.240
0.284 0.240
0.284 0.240
0.256 0.240
0.298 0.240
0.298 0.240
0.303 0.240
0.300 0.240
0.327 0.240
0.327 0.240
0.327 0.240
0.327 0.240
0.279 0.240
0.277 0.240
0.272 0.240
0.251 0.240
0.259 0.240
0.259 0.240
0.297 0.240
0.268 0.240
0.303 0.240
0.312 0.240
0.322 0.240
0.295 0.240
0.295 0.240
0.340 0.240
0.340 0.240
0.319 0.240
0.274 0.240
0.285 0.240
0.306 0.240
0.310 0.240
0.310 0.240
0.312 0.240
0.312 0.240
0.318 0.240
0.320 0.240
0.304 0.240
0.320 0.240
0.320 0.240
0.320 0.240
0.296 0.240
0.296 0.240
0.283 0.240
0.285 0.240
0.285 0.240
0.279 0.240
0.298 0.240
0.317 0.240
0.329 0.240
0.329 0.240
0.300 0.240
0.306 0.240
0.333 0.240
0.336 0.240
0.336 0.240
0.312 0.240
0.312 0.240
0.298 0.240
0.314 0.240
0.314 0.240
0.304 0.240
0.256 0.240
0.296 0.240
0.273 0.240
0.273 0.240
0.313 0.240
0.290 0.240
0.295 0.240
0.290 0.240
0.290 0.240
0.267 0.240
0.267 0.240
0.280 0.240
0.280 0.240
0.269 0.240
0.269 0.240
0.264 0.240
0.268 0.240
0.268 0.240
0.242 0.240
0.272 0.240
0.248 0.240
0.276 0.240
0.280 0.240
0.297 0.240
0.297 0.240
0.269 0.240
0.253 0.240
0.300 0.240
0.269 0.240
0.269 0.240
0.270 0.240
0.256 0.240
0.264 0.240
0.280 0.240
0.241 0.240
0.276 0.240
0.276 0.240
0.301 0.240
0.303 0.240
0.287 0.240
0.296 0.240
0.296 0.240
0.310 0.240
0.310 0.240
0.303 0.240
0.303 0.240
0.341 0.240
0.343 0.240
0.351 0.240
0.317 0.240
0.317 0.240
0.331 0.240
0.331 0.240
0.336 0.240
0.336 0.240
0.317 0.240
0.334 0.240
0.334 0.240
0.355 0.240
0.355 0.240
0.330 0.240
0.339 0.240
0.347 0.240
0.349 0.240
0.349 0.240
0.326 0.240
0.326 0.240
0.311 0.240
0.311 0.240
0.334 0.240
0.334 0.240
0.328 0.240
0.301 0.240
0.309 0.240
0.329 0.240
0.338 0.240
0.338 0.240
0.348 0.240
0.348 0.240
0.295 0.240
0.319 0.240
0.322 0.240
0.304 0.240
0.304 0.240
0.319 0.240
0.319 0.240
0.324 0.240
0.321 0.240
0.321 0.240
0.322 0.240
0.328 0.240
0.329 0.240
0.306 0.240
0.306 0.240
0.316 0.240
0.315 0.240
0.315 0.240
0.330 0.240
0.330 0.240
0.322 0.240
0.322 0.240
0.338 0.240
0.321 0.240
0.321 0.240
0.356 0.240
0.339 0.240
0.318 0.240
0.318 0.240
0.164 0.240
0.181 0.240
0.215 0.240
* 0.257 0.240
0.257 0.240
0.237 0.240
0.237 0.240
0.247 0.240
0.247 0.240
0.220 0.240
0.215 0.240
0.204 0.240
0.186 0.240
0.186 0.240
0.212 0.240
0.171 0.240
0.170 0.240
0.170 0.240
0.154 0.240
0.175 0.240
0.175 0.240
0.207 0.240
0.207 0.240
0.185 0.240
0.185 0.240
0.156 0.240
0.156 0.240
0.169 0.240
0.188 0.240
0.199 0.240
0.203 0.240
0.203 0.240
0.199 0.240
0.199 0.240
0.201 0.240
0.201 0.240
* 0.253 0.240
0.138 0.240
0.113 0.240
0.209 0.240
0.209 0.240
* 0.253 0.240
0.213 0.240
0.213 0.240
0.213 0.240
0.158 0.240
0.230 0.240
0.230 0.240
* 0.261 0.240
0.261 0.240
0.286 0.240
0.286 0.240
0.316 0.240
0.303 0.240
0.303 0.240
0.288 0.240
0.288 0.240
0.290 0.240
0.266 0.240
0.266 0.240
0.274 0.240
0.289 0.240
0.297 0.240
0.290 0.240
0.287 0.240
0.283 0.240
0.288 0.240
0.267 0.240
0.261 0.240
0.250 0.240
0.250 0.240
0.257 0.240
0.267 0.240
0.175 0.240
0.193 0.240
0.193 0.240
0.208 0.240
* 0.245 0.240
0.273 0.240
0.273 0.240
0.279 0.240
0.279 0.240
0.247 0.240
0.272 0.240
0.272 0.240
0.257 0.240
0.267 0.240
0.277 0.240
0.277 0.240
0.157 0.240
0.240 0.240
0.219 0.240
* 0.246 0.240
0.246 0.240
0.243 0.240
0.261 0.240
0.261 0.240
0.261 0.240
0.270 0.240
0.281 0.240
0.262 0.240
0.288 0.240
0.288 0.240
0.245 0.240
0.245 0.240
0.264 0.240
0.264 0.240
0.296 0.240
0.300 0.240
0.278 0.240
0.288 0.240
0.275 0.240
0.328 0.240
0.322 0.240
0.309 0.240
0.327 0.240
0.292 0.240
0.288 0.240
0.288 0.240
0.287 0.240
0.294 0.240
0.259 0.240
0.257 0.240
0.257 0.240
0.269 0.240
0.269 0.240
0.254 0.240
0.254 0.240
0.289 0.240
0.289 0.240
0.282 0.240
0.288 0.240
0.305 0.240
0.289 0.240
0.297 0.240
0.309 0.240
0.301 0.240
0.281 0.240
0.281 0.240
0.309 0.240
0.326 0.240
0.291 0.240
0.295 0.240
0.321 0.240
0.321 0.240
0.308 0.240
0.308 0.240
0.324 0.240
0.282 0.240
0.262 0.240
0.256 0.240
0.256 0.240
0.274 0.240
0.264 0.240
0.264 0.240
0.271 0.240
0.271 0.240
0.270 0.240
0.273 0.240
0.261 0.240
0.304 0.240
0.331 0.240
0.312 0.240
0.312 0.240
0.293 0.240
0.300 0.240
0.208 0.240
0.233 0.240
0.233 0.240
* 0.256 0.240
0.271 0.240
0.283 0.240
0.260 0.240
0.287 0.240
0.287 0.240
0.287 0.240
0.267 0.240
0.267 0.240
0.296 0.240
0.291 0.240
0.291 0.240
0.273 0.240
0.302 0.240
0.281 0.240
0.269 0.240
0.279 0.240
0.296 0.240
0.292 0.240
0.263 0.240
0.284 0.240
0.271 0.240
0.271 0.240
0.257 0.240
0.257 0.240
0.299 0.240
0.273 0.240
0.259 0.240
0.280 0.240
0.253 0.240
0.253 0.240
0.269 0.240
0.269 0.240
0.271 0.240
0.259 0.240
0.259 0.240
0.274 0.240
0.266 0.240
0.262 0.240
0.248 0.240
0.245 0.240
0.242 0.240
0.261 0.240
0.261 0.240
0.178 0.240
0.185 0.240
0.185 0.240
* 0.291 0.240
0.299 0.240
0.287 0.240
0.277 0.240
0.303 0.240
0.279 0.240
0.288 0.240
0.279 0.240
0.275 0.240
0.273 0.240
0.237 0.240
0.245 0.240
0.249 0.240
0.261 0.240
0.261 0.240
0.293 0.240
0.275 0.240
0.275 0.240
0.271 0.240
0.277 0.240
0.274 0.240
0.249 0.240
0.257 0.240
0.213 0.240
0.239 0.240
0.267 0.240
0.271 0.240
0.282 0.240
0.282 0.240
0.262 0.240
0.257 0.240
0.285 0.240
0.285 0.240
0.289 0.240
0.259 0.240
0.259 0.240
0.271 0.240
0.268 0.240
0.245 0.240
0.257 0.240
0.283 0.240
0.291 0.240
0.275 0.240
0.254 0.240
0.254 0.240
0.253 0.240
0.261 0.240
0.261 0.240
0.256 0.240
0.253 0.240
0.253 0.240
0.290 0.240
0.282 0.240
0.299 0.240
0.301 0.240
0.298 0.240
0.315 0.240
0.288 0.240
0.288 0.240
0.295 0.240
0.291 0.240
0.298 0.240
0.324 0.240
0.324 0.240
0.318 0.240
0.306 0.240
0.288 0.240
0.299 0.240
0.301 0.240
0.301 0.240
0.324 0.240
0.324 0.240
0.286 0.240
0.281 0.240
0.281 0.240
0.273 0.240
0.300 0.240
0.324 0.240
0.313 0.240
0.307 0.240
0.287 0.240
0.304 0.240
0.290 0.240
0.279 0.240
0.263 0.240
0.264 0.240
0.264 0.240
0.278 0.240
0.255 0.240
0.255 0.240
0.272 0.240
0.272 0.240
0.282 0.240
0.293 0.240
0.293 0.240
0.294 0.240
0.322 0.240
0.293 0.240
0.297 0.240
0.289 0.240
0.302 0.240
0.292 0.240
0.308 0.240
0.290 0.240
0.294 0.240
0.294 0.240
0.286 0.240
0.286 0.240
0.208 0.240
0.287 0.240
0.286 0.240
0.295 0.240
0.280 0.240
0.287 0.240
0.301 0.240
0.296 0.240
0.296 0.240
0.329 0.240
0.323 0.240
0.312 0.240
0.324 0.240
0.298 0.240
0.298 0.240
0.321 0.240
0.321 0.240
0.312 0.240
0.317 0.240
0.317 0.240
0.302 0.240
0.305 0.240
0.305 0.240
0.322 0.240
0.322 0.240
0.294 0.240
0.295 0.240
0.295 0.240
0.209 0.240
0.256 0.240
0.256 0.240
0.298 0.240
0.299 0.240
0.294 0.240
0.302 0.240
0.302 0.240
0.307 0.240
0.314 0.240
0.314 0.240
0.309 0.240
0.315 0.240
0.315 0.240
0.285 0.240
0.285 0.240
0.296 0.240
0.287 0.240
0.275 0.240
0.276 0.240
0.275 0.240
0.309 0.240
0.304 0.240
0.302 0.240
0.302 0.240
0.308 0.240
0.303 0.240
0.301 0.240
0.326 0.240
0.316 0.240
0.316 0.240
0.312 0.240
0.306 0.240
0.306 0.240
0.338 0.240
0.329 0.240
0.299 0.240
0.294 0.240
0.327 0.240
0.320 0.240
0.312 0.240
0.312 0.240
0.314 0.240
0.316 0.240
0.348 0.240
0.334 0.240
0.299 0.240
0.340 0.240
0.339 0.240
0.339 0.240
0.303 0.240
0.303 0.240
0.350 0.240
0.315 0.240
0.328 0.240
0.346 0.240
0.293 0.240
0.293 0.240
0.310 0.240
0.310 0.240
0.330 0.240
0.277 0.240
0.277 0.240
0.289 0.240
0.269 0.240
0.269 0.240
0.241 0.240
0.247 0.240
0.242 0.240
0.242 0.240
0.258 0.240
0.246 0.240
0.246 0.240
0.260 0.240
0.260 0.240
0.246 0.240
0.257 0.240
0.247 0.240
0.247 0.240
0.261 0.240
0.249 0.240
0.258 0.240
0.258 0.240
0.238 0.240
0.249 0.240
0.264 0.240
0.258 0.240
0.257 0.240
0.236 0.240
0.227 0.240
0.227 0.240
0.238 0.240
0.234 0.240
0.234 0.240
* 0.244 0.240
0.236 0.240
0.236 0.240
0.260 0.240
0.260 0.240
0.255 0.240
0.282 0.240
0.282 0.240
0.250 0.240
0.263 0.240
0.263 0.240
0.266 0.240
0.243 0.240
0.255 0.240
0.241 0.240
0.241 0.240
0.247 0.240
0.281 0.240
0.281 0.240
0.298 0.240
0.266 0.240
0.266 0.240
0.260 0.240
0.288 0.240
0.280 0.240
0.293 0.240
0.293 0.240
0.250 0.240
0.250 0.240
0.275 0.240
0.267 0.240
0.267 0.240
0.267 0.240
0.267 0.240
0.268 0.240
0.264 0.240
0.264 0.240
0.199 0.240
0.307 0.240
0.307 0.240
0.297 0.240
0.283 0.240
0.302 0.240
0.226 0.240
0.238 0.240
0.254 0.240
0.297 0.240
0.297 0.240
0.294 0.240
0.292 0.240
0.292 0.240
0.271 0.240
0.271 0.240
0.278 0.240
0.263 0.240
0.263 0.240
0.297 0.240
0.283 0.240
0.302 0.240
0.285 0.240
0.306 0.240
0.285 0.240
0.296 0.240
0.284 0.240
0.270 0.240
0.271 0.240
0.267 0.240
0.250 0.240
0.250 0.240
0.266 0.240
0.266 0.240
0.256 0.240
0.242 0.240
0.275 0.240
0.269 0.240
0.262 0.240
0.262 0.240
0.261 0.240
0.273 0.240
0.273 0.240
0.267 0.240
0.305 0.240
0.304 0.240
0.289 0.240
0.279 0.240
0.287 0.240
0.275 0.240
0.275 0.240
0.293 0.240
0.275 0.240
0.275 0.240
0.294 0.240
0.271 0.240
0.288 0.240
0.288 0.240
0.207 0.240
0.258 0.240
0.318 0.240
0.296 0.240
0.273 0.240
0.269 0.240
0.280 0.240
0.281 0.240
0.298 0.240
0.274 0.240
0.274 0.240
0.263 0.240
0.227 0.240
0.229 0.240
0.243 0.240
0.241 0.240
0.259 0.240
0.254 0.240
0.225 0.240
0.213 0.240
0.221 0.240
* 0.259 0.240
0.255 0.240
0.254 0.240
0.254 0.240
0.244 0.240
0.264 0.240
0.264 0.240
0.246 0.240
0.276 0.240
0.276 0.240
0.206 0.240
0.234 0.240
0.242 0.240
0.265 0.240
0.223 0.240
0.245 0.240
0.250 0.240
0.256 0.240
0.265 0.240
0.261 0.240
0.261 0.240
0.234 0.240
0.220 0.240
0.259 0.240
0.234 0.240
0.234 0.240
0.245 0.240
0.239 0.240
0.249 0.240
0.270 0.240
0.247 0.240
0.247 0.240
0.306 0.240
0.306 0.240
0.259 0.240
0.262 0.240
0.246 0.240
0.263 0.240
0.286 0.240
0.275 0.240
0.278 0.240
0.289 0.240
0.299 0.240
0.305 0.240
0.272 0.240
0.295 0.240
0.289 0.240
0.276 0.240
0.276 0.240
0.284 0.240
0.280 0.240
0.280 0.240
0.295 0.240
0.295 0.240
0.257 0.240
0.265 0.240
0.247 0.240
0.251 0.240
0.254 0.240
0.209 0.240
0.214 0.240
0.261 0.240
0.272 0.240
0.239 0.240
0.239 0.240
0.255 0.240
0.255 0.240
0.271 0.240
0.284 0.240
0.284 0.240
0.273 0.240
0.287 0.240
0.303 0.240
0.303 0.240
0.291 0.240
0.290 0.240
0.273 0.240
0.273 0.240
0.273 0.240
0.256 0.240
0.268 0.240
0.268 0.240
0.274 0.240
0.270 0.240
0.270 0.240
0.241 0.240
0.241 0.240
0.257 0.240
0.292 0.240
0.292 0.240
0.293 0.240
0.287 0.240
0.279 0.240
0.262 0.240
0.257 0.240
0.285 0.240
0.200 0.240
0.226 0.240
0.253 0.240
0.261 0.240
0.261 0.240
0.269 0.240
0.274 0.240
0.246 0.240
0.253 0.240
0.253 0.240
0.302 0.240
0.291 0.240
0.279 0.240
0.279 0.240
0.305 0.240
0.246 0.240
0.262 0.240
0.293 0.240
0.222 0.240
0.270 0.240
0.285 0.240
0.308 0.240
0.284 0.240
0.312 0.240
0.304 0.240
0.304 0.240
0.298 0.240
0.322 0.240
0.322 0.240
0.307 0.240
0.321 0.240
0.325 0.240
0.302 0.240
0.307 0.240
0.301 0.240
0.294 0.240
0.294 0.240
0.267 0.240
0.253 0.240
0.253 0.240
0.214 0.240
0.211 0.240
0.193 0.240
* 0.248 0.240
0.273 0.240
0.255 0.240
0.266 0.240
0.266 0.240
0.270 0.240
0.254 0.240
0.250 0.240
0.196 0.240
0.197 0.240
0.240 0.240
0.230 0.240
0.251 0.240
0.251 0.240
0.261 0.240
0.250 0.240
0.250 0.240
0.281 0.240
0.281 0.240
0.282 0.240
0.294 0.240
0.294 0.240
0.302 0.240
0.269 0.240
0.269 0.240
0.267 0.240
0.270 0.240
0.279 0.240
0.262 0.240
0.259 0.240
0.259 0.240
0.284 0.240
0.303 0.240
0.269 0.240
0.245 0.240
0.270 0.240
0.270 0.240
0.260 0.240
0.260 0.240
0.251 0.240
0.262 0.240
0.262 0.240
0.271 0.240
0.251 0.240
0.277 0.240
0.283 0.240
0.270 0.240
0.278 0.240
0.273 0.240
0.285 0.240
0.290 0.240
0.257 0.240
0.257 0.240
0.274 0.240
0.221 0.240
0.221 0.240
0.233 0.240
0.233 0.240
* 0.272 0.240
0.254 0.240
0.254 0.240
0.287 0.240
0.246 0.240
0.238 0.240
0.254 0.240
0.251 0.240
0.268 0.240
0.279 0.240
0.265 0.240
0.265 0.240
0.273 0.240
0.289 0.240
0.289 0.240
0.248 0.240
0.198 0.240
0.198 0.240
0.213 0.240
0.213 0.240
* 0.248 0.240
0.279 0.240
0.279 0.240
0.199 0.240
0.199 0.240
0.272 0.240
0.266 0.240
0.265 0.240
0.252 0.240
0.272 0.240
0.246 0.240
0.245 0.240
0.245 0.240
0.241 0.240
0.240 0.240
0.234 0.240
0.246 0.240
0.241 0.240
0.278 0.240
0.256 0.240
0.256 0.240
0.272 0.240
0.272 0.240
0.262 0.240
0.276 0.240
0.276 0.240
0.267 0.240
0.256 0.240
0.278 0.240
0.285 0.240
0.278 0.240
0.278 0.240
0.267 0.240
0.273 0.240
0.298 0.240
0.278 0.240
0.289 0.240
0.289 0.240
0.267 0.240
0.267 0.240
0.278 0.240
0.262 0.240
0.262 0.240
0.245 0.240
0.250 0.240
0.245 0.240
0.266 0.240
0.272 0.240
0.272 0.240
0.238 0.240
0.238 0.240
0.242 0.240
0.256 0.240
0.256 0.240
0.273 0.240
0.278 0.240
0.281 0.240
0.281 0.240
0.261 0.240
0.261 0.240
0.251 0.240
0.173 0.240
0.228 0.240
0.219 0.240
* 0.245 0.240
0.245 0.240
0.227 0.240
0.211 0.240
0.211 0.240
0.230 0.240
0.237 0.240
* 0.252 0.240
0.260 0.240
0.284 0.240
0.268 0.240
0.230 0.240
0.257 0.240
0.246 0.240
0.257 0.240
0.257 0.240
0.258 0.240
0.262 0.240
0.262 0.240
0.274 0.240
0.265 0.240
0.265 0.240
0.252 0.240
0.286 0.240
0.259 0.240
0.287 0.240
0.282 0.240
0.283 0.240
0.303 0.240
0.303 0.240
0.293 0.240
0.299 0.240
0.303 0.240
0.308 0.240
0.282 0.240
0.255 0.240
0.269 0.240
0.322 0.240
0.281 0.240
0.281 0.240
0.307 0.240
0.306 0.240
0.306 0.240
0.194 0.240
0.193 0.240
0.190 0.240
0.222 0.240
0.222 0.240
0.190 0.240
0.190 0.240
0.177 0.240
0.182 0.240
0.190 0.240
0.192 0.240
* 0.254 0.240
0.254 0.240
0.282 0.240
0.292 0.240
0.293 0.240
0.317 0.240
0.302 0.240
0.291 0.240
0.291 0.240
0.269 0.240
0.269 0.240
0.282 0.240
0.297 0.240
0.297 0.240
0.290 0.240
0.228 0.240
0.228 0.240
0.181 0.240
0.181 0.240
* 0.245 0.240
0.239 0.240
0.245 0.240
0.260 0.240
0.260 0.240
0.259 0.240
0.259 0.240
0.274 0.240
0.289 0.240
0.289 0.240
0.280 0.240
0.277 0.240
0.276 0.240
0.276 0.240
0.264 0.240
0.288 0.240
0.292 0.240
0.279 0.240
0.280 0.240
0.273 0.240
0.275 0.240
0.276 0.240
0.292 0.240
0.292 0.240
0.214 0.240
0.207 0.240
0.216 0.240
* 0.254 0.240
0.302 0.240
0.303 0.240
0.274 0.240
0.274 0.240
0.303 0.240
0.303 0.240
0.292 0.240
0.281 0.240
0.271 0.240
0.301 0.240
0.304 0.240
0.301 0.240
0.300 0.240
0.275 0.240
0.273 0.240
0.293 0.240
0.310 0.240
0.310 0.240
0.294 0.240
0.274 0.240
0.304 0.240
0.290 0.240
0.255 0.240
0.255 0.240
0.279 0.240
0.290 0.240
0.290 0.240
0.225 0.240
0.224 0.240
0.224 0.240
0.204 0.240
* 0.278 0.240
0.278 0.240
0.287 0.240
0.287 0.240
0.294 0.240
0.288 0.240
0.274 0.240
0.268 0.240
0.280 0.240
0.230 0.240
0.259 0.240
0.242 0.240
0.242 0.240
0.256 0.240
0.256 0.240
0.280 0.240
0.276 0.240
0.276 0.240
0.275 0.240
0.291 0.240
0.317 0.240
0.284 0.240
0.288 0.240
0.298 0.240
0.317 0.240
0.317 0.240
0.295 0.240
0.286 0.240
0.291 0.240
0.277 0.240
0.277 0.240
0.292 0.240
0.295 0.240
0.314 0.240
0.321 0.240
0.283 0.240
0.283 0.240
0.280 0.240
0.280 0.240
0.229 0.240
0.210 0.240
0.210 0.240
0.222 0.240
* 0.258 0.240
0.222 0.240
0.262 0.240
0.303 0.240
0.303 0.240
0.285 0.240
0.285 0.240
0.270 0.240
0.303 0.240
0.303 0.240
0.334 0.240
0.282 0.240
0.282 0.240
0.328 0.240
0.328 0.240
0.285 0.240
0.266 0.240
0.277 0.240
0.253 0.240
0.253 0.240
0.253 0.240
0.237 0.240
0.248 0.240
0.246 0.240
0.269 0.240
0.289 0.240
0.289 0.240
0.315 0.240
0.315 0.240
0.294 0.240
0.271 0.240
0.276 0.240
0.294 0.240
0.262 0.240
0.262 0.240
0.282 0.240
0.282 0.240
0.306 0.240
0.328 0.240
0.306 0.240
0.270 0.240
0.270 0.240
0.286 0.240
0.310 0.240
0.306 0.240
0.289 0.240
0.299 0.240
0.297 0.240
0.300 0.240
0.292 0.240
0.307 0.240
0.307 0.240
0.277 0.240
0.255 0.240
0.251 0.240
0.251 0.240
0.251 0.240
0.262 0.240
0.280 0.240
0.287 0.240
0.283 0.240
0.283 0.240
0.313 0.240
0.299 0.240
0.277 0.240
0.297 0.240
0.302 0.240
0.302 0.240
0.283 0.240
0.283 0.240
0.294 0.240
0.291 0.240
0.283 0.240
0.291 0.240
0.301 0.240
0.282 0.240
0.254 0.240
0.254 0.240
0.280 0.240
0.280 0.240
0.302 0.240
0.297 0.240
0.297 0.240
0.300 0.240
0.300 0.240
0.277 0.240
0.288 0.240
0.288 0.240
0.287 0.240
0.290 0.240
0.290 0.240
0.295 0.240
0.295 0.240
0.296 0.240
0.304 0.240
0.286 0.240
0.285 0.240
0.285 0.240
0.273 0.240
0.273 0.240
0.300 0.240
0.328 0.240
0.298 0.240
0.299 0.240
0.299 0.240
0.326 0.240
0.326 0.240
0.314 0.240
0.301 0.240
0.313 0.240
0.308 0.240
0.312 0.240
0.312 0.240
0.292 0.240
0.292 0.240
0.334 0.240
0.298 0.240
0.298 0.240
0.299 0.240
0.299 0.240
0.296 0.240
0.274 0.240
0.274 0.240
0.313 0.240
0.286 0.240
0.289 0.240
0.299 0.240
0.299 0.240
0.248 0.240
0.203 0.240
0.203 0.240
0.234 0.240
* 0.259 0.240
0.268 0.240
0.271 0.240
0.262 0.240
0.234 0.240
0.258 0.240
0.242 0.240
0.223 0.240
0.243 0.240
0.293 0.240
0.301 0.240
0.301 0.240
0.278 0.240
0.305 0.240
0.315 0.240
0.284 0.240
0.284 0.240
0.290 0.240
0.297 0.240
0.297 0.240
0.303 0.240
0.303 0.240
0.317 0.240
0.300 0.240
0.300 0.240
0.271 0.240
0.271 0.240
0.279 0.240
0.316 0.240
0.311 0.240
0.296 0.240
0.296 0.240
0.325 0.240
0.325 0.240
0.326 0.240
0.325 0.240
0.325 0.240
0.323 0.240
0.288 0.240
0.288 0.240
0.295 0.240
0.295 0.240
0.325 0.240
0.312 0.240
0.312 0.240
0.202 0.240
0.234 0.240
0.224 0.240
* 0.248 0.240
0.272 0.240
0.264 0.240
0.274 0.240
0.285 0.240
0.296 0.240
0.296 0.240
0.284 0.240
0.260 0.240
0.316 0.240
0.316 0.240
0.280 0.240
0.295 0.240
0.295 0.240
0.293 0.240
0.263 0.240
0.263 0.240
0.297 0.240
0.287 0.240
0.285 0.240
0.289 0.240
0.262 0.240
0.303 0.240
0.307 0.240
0.307 0.240
0.286 0.240
0.279 0.240
0.282 0.240
0.255 0.240
0.243 0.240
0.282 0.240
0.296 0.240
0.296 0.240
0.282 0.240
0.249 0.240
0.249 0.240
0.222 0.240
0.226 0.240
0.226 0.240
0.220 0.240
* 0.303 0.240
0.303 0.240
0.234 0.240
0.234 0.240
0.234 0.240
0.215 0.240
0.226 0.240
0.226 0.240
* 0.277 0.240
0.277 0.240
0.281 0.240
0.213 0.240
0.211 0.240
0.203 0.240
* 0.245 0.240
0.263 0.240
0.238 0.240
0.257 0.240
0.254 0.240
0.212 0.240
0.205 0.240
0.213 0.240
* 0.245 0.240
0.206 0.240
0.221 0.240
0.213 0.240
* 0.244 0.240
0.226 0.240
0.226 0.240
0.251 0.240
0.264 0.240
0.264 0.240
0.280 0.240
0.280 0.240
0.257 0.240
0.288 0.240
0.280 0.240
0.280 0.240
0.280 0.240
0.280 0.240
0.250 0.240
0.262 0.240
0.262 0.240
0.274 0.240
0.275 0.240
0.273 0.240
0.273 0.240
0.324 0.240
0.324 0.240
0.269 0.240
0.277 0.240
0.268 0.240
0.279 0.240
0.235 0.240
0.234 0.240
0.275 0.240
0.271 0.240
0.299 0.240
0.269 0.240
0.269 0.240
0.265 0.240
0.265 0.240
0.276 0.240
0.263 0.240
0.269 0.240
0.286 0.240
0.286 0.240
0.249 0.240
0.234 0.240
0.234 0.240
0.249 0.240
0.251 0.240
0.239 0.240
0.285 0.240
0.285 0.240
0.274 0.240
0.285 0.240
0.246 0.240
0.266 0.240
0.280 0.240
0.294 0.240
0.286 0.240
0.273 0.240
0.288 0.240
0.275 0.240
0.269 0.240
0.278 0.240
0.311 0.240
0.322 0.240
0.286 0.240
0.286 0.240
0.291 0.240
0.283 0.240
0.290 0.240
0.292 0.240
0.292 0.240
0.286 0.240
0.286 0.240
0.219 0.240
0.261 0.240
0.261 0.240
0.270 0.240
0.270 0.240
0.265 0.240
0.280 0.240
0.291 0.240
0.264 0.240
0.255 0.240
0.279 0.240
0.272 0.240
0.272 0.240
0.268 0.240
0.292 0.240
0.279 0.240
0.283 0.240
0.277 0.240
0.295 0.240
0.267 0.240
0.279 0.240
0.284 0.240
0.284 0.240
0.284 0.240
0.275 0.240
0.291 0.240
0.284 0.240
0.284 0.240
0.279 0.240
0.279 0.240
0.264 0.240
0.268 0.240
0.251 0.240
0.251 0.240
0.285 0.240
0.292 0.240
0.288 0.240
0.288 0.240
0.290 0.240
0.300 0.240
0.226 0.240
0.219 0.240
0.244 0.240
0.289 0.240
0.258 0.240
0.258 0.240
0.253 0.240
0.243 0.240
0.214 0.240
0.244 0.240
0.262 0.240
0.235 0.240
0.263 0.240
0.290 0.240
0.228 0.240
0.258 0.240
0.247 0.240
0.248 0.240
0.248 0.240
0.223 0.240
0.226 0.240
0.226 0.240
0.231 0.240
0.207 0.240
0.216 0.240
0.224 0.240
0.207 0.240
0.207 0.240
0.221 0.240
* 0.241 0.240
0.272 0.240
0.303 0.240
0.303 0.240
0.291 0.240
0.287 0.240
0.287 0.240
0.218 0.240
0.218 0.240
0.214 0.240
* 0.251 0.240
0.270 0.240
0.258 0.240
0.267 0.240
0.267 0.240
0.218 0.240
0.206 0.240
0.206 0.240
0.236 0.240
* 0.250 0.240
0.253 0.240
0.253 0.240
0.253 0.240
0.265 0.240
0.265 0.240
0.247 0.240
0.274 0.240
0.274 0.240
0.277 0.240
0.255 0.240
0.255 0.240
0.282 0.240
0.277 0.240
0.277 0.240
0.263 0.240
0.263 0.240
0.263 0.240
0.275 0.240
0.250 0.240
0.253 0.240
0.278 0.240
0.283 0.240
0.250 0.240
0.264 0.240
0.258 0.240
0.258 0.240
0.267 0.240
0.287 0.240
0.270 0.240
0.270 0.240
0.280 0.240
0.260 0.240
0.274 0.240
0.274 0.240
0.271 0.240
0.271 0.240
0.250 0.240
0.253 0.240
0.247 0.240
0.257 0.240
0.263 0.240
0.263 0.240
0.293 0.240
0.293 0.240
0.284 0.240
0.283 0.240
0.256 0.240
0.248 0.240
0.248 0.240
0.263 0.240
0.263 0.240
0.271 0.240
0.288 0.240
0.288 0.240
0.268 0.240
0.268 0.240
0.274 0.240
0.243 0.240
0.275 0.240
0.261 0.240
0.261 0.240
0.230 0.240
0.196 0.240
0.200 0.240
0.200 0.240
* 0.248 0.240
0.248 0.240
0.264 0.240
0.264 0.240
0.260 0.240
0.258 0.240
0.282 0.240
0.266 0.240
0.266 0.240
0.247 0.240
0.247 0.240
0.254 0.240
0.256 0.240
0.256 0.240
0.279 0.240
0.248 0.240
0.270 0.240
0.270 0.240
0.239 0.240
0.239 0.240
0.251 0.240
0.267 0.240
0.228 0.240
0.228 0.240
0.222 0.240
* 0.243 0.240
0.272 0.240
0.278 0.240
0.278 0.240
0.275 0.240
0.253 0.240
0.220 0.240
0.245 0.240
0.258 0.240
0.233 0.240
0.233 0.240
0.279 0.240
0.279 0.240
0.266 0.240
0.266 0.240
0.226 0.240
0.231 0.240
0.231 0.240
0.219 0.240
0.219 0.240
* 0.242 0.240
0.242 0.240
0.247 0.240
0.273 0.240
0.274 0.240
0.241 0.240
0.255 0.240
0.241 0.240
0.249 0.240
0.252 0.240
0.242 0.240
0.251 0.240
0.247 0.240
0.247 0.240
0.253 0.240
0.253 0.240
0.267 0.240
0.267 0.240
0.253 0.240
0.254 0.240
0.251 0.240
0.277 0.240
0.277 0.240
0.245 0.240
0.233 0.240
0.233 0.240
0.266 0.240
0.323 0.240
0.282 0.240
0.264 0.240
0.264 0.240
0.267 0.240
0.271 0.240
0.256 0.240
0.263 0.240
0.340 0.240
0.383 0.240
0.383 0.240
0.196 0.240
0.196 0.240
0.215 0.240
0.233 0.240
* 0.241 0.240
0.217 0.240
0.254 0.240
0.240 0.240
0.284 0.240
0.284 0.240
0.271 0.240
0.280 0.240
0.279 0.240
0.249 0.240
0.262 0.240
0.262 0.240
0.223 0.240
0.220 0.240
0.236 0.240
0.204 0.240
0.193 0.240
* 0.242 0.240
0.242 0.240
0.259 0.240
0.259 0.240
0.242 0.240
0.250 0.240
0.260 0.240
0.260 0.240
0.265 0.240
0.265 0.240
0.262 0.240
0.272 0.240
0.238 0.240
0.238 0.240
0.257 0.240
0.257 0.240
0.265 0.240
0.237 0.240
0.279 0.240
0.279 0.240
0.259 0.240
0.259 0.240
0.256 0.240
0.271 0.240
0.271 0.240
0.271 0.240
0.274 0.240
0.260 0.240
0.260 0.240
0.259 0.240
0.280 0.240
0.280 0.240
0.265 0.240
0.257 0.240
0.268 0.240
0.268 0.240
0.265 0.240
0.269 0.240
0.269 0.240
0.262 0.240
0.280 0.240
0.280 0.240
0.291 0.240
0.292 0.240
0.292 0.240
0.262 0.240
0.273 0.240
0.273 0.240
0.282 0.240
0.282 0.240
0.291 0.240
0.297 0.240
0.297 0.240
0.274 0.240
0.269 0.240
0.269 0.240
0.274 0.240
0.286 0.240
0.286 0.240
0.274 0.240
0.276 0.240
0.276 0.240
0.265 0.240
0.276 0.240
0.267 0.240
0.267 0.240
0.267 0.240
0.275 0.240
0.275 0.240
0.273 0.240
0.280 0.240
0.280 0.240
0.282 0.240
0.285 0.240
0.285 0.240
0.284 0.240
0.266 0.240
0.266 0.240
0.276 0.240
0.265 0.240
0.265 0.240
0.243 0.240
0.200 0.240
0.286 0.240
0.286 0.240
0.253 0.240
0.281 0.240
0.281 0.240
0.266 0.240
0.273 0.240
0.273 0.240
0.253 0.240
0.276 0.240
0.276 0.240
0.282 0.240
0.272 0.240
0.272 0.240
0.287 0.240
0.288 0.240
0.288 0.240
0.283 0.240
0.197 0.240
0.197 0.240
0.241 0.240
0.247 0.240
0.247 0.240
0.268 0.240
0.294 0.240
0.294 0.240
0.291 0.240
0.269 0.240
0.269 0.240
0.269 0.240
0.272 0.240
0.272 0.240
0.279 0.240
0.301 0.240
0.301 0.240
0.194 0.240
0.185 0.240
0.185 0.240
0.235 0.240
* 0.260 0.240
0.260 0.240
0.264 0.240
0.254 0.240
0.254 0.240
0.279 0.240
0.257 0.240
0.257 0.240
0.293 0.240
0.263 0.240
0.263 0.240
0.266 0.240
0.283 0.240
0.283 0.240
0.267 0.240
0.275 0.240
0.286 0.240
0.286 0.240
0.289 0.240
0.289 0.240
0.286 0.240
0.272 0.240
0.272 0.240
0.272 0.240
0.288 0.240
0.288 0.240
0.278 0.240
0.270 0.240
0.279 0.240
0.279 0.240
0.286 0.240
0.279 0.240
0.279 0.240
0.273 0.240
0.226 0.240
0.295 0.240
0.295 0.240
0.266 0.240
0.265 0.240
0.265 0.240
0.279 0.240
0.214 0.240
0.214 0.240
0.214 0.240
* 0.255 0.240
0.255 0.240
0.263 0.240
0.284 0.240
0.284 0.240
0.286 0.240
0.232 0.240
0.232 0.240
0.268 0.240
0.266 0.240
0.266 0.240
0.245 0.240
0.266 0.240
0.266 0.240
0.276 0.240
0.269 0.240
0.285 0.240
0.285 0.240
0.263 0.240
0.237 0.240
0.237 0.240
0.192 0.240
0.192 0.240
* 0.251 0.240
0.270 0.240
0.292 0.240
0.292 0.240
0.285 0.240
0.285 0.240
0.298 0.240
0.263 0.240
0.267 0.240
0.267 0.240
0.279 0.240
0.282 0.240
0.282 0.240
0.279 0.240
0.289 0.240
0.289 0.240
0.271 0.240
0.250 0.240
0.250 0.240
0.242 0.240
0.270 0.240
0.270 0.240
0.274 0.240
0.266 0.240
0.266 0.240
0.263 0.240
0.261 0.240
0.261 0.240
0.266 0.240
0.273 0.240
0.273 0.240
0.289 0.240
0.237 0.240
0.212 0.240
0.208 0.240
0.229 0.240
0.229 0.240
* 0.266 0.240
0.253 0.240
0.250 0.240
0.250 0.240
0.256 0.240
0.263 0.240
0.258 0.240
0.258 0.240
0.276 0.240
0.258 0.240
0.258 0.240
0.269 0.240
0.268 0.240
0.268 0.240
0.258 0.240
0.248 0.240
0.248 0.240
0.271 0.240
0.304 0.240
0.302 0.240
0.321 0.240
0.300 0.240
0.300 0.240
0.313 0.240
0.309 0.240
0.321 0.240
0.274 0.240
0.302 0.240
0.302 0.240
0.257 0.240
0.285 0.240
0.283 0.240
0.299 0.240
0.279 0.240
0.279 0.240
0.280 0.240
0.280 0.240
0.283 0.240
0.263 0.240
0.263 0.240
0.283 0.240
0.235 0.240
0.235 0.240
0.193 0.240
* 0.260 0.240
0.286 0.240
0.286 0.240
0.291 0.240
0.291 0.240
0.261 0.240
0.260 0.240
0.288 0.240
0.288 0.240
0.260 0.240
0.260 0.240
0.266 0.240
0.260 0.240
0.254 0.240
0.279 0.240
0.231 0.240
0.231 0.240
0.254 0.240
0.232 0.240
0.298 0.240
0.248 0.240
0.283 0.240
0.283 0.240
0.247 0.240
0.260 0.240
0.247 0.240
0.257 0.240
0.282 0.240
0.282 0.240
0.263 0.240
0.257 0.240
0.267 0.240
0.267 0.240
0.257 0.240
0.254 0.240
0.254 0.240
0.275 0.240
0.250 0.240
0.234 0.240
0.209 0.240
0.209 0.240
* 0.251 0.240
0.254 0.240
0.247 0.240
0.244 0.240
0.264 0.240
0.264 0.240
0.276 0.240
0.267 0.240
0.269 0.240
0.258 0.240
0.250 0.240
0.250 0.240
0.282 0.240
0.273 0.240
0.273 0.240
0.248 0.240
0.253 0.240
0.253 0.240
0.256 0.240
0.266 0.240
0.289 0.240
0.278 0.240
0.261 0.240
0.261 0.240
0.283 0.240
0.265 0.240
0.264 0.240
0.254 0.240
0.253 0.240
0.253 0.240
0.256 0.240
0.239 0.240
0.239 0.240
0.247 0.240
0.254 0.240
0.254 0.240
0.239 0.240
0.239 0.240
0.239 0.240
* 0.248 0.240
0.257 0.240
0.257 0.240
0.247 0.240
0.224 0.240
0.224 0.240
0.246 0.240
0.233 0.240
0.233 0.240
0.239 0.240
0.237 0.240
* 0.271 0.240
0.271 0.240
0.274 0.240
0.234 0.240
0.234 0.240
0.206 0.240
0.214 0.240
0.214 0.240
* 0.253 0.240
0.268 0.240
0.268 0.240
0.256 0.240
0.254 0.240
0.254 0.240
0.270 0.240
0.249 0.240
0.249 0.240
0.264 0.240
0.247 0.240
0.247 0.240
0.245 0.240
0.243 0.240
0.243 0.240
0.258 0.240
0.246 0.240
0.246 0.240
0.248 0.240
0.244 0.240
0.244 0.240
0.251 0.240
0.257 0.240
0.257 0.240
0.248 0.240
0.258 0.240
0.258 0.240
0.253 0.240
0.245 0.240
0.245 0.240
0.231 0.240
0.228 0.240
0.228 0.240
0.238 0.240
0.234 0.240
* 0.246 0.240
0.246 0.240
0.276 0.240
0.265 0.240
0.265 0.240
0.256 0.240
0.245 0.240
0.255 0.240
0.255 0.240
0.245 0.240
0.247 0.240
0.247 0.240
0.249 0.240
0.237 0.240
0.246 0.240
0.246 0.240
0.234 0.240
0.253 0.240
0.253 0.240
0.264 0.240
0.264 0.240
0.264 0.240
0.258 0.240
0.258 0.240
0.300 0.240
0.273 0.240
0.273 0.240
0.253 0.240
0.254 0.240
0.254 0.240
0.242 0.240
0.254 0.240
0.254 0.240
0.259 0.240
0.259 0.240
0.259 0.240
0.263 0.240
0.247 0.240
0.247 0.240
0.253 0.240
0.284 0.240
0.284 0.240
0.253 0.240
0.271 0.240
0.271 0.240
0.266 0.240
0.248 0.240
0.248 0.240
0.244 0.240
0.233 0.240
0.233 0.240
0.244 0.240
0.252 0.240
0.252 0.240
0.211 0.240
0.209 0.240
0.209 0.240
* 0.245 0.240
0.236 0.240
0.236 0.240
0.257 0.240
0.230 0.240
0.230 0.240
0.237 0.240
* 0.247 0.240
0.247 0.240
0.231 0.240
0.255 0.240
0.255 0.240
0.263 0.240
0.258 0.240
0.258 0.240
0.272 0.240
0.260 0.240
0.255 0.240
0.255 0.240
0.263 0.240
0.248 0.240
0.252 0.240
0.252 0.240
0.243 0.240
0.245 0.240
0.245 0.240
0.246 0.240
0.240 0.240
0.252 0.240
0.252 0.240
0.263 0.240
0.240 0.240
0.240 0.240
0.235 0.240
0.238 0.240
0.238 0.240
* 0.246 0.240
0.252 0.240
0.252 0.240
0.252 0.240
0.251 0.240
0.248 0.240
0.248 0.240
0.253 0.240
0.245 0.240
0.245 0.240
0.234 0.240
0.234 0.240
0.247 0.240
0.245 0.240
0.245 0.240
0.266 0.240
0.247 0.240
0.247 0.240
0.253 0.240
0.260 0.240
0.243 0.240
0.243 0.240
0.246 0.240
0.246 0.240
0.222 0.240
0.254 0.240
0.263 0.240
0.263 0.240
0.241 0.240
0.250 0.240
0.250 0.240
0.265 0.240
0.235 0.240
0.235 0.240
0.255 0.240
0.232 0.240
0.232 0.240
0.248 0.240
0.245 0.240
0.245 0.240
0.243 0.240
0.243 0.240
0.243 0.240
0.250 0.240
0.238 0.240
0.238 0.240
0.260 0.240
0.241 0.240
0.241 0.240
0.236 0.240
0.273 0.240
0.273 0.240
0.261 0.240
0.251 0.240
0.251 0.240
0.245 0.240
0.251 0.240
0.248 0.240
0.248 0.240
0.258 0.240
0.258 0.240
0.260 0.240
0.229 0.240
0.265 0.240
0.269 0.240
0.268 0.240
0.268 0.240
0.251 0.240
0.251 0.240
0.236 0.240
0.257 0.240
0.245 0.240
0.245 0.240
0.249 0.240
0.249 0.240
0.245 0.240
0.258 0.240
0.257 0.240
0.257 0.240
0.248 0.240
0.248 0.240
0.248 0.240
0.256 0.240
0.254 0.240
0.254 0.240
0.251 0.240
0.252 0.240
0.251 0.240
0.268 0.240
0.250 0.240
0.250 0.240
0.255 0.240
0.262 0.240
0.260 0.240
0.256 0.240
0.258 0.240
0.258 0.240
0.238 0.240
0.268 0.240
0.260 0.240
0.251 0.240
0.243 0.240
0.243 0.240
0.260 0.240
0.258 0.240
0.255 0.240
0.235 0.240
0.253 0.240
0.253 0.240
0.255 0.240
0.256 0.240
0.244 0.240
0.272 0.240
0.258 0.240
0.258 0.240
0.250 0.240
0.267 0.240
0.253 0.240
0.251 0.240
0.238 0.240
0.238 0.240
0.264 0.240
0.253 0.240
0.253 0.240
0.272 0.240
0.247 0.240
0.255 0.240
0.255 0.240
0.234 0.240
0.234 0.240
0.243 0.240
0.255 0.240
0.243 0.240
0.243 0.240
0.245 0.240
0.257 0.240
0.241 0.240
0.241 0.240
0.243 0.240
0.249 0.240
0.249 0.240
0.248 0.240
0.244 0.240
0.241 0.240
0.241 0.240
0.251 0.240
0.260 0.240
0.260 0.240
0.190 0.240
0.190 0.240
0.231 0.240
* 0.245 0.240
0.245 0.240
0.248 0.240
0.265 0.240
0.265 0.240
0.256 0.240
0.253 0.240
0.253 0.240
0.263 0.240
0.257 0.240
0.257 0.240
0.266 0.240
0.268 0.240
0.268 0.240
0.253 0.240
0.253 0.240
0.253 0.240
0.260 0.240
0.243 0.240
0.243 0.240
0.263 0.240
0.253 0.240
0.253 0.240
0.241 0.240
0.240 0.240
0.240 0.240
0.250 0.240
0.251 0.240
0.251 0.240
0.253 0.240
0.251 0.240
0.251 0.240
0.252 0.240
0.240 0.240
0.240 0.240
0.247 0.240
0.271 0.240
0.271 0.240
0.231 0.240
0.237 0.240
0.237 0.240
0.217 0.240
0.237 0.240
* 0.246 0.240
0.246 0.240
0.253 0.240
0.219 0.240
0.219 0.240
0.241 0.240
0.250 0.240
0.250 0.240
0.251 0.240
0.240 0.240
0.264 0.240
0.264 0.240
0.262 0.240
0.249 0.240
0.249 0.240
0.262 0.240
0.265 0.240
0.244 0.240
0.244 0.240
0.243 0.240
0.265 0.240
0.265 0.240
0.242 0.240
0.266 0.240
0.266 0.240
0.253 0.240
0.249 0.240
0.249 0.240
0.258 0.240
0.259 0.240
0.269 0.240
0.269 0.240
0.245 0.240
0.261 0.240
0.261 0.240
0.244 0.240
0.223 0.240
0.223 0.240
0.232 0.240
0.229 0.240
0.229 0.240
0.222 0.240
* 0.240 0.240
0.242 0.240
0.242 0.240
0.241 0.240
0.271 0.240
0.258 0.240
0.258 0.240
0.271 0.240
0.271 0.240
0.222 0.240
0.244 0.240
0.257 0.240
0.257 0.240
0.243 0.240
0.252 0.240
0.252 0.240
0.267 0.240
0.274 0.240
0.274 0.240
0.253 0.240
0.260 0.240
0.260 0.240
0.256 0.240
0.229 0.240
0.229 0.240
0.245 0.240
0.270 0.240
0.270 0.240
0.205 0.240
0.230 0.240
0.253 0.240
0.253 0.240
0.248 0.240
0.234 0.240
0.251 0.240
0.251 0.240
0.262 0.240
0.262 0.240
0.260 0.240
0.245 0.240
0.245 0.240
0.275 0.240
0.262 0.240
0.262 0.240
0.241 0.240
0.250 0.240
0.250 0.240
0.237 0.240
0.258 0.240
0.258 0.240
0.247 0.240
0.270 0.240
0.270 0.240
0.271 0.240
0.259 0.240
0.259 0.240
0.253 0.240
0.256 0.240
0.234 0.240
0.234 0.240
0.206 0.240
0.212 0.240
0.212 0.240
0.207 0.240
0.206 0.240
0.206 0.240
0.211 0.240
0.212 0.240
0.212 0.240
* 0.267 0.240
0.281 0.240
0.281 0.240
0.272 0.240
0.266 0.240
0.266 0.240
0.273 0.240
0.291 0.240
0.291 0.240
0.274 0.240
0.262 0.240
0.262 0.240
0.260 0.240
0.272 0.240
0.272 0.240
0.267 0.240
0.257 0.240
0.257 0.240
0.301 0.240
0.267 0.240
0.267 0.240
0.249 0.240
0.270 0.240
0.270 0.240
0.273 0.240
0.286 0.240
0.286 0.240
0.267 0.240
0.288 0.240
0.301 0.240
0.301 0.240
0.299 0.240
0.322 0.240
0.304 0.240
0.304 0.240
0.313 0.240
0.283 0.240
0.285 0.240
0.316 0.240
0.294 0.240
0.283 0.240
0.283 0.240
0.291 0.240
0.284 0.240
0.284 0.240
0.277 0.240
0.290 0.240
0.290 0.240
0.299 0.240
0.272 0.240
0.272 0.240
0.271 0.240
0.271 0.240
0.274 0.240
0.268 0.240
0.256 0.240
0.256 0.240
0.267 0.240
0.278 0.240
0.278 0.240
0.287 0.240
0.265 0.240
0.265 0.240
0.250 0.240
0.279 0.240
0.279 0.240
0.290 0.240
0.307 0.240
0.284 0.240
0.274 0.240
0.281 0.240
0.281 0.240
0.303 0.240
0.233 0.240
0.260 0.240
0.284 0.240
0.268 0.240
0.268 0.240
0.276 0.240
0.291 0.240
0.276 0.240
0.274 0.240
0.281 0.240
0.281 0.240
0.300 0.240
0.283 0.240
0.310 0.240
0.289 0.240
0.288 0.240
0.288 0.240
0.286 0.240
0.281 0.240
0.274 0.240
0.281 0.240
0.297 0.240
0.297 0.240
0.280 0.240
0.281 0.240
0.292 0.240
0.275 0.240
0.270 0.240
0.270 0.240
0.226 0.240
0.215 0.240
0.264 0.240
0.264 0.240
0.276 0.240
0.275 0.240
0.296 0.240
0.296 0.240
0.272 0.240
0.272 0.240
0.286 0.240
0.264 0.240
0.275 0.240
0.275 0.240
0.286 0.240
0.298 0.240
0.298 0.240
0.282 0.240
0.283 0.240
0.222 0.240
0.219 0.240
0.260 0.240
0.280 0.240
0.280 0.240
0.279 0.240
0.280 0.240
0.296 0.240
0.296 0.240
0.281 0.240
0.281 0.240
0.279 0.240
0.279 0.240
0.264 0.240
0.264 0.240
0.264 0.240
0.296 0.240
0.269 0.240
0.269 0.240
0.284 0.240
0.264 0.240
0.264 0.240
0.265 0.240
0.223 0.240
0.223 0.240
0.270 0.240
0.253 0.240
0.253 0.240
0.245 0.240
0.234 0.240
0.304 0.240
0.304 0.240
0.246 0.240
0.297 0.240
0.297 0.240
0.372 0.240
0.217 0.240
0.217 0.240
0.252 0.240
0.239 0.240
0.239 0.240
0.228 0.240
* 0.262 0.240
0.262 0.240
0.284 0.240
0.272 0.240
0.272 0.240
0.269 0.240
0.273 0.240
0.273 0.240
0.269 0.240
0.288 0.240
0.288 0.240
0.283 0.240
0.297 0.240
0.267 0.240
0.267 0.240
0.199 0.240
0.226 0.240
0.291 0.240
0.291 0.240
0.278 0.240
0.280 0.240
0.275 0.240
0.275 0.240
0.289 0.240
0.273 0.240
0.273 0.240
0.273 0.240
0.261 0.240
0.261 0.240
0.209 0.240
0.204 0.240
0.204 0.240
0.237 0.240
* 0.261 0.240
0.261 0.240
0.283 0.240
0.255 0.240
0.255 0.240
0.269 0.240
0.275 0.240
0.275 0.240
0.267 0.240
0.275 0.240
0.275 0.240
0.261 0.240
0.269 0.240
0.269 0.240
0.281 0.240
0.281 0.240
0.281 0.240
0.291 0.240
0.262 0.240
0.262 0.240
0.269 0.240
0.280 0.240
0.275 0.240
0.275 0.240
0.256 0.240
0.165 0.240
0.165 0.240
0.242 0.240
0.261 0.240
0.261 0.240
0.278 0.240
0.275 0.240
0.275 0.240
0.281 0.240
0.284 0.240
0.284 0.240
0.250 0.240
0.269 0.240
0.269 0.240
0.270 0.240
0.286 0.240
0.286 0.240
0.270 0.240
0.284 0.240
0.284 0.240
0.259 0.240
0.281 0.240
0.281 0.240
0.273 0.240
0.256 0.240
0.256 0.240
0.245 0.240
0.253 0.240
0.248 0.240
0.248 0.240
0.289 0.240
0.269 0.240
0.269 0.240
0.277 0.240
0.274 0.240
0.276 0.240
0.276 0.240
0.269 0.240
0.301 0.240
0.301 0.240
0.268 0.240
0.253 0.240
0.264 0.240
0.264 0.240
0.279 0.240
0.262 0.240
0.262 0.240
0.253 0.240
0.253 0.240
0.278 0.240
0.298 0.240
0.279 0.240
0.279 0.240
0.264 0.240
0.264 0.240
0.282 0.240
0.278 0.240
0.260 0.240
0.260 0.240
0.263 0.240
0.279 0.240
0.279 0.240
0.267 0.240
0.278 0.240
0.278 0.240
0.256 0.240
0.280 0.240
0.280 0.240
0.281 0.240
0.264 0.240
0.264 0.240
0.276 0.240
0.262 0.240
0.262 0.240
0.277 0.240
0.288 0.240
0.288 0.240
0.253 0.240
0.237 0.240
0.237 0.240
0.243 0.240
0.242 0.240
0.242 0.240
0.256 0.240
0.273 0.240
0.273 0.240
0.284 0.240
0.293 0.240
0.293 0.240
0.276 0.240
0.278 0.240
0.278 0.240
0.270 0.240
0.293 0.240
0.284 0.240
0.276 0.240
0.293 0.240
0.293 0.240
0.274 0.240
0.267 0.240
0.298 0.240
0.278 0.240
0.262 0.240
0.262 0.240
0.246 0.240
0.292 0.240
0.244 0.240
0.260 0.240
0.260 0.240
0.265 0.240
0.259 0.240
0.287 0.240
0.262 0.240
0.265 0.240
0.170 0.240
0.195 0.240
0.227 0.240
* 0.274 0.240
0.279 0.240
0.279 0.240
0.265 0.240
0.262 0.240
0.242 0.240
0.259 0.240
0.228 0.240
0.228 0.240
0.265 0.240
0.248 0.240
0.260 0.240
0.251 0.240
0.270 0.240
0.270 0.240
0.242 0.240
0.170 0.240
0.216 0.240
0.248 0.240
0.234 0.240
0.234 0.240
0.238 0.240
* 0.278 0.240
0.271 0.240
0.255 0.240
0.262 0.240
0.262 0.240
0.244 0.240
0.270 0.240
0.234 0.240
0.203 0.240
0.257 0.240
0.257 0.240
0.242 0.240
0.223 0.240
0.240 0.240
0.242 0.240
0.239 0.240
0.239 0.240
0.228 0.240
* 0.240 0.240
0.264 0.240
0.245 0.240
0.252 0.240
0.252 0.240
0.228 0.240
0.243 0.240
0.256 0.240
0.244 0.240
0.251 0.240
0.251 0.240
0.255 0.240
0.256 0.240
0.260 0.240
0.260 0.240
0.258 0.240
0.258 0.240
0.248 0.240
0.261 0.240
0.252 0.240
0.254 0.240
0.254 0.240
0.242 0.240
0.272 0.240
0.272 0.240
0.273 0.240
0.295 0.240
0.299 0.240
0.276 0.240
0.328 0.240
0.256 0.240
0.309 0.240
0.284 0.240
0.287 0.240
0.299 0.240
0.293 0.240
0.293 0.240
0.273 0.240
0.301 0.240
0.304 0.240
0.304 0.240
0.310 0.240
0.296 0.240
0.295 0.240
0.295 0.240
0.279 0.240
0.307 0.240
0.307 0.240
0.268 0.240
0.305 0.240
0.305 0.240
0.319 0.240
0.301 0.240
0.333 0.240
0.333 0.240
0.338 0.240
0.300 0.240
0.300 0.240
0.301 0.240
0.298 0.240
0.298 0.240
0.302 0.240
0.306 0.240
0.258 0.240
0.258 0.240
0.293 0.240
0.296 0.240
0.296 0.240
0.273 0.240
0.253 0.240
0.253 0.240
0.253 0.240
0.256 0.240
0.275 0.240
0.275 0.240
0.248 0.240
0.262 0.240
0.262 0.240
0.273 0.240
0.276 0.240
0.276 0.240
0.270 0.240
0.279 0.240
0.279 0.240
0.251 0.240
0.253 0.240
0.245 0.240
0.245 0.240
0.251 0.240
0.242 0.240
0.232 0.240
0.232 0.240
0.240 0.240
0.226 0.240
0.228 0.240
0.228 0.240
0.218 0.240
0.235 0.240
0.218 0.240
0.218 0.240
0.224 0.240
0.225 0.240
0.233 0.240
0.233 0.240
* 0.242 0.240
0.240 0.240
0.240 0.240
0.245 0.240
0.214 0.240
0.222 0.240
0.236 0.240
0.236 0.240
* 0.256 0.240
0.268 0.240
0.268 0.240
0.259 0.240
0.287 0.240
0.287 0.240
0.267 0.240
0.287 0.240
0.287 0.240
0.269 0.240
0.265 0.240
0.239 0.240
0.239 0.240
0.223 0.240
* 0.242 0.240
0.242 0.240
0.271 0.240
0.267 0.240
0.270 0.240
0.270 0.240
0.270 0.240
0.251 0.240
0.251 0.240
0.247 0.240
0.231 0.240
0.237 0.240
0.237 0.240
0.223 0.240
0.228 0.240
0.231 0.240
0.226 0.240
0.226 0.240
* 0.242 0.240
0.236 0.240
0.267 0.240
0.273 0.240
0.264 0.240
0.262 0.240
0.292 0.240
0.276 0.240
0.285 0.240
0.280 0.240
0.299 0.240
0.299 0.240
0.292 0.240
0.297 0.240
0.292 0.240
0.292 0.240
0.292 0.240
0.274 0.240
0.271 0.240
0.271 0.240
0.273 0.240
0.276 0.240
0.279 0.240
0.276 0.240
0.276 0.240
0.276 0.240
0.269 0.240
0.256 0.240
0.256 0.240
0.256 0.240
0.243 0.240
0.248 0.240
0.243 0.240
0.264 0.240
0.228 0.240
0.228 0.240
0.248 0.240
0.251 0.240
0.236 0.240
0.210 0.240
0.210 0.240
0.234 0.240
* 0.245 0.240
0.253 0.240
0.265 0.240
0.256 0.240
0.275 0.240
0.275 0.240
0.247 0.240
0.285 0.240
0.243 0.240
0.243 0.240
0.268 0.240
0.234 0.240
0.204 0.240
0.230 0.240
0.230 0.240
* 0.251 0.240
0.245 0.240
0.251 0.240
0.234 0.240
0.234 0.240
0.245 0.240
0.240 0.240
0.257 0.240
0.253 0.240
0.253 0.240
0.257 0.240
0.242 0.240
0.255 0.240
0.248 0.240
0.248 0.240
0.249 0.240
0.249 0.240
0.279 0.240
0.245 0.240
0.263 0.240
0.222 0.240
0.214 0.240
0.232 0.240
0.199 0.240
0.199 0.240
0.177 0.240
0.185 0.240
0.172 0.240
0.172 0.240
0.176 0.240
0.177 0.240
0.196 0.240
0.184 0.240
0.184 0.240
0.212 0.240
0.212 0.240
0.194 0.240
0.212 0.240
0.212 0.240
0.212 0.240
0.224 0.240
0.188 0.240
0.188 0.240
0.167 0.240
0.167 0.240
0.208 0.240
0.194 0.240
0.194 0.240
0.219 0.240
0.219 0.240
0.203 0.240
0.218 0.240
0.195 0.240
0.195 0.240
0.173 0.240
0.191 0.240
0.191 0.240
0.210 0.240
0.210 0.240
* 0.244 0.240
0.244 0.240
0.223 0.240
0.199 0.240
0.199 0.240
* 0.244 0.240
0.166 0.240
0.178 0.240
0.208 0.240
0.232 0.240
* 0.251 0.240
0.248 0.240
0.228 0.240
0.233 0.240
0.233 0.240
0.208 0.240
* 0.248 0.240
0.328 0.240
0.336 0.240
0.302 0.240
0.290 0.240
0.290 0.240
0.297 0.240
0.280 0.240
0.266 0.240
0.266 0.240
0.285 0.240
0.257 0.240
0.231 0.240
0.237 0.240
0.237 0.240
0.237 0.240
* 0.257 0.240
0.254 0.240
0.249 0.240
0.271 0.240
0.271 0.240
0.277 0.240
0.267 0.240
0.260 0.240
0.260 0.240
0.291 0.240
0.288 0.240
0.301 0.240
0.301 0.240
0.269 0.240
0.285 0.240
0.275 0.240
0.275 0.240
0.298 0.240
0.269 0.240
0.245 0.240
0.196 0.240
0.196 0.240
0.231 0.240
* 0.280 0.240
0.257 0.240
0.257 0.240
0.265 0.240
0.285 0.240
0.274 0.240
0.266 0.240
0.266 0.240
0.263 0.240
0.292 0.240
0.288 0.240
0.288 0.240
0.283 0.240
0.268 0.240
0.269 0.240
0.299 0.240
0.299 0.240
0.288 0.240
0.276 0.240
0.286 0.240
0.286 0.240
0.257 0.240
0.255 0.240
0.300 0.240
0.298 0.240
0.298 0.240
0.359 0.240
0.315 0.240
0.313 0.240
0.304 0.240
0.304 0.240
0.300 0.240
0.321 0.240
0.295 0.240
0.200 0.240
0.200 0.240
0.260 0.240
0.275 0.240
0.265 0.240
0.274 0.240
0.274 0.240
0.293 0.240
0.279 0.240
0.279 0.240
0.279 0.240
0.271 0.240
0.281 0.240
0.265 0.240
0.265 0.240
0.227 0.240
0.255 0.240
0.266 0.240
0.272 0.240
0.259 0.240
0.259 0.240
0.268 0.240
0.257 0.240
0.246 0.240
0.246 0.240
0.271 0.240
0.236 0.240
0.228 0.240
0.251 0.240
0.251 0.240
0.248 0.240
0.257 0.240
0.234 0.240
0.234 0.240
0.216 0.240
0.190 0.240
0.220 0.240
0.220 0.240
0.236 0.240
0.234 0.240
0.236 0.240
0.223 0.240
0.223 0.240
0.231 0.240
0.234 0.240
0.237 0.240
0.237 0.240
0.205 0.240
0.215 0.240
0.226 0.240
0.228 0.240
0.228 0.240
* 0.260 0.240
0.248 0.240
0.223 0.240
0.226 0.240
0.237 0.240
0.237 0.240
0.231 0.240
0.240 0.240
0.215 0.240
0.200 0.240
0.200 0.240
* 0.255 0.240
0.276 0.240
0.263 0.240
0.263 0.240
0.277 0.240
0.260 0.240
0.266 0.240
0.266 0.240
0.266 0.240
0.254 0.240
0.265 0.240
0.264 0.240
0.271 0.240
0.271 0.240
0.259 0.240
0.278 0.240
0.260 0.240
0.260 0.240
0.259 0.240
0.265 0.240
0.283 0.240
0.266 0.240
0.266 0.240
0.277 0.240
0.259 0.240
0.283 0.240
0.262 0.240
0.262 0.240
0.277 0.240
0.275 0.240
0.292 0.240
0.292 0.240
0.280 0.240
0.280 0.240
0.253 0.240
0.268 0.240
0.268 0.240
0.257 0.240
0.273 0.240
0.286 0.240
0.272 0.240
0.256 0.240
0.256 0.240
0.310 0.240
0.292 0.240
0.292 0.240
0.298 0.240
0.298 0.240
0.320 0.240
0.273 0.240
0.282 0.240
0.255 0.240
0.255 0.240
0.274 0.240
0.275 0.240
0.279 0.240
0.285 0.240
0.282 0.240
0.278 0.240
0.273 0.240
0.236 0.240
0.258 0.240
0.258 0.240
0.233 0.240
0.244 0.240
0.295 0.240
0.295 0.240
0.287 0.240
0.287 0.240
0.288 0.240
0.283 0.240
0.307 0.240
0.306 0.240
0.290 0.240
0.296 0.240
0.287 0.240
0.287 0.240
0.305 0.240
0.289 0.240
0.297 0.240
0.297 0.240
0.302 0.240
0.324 0.240
0.312 0.240
0.312 0.240
0.338 0.240
0.359 0.240
0.336 0.240
0.330 0.240
0.330 0.240
0.334 0.240
0.334 0.240
0.289 0.240
0.300 0.240
0.298 0.240
0.298 0.240
0.313 0.240
0.313 0.240
0.315 0.240
0.315 0.240
0.316 0.240
0.324 0.240
0.303 0.240
0.290 0.240
0.290 0.240
0.321 0.240
0.330 0.240
0.288 0.240
0.288 0.240
0.341 0.240
0.341 0.240
0.337 0.240
0.327 0.240
0.263 0.240
0.323 0.240
0.308 0.240
0.308 0.240
0.322 0.240
0.325 0.240
0.325 0.240
0.288 0.240
0.300 0.240
0.300 0.240
0.304 0.240
0.289 0.240
0.303 0.240
0.298 0.240
0.298 0.240
0.351 0.240
0.333 0.240
0.332 0.240
0.309 0.240
0.311 0.240
0.299 0.240
0.293 0.240
0.288 0.240
0.275 0.240
0.311 0.240
0.329 0.240
0.336 0.240
0.332 0.240
0.332 0.240
0.366 0.240
0.335 0.240
0.335 0.240
0.323 0.240
0.313 0.240
0.346 0.240
0.346 0.240
0.342 0.240
0.334 0.240
0.319 0.240
0.326 0.240
0.359 0.240
0.345 0.240
0.330 0.240
0.338 0.240
0.346 0.240
0.358 0.240
0.358 0.240
0.296 0.240
0.359 0.240
0.299 0.240
0.287 0.240
0.287 0.240
0.253 0.240
0.250 0.240
0.250 0.240
0.330 0.240
0.330 0.240
0.305 0.240
0.322 0.240
0.327 0.240
0.343 0.240
0.343 0.240
0.253 0.240
0.281 0.240
0.281 0.240
0.251 0.240
0.252 0.240
0.252 0.240
0.244 0.240
0.305 0.240
0.316 0.240
0.316 0.240
0.282 0.240
0.277 0.240
0.293 0.240
0.345 0.240
0.345 0.240
0.357 0.240
0.358 0.240
0.378 0.240
0.340 0.240
0.340 0.240
0.356 0.240
0.330 0.240
0.313 0.240
0.313 0.240
0.302 0.240
0.351 0.240
0.344 0.240
0.348 0.240
0.329 0.240
0.329 0.240
0.345 0.240
0.339 0.240
0.356 0.240
0.356 0.240
0.314 0.240
0.343 0.240
0.332 0.240
0.332 0.240
0.362 0.240
0.362 0.240
0.305 0.240
0.298 0.240
0.302 0.240
0.294 0.240
0.294 0.240
0.311 0.240
0.285 0.240
0.332 0.240
0.332 0.240
0.308 0.240
0.276 0.240
0.271 0.240
0.271 0.240
0.263 0.240
0.263 0.240
0.225 0.240
0.233 0.240
0.326 0.240
0.325 0.240
0.302 0.240
0.250 0.240
0.269 0.240
0.303 0.240
0.341 0.240
0.319 0.240
0.331 0.240
0.331 0.240
0.324 0.240
0.305 0.240
0.328 0.240
0.297 0.240
0.300 0.240
0.300 0.240
0.314 0.240
0.330 0.240
0.330 0.240
0.221 0.240
0.228 0.240
0.205 0.240
0.240 0.240
0.240 0.240
* 0.325 0.240
0.331 0.240
0.325 0.240
0.275 0.240
0.275 0.240
0.331 0.240
0.285 0.240
0.318 0.240
0.318 0.240
0.325 0.240
0.280 0.240
0.334 0.240
0.334 0.240
0.328 0.240
0.290 0.240
0.326 0.240
0.326 0.240
0.324 0.240
0.300 0.240
0.308 0.240
0.320 0.240
0.320 0.240
0.327 0.240
0.264 0.240
0.322 0.240
0.263 0.240
0.263 0.240
0.269 0.240
0.331 0.240
0.330 0.240
0.329 0.240
0.329 0.240
0.338 0.240
0.338 0.240
0.303 0.240
0.303 0.240
0.293 0.240
0.325 0.240
0.335 0.240
0.353 0.240
0.353 0.240
0.340 0.240
0.337 0.240
0.337 0.240
0.312 0.240
0.332 0.240
0.321 0.240
0.284 0.240
0.284 0.240
0.339 0.240
0.278 0.240
0.329 0.240
0.325 0.240
0.325 0.240
0.346 0.240
0.346 0.240
0.330 0.240
0.324 0.240
0.316 0.240
0.344 0.240
0.344 0.240
0.344 0.240
0.340 0.240
0.331 0.240
0.330 0.240
0.330 0.240
0.301 0.240
0.312 0.240
0.308 0.240
0.308 0.240
0.308 0.240
0.306 0.240
0.328 0.240
0.320 0.240
0.320 0.240
0.326 0.240
0.305 0.240
0.311 0.240
0.311 0.240
0.315 0.240
0.309 0.240
0.316 0.240
0.288 0.240
0.288 0.240
0.314 0.240
0.305 0.240
0.334 0.240
0.310 0.240
0.310 0.240
0.314 0.240
0.319 0.240
0.300 0.240
0.300 0.240
0.273 0.240
0.262 0.240
0.242 0.240
0.265 0.240
0.265 0.240
0.293 0.240
0.336 0.240
0.328 0.240
0.328 0.240
0.343 0.240
0.321 0.240
0.351 0.240
0.329 0.240
0.329 0.240
0.319 0.240
0.300 0.240
0.331 0.240
0.331 0.240
0.326 0.240
0.315 0.240
0.292 0.240
0.347 0.240
0.347 0.240
0.321 0.240
0.302 0.240
0.302 0.240
0.329 0.240
0.290 0.240
0.310 0.240
0.310 0.240
0.321 0.240
0.291 0.240
0.279 0.240
0.279 0.240
0.302 0.240
0.295 0.240
0.354 0.240
0.299 0.240
0.286 0.240
0.270 0.240
0.270 0.240
0.285 0.240
0.270 0.240
0.270 0.240
0.262 0.240
0.307 0.240
0.307 0.240
0.295 0.240
0.289 0.240
0.288 0.240
0.296 0.240
0.296 0.240
0.283 0.240
0.277 0.240
0.287 0.240
0.292 0.240
0.292 0.240
0.279 0.240
0.301 0.240
0.249 0.240
0.267 0.240
0.289 0.240
0.275 0.240
0.302 0.240
0.297 0.240
0.284 0.240
0.296 0.240
0.296 0.240
0.301 0.240
0.259 0.240
0.256 0.240
0.256 0.240
0.308 0.240
0.312 0.240
0.312 0.240
0.281 0.240
0.282 0.240
0.339 0.240
0.339 0.240
0.273 0.240
0.256 0.240
0.287 0.240
0.300 0.240
0.277 0.240
0.280 0.240
0.295 0.240
0.277 0.240
0.290 0.240
0.276 0.240
0.241 0.240
0.223 0.240
0.282 0.240
0.284 0.240
0.305 0.240
0.310 0.240
0.326 0.240
0.318 0.240
0.332 0.240
0.277 0.240
0.294 0.240
0.235 0.240
0.241 0.240
0.267 0.240
0.292 0.240
0.298 0.240
0.262 0.240
0.260 0.240
0.279 0.240
0.255 0.240
0.270 0.240
0.285 0.240
0.274 0.240
0.274 0.240
0.307 0.240
0.234 0.240
0.268 0.240
0.259 0.240
0.277 0.240
0.294 0.240
0.294 0.240
0.282 0.240
0.296 0.240
0.286 0.240
0.259 0.240
0.265 0.240
0.262 0.240
0.250 0.240
0.250 0.240
0.246 0.240
0.242 0.240
0.242 0.240
0.263 0.240
0.279 0.240
0.309 0.240
0.309 0.240
0.280 0.240
0.287 0.240
0.282 0.240
0.245 0.240
0.245 0.240
0.237 0.240
0.239 0.240
0.239 0.240
0.239 0.240
* 0.242 0.240
0.262 0.240
0.250 0.240
0.265 0.240
0.265 0.240
0.248 0.240
0.251 0.240
0.256 0.240
0.262 0.240
0.262 0.240
0.291 0.240
0.290 0.240
0.296 0.240
0.296 0.240
0.291 0.240
0.297 0.240
0.277 0.240
0.277 0.240
0.279 0.240
0.274 0.240
0.274 0.240
0.212 0.240
0.184 0.240
0.193 0.240
0.239 0.240
0.239 0.240
* 0.245 0.240
0.222 0.240
0.239 0.240
0.236 0.240
0.236 0.240
* 0.247 0.240
0.221 0.240
0.277 0.240
0.277 0.240
0.271 0.240
0.254 0.240
0.233 0.240
0.245 0.240
0.245 0.240
0.246 0.240
0.259 0.240
0.247 0.240
0.247 0.240
0.233 0.240
0.228 0.240
0.242 0.240
0.242 0.240
0.248 0.240
0.262 0.240
0.248 0.240
0.257 0.240
0.257 0.240
0.266 0.240
0.234 0.240
0.248 0.240
0.262 0.240
0.231 0.240
0.231 0.240
0.236 0.240
* 0.258 0.240
0.246 0.240
0.241 0.240
0.252 0.240
0.240 0.240
0.240 0.240
0.235 0.240
* 0.246 0.240
0.236 0.240
0.230 0.240
0.230 0.240
0.233 0.240
* 0.242 0.240
0.234 0.240
0.233 0.240
0.233 0.240
0.240 0.240
* 0.242 0.240
0.259 0.240
0.262 0.240
0.262 0.240
0.253 0.240
0.260 0.240
0.281 0.240
0.281 0.240
0.302 0.240
0.282 0.240
0.262 0.240
0.286 0.240
0.286 0.240
0.285 0.240
0.276 0.240
0.237 0.240
0.237 0.240
0.239 0.240
0.229 0.240
* 0.247 0.240
0.251 0.240
0.251 0.240
0.232 0.240
0.244 0.240
0.251 0.240
0.262 0.240
0.262 0.240
0.260 0.240
0.262 0.240
0.264 0.240
0.264 0.240
0.239 0.240
0.246 0.240
0.270 0.240
0.270 0.240
0.264 0.240
0.268 0.240
0.266 0.240
0.257 0.240
0.257 0.240
0.267 0.240
0.274 0.240
0.260 0.240
0.229 0.240
0.229 0.240
0.255 0.240
0.265 0.240
0.277 0.240
0.277 0.240
0.277 0.240
0.254 0.240
0.264 0.240
0.253 0.240
0.253 0.240
0.255 0.240
0.250 0.240
0.267 0.240
0.256 0.240
0.256 0.240
0.280 0.240
0.256 0.240
0.222 0.240
0.257 0.240
0.257 0.240
0.254 0.240
0.238 0.240
0.240 0.240
0.240 0.240
* 0.276 0.240
0.276 0.240
0.257 0.240
0.257 0.240
0.262 0.240
0.265 0.240
0.257 0.240
0.271 0.240
0.271 0.240
0.289 0.240
0.245 0.240
0.264 0.240
0.264 0.240
0.276 0.240
0.260 0.240
0.284 0.240
0.248 0.240
0.248 0.240
0.268 0.240
0.254 0.240
0.263 0.240
0.262 0.240
0.255 0.240
0.265 0.240
0.260 0.240
0.262 0.240
0.275 0.240
0.268 0.240
0.262 0.240
0.265 0.240
0.271 0.240
0.253 0.240
0.276 0.240
0.254 0.240
0.256 0.240
0.262 0.240
0.262 0.240
0.274 0.240
0.274 0.240
0.277 0.240
0.288 0.240
0.270 0.240
0.270 0.240
0.273 0.240
0.282 0.240
0.283 0.240
0.285 0.240
0.271 0.240
0.259 0.240
0.259 0.240
0.273 0.240
0.281 0.240
0.262 0.240
0.269 0.240
0.269 0.240
0.253 0.240
0.268 0.240
0.282 0.240
0.292 0.240
0.292 0.240
0.276 0.240
0.324 0.240
0.296 0.240
0.275 0.240
0.275 0.240
0.272 0.240
0.287 0.240
0.287 0.240
0.299 0.240
0.299 0.240
0.277 0.240
0.274 0.240
0.300 0.240
0.310 0.240
0.310 0.240
0.312 0.240
0.324 0.240
0.339 0.240
0.335 0.240
0.335 0.240
0.301 0.240
0.275 0.240
0.292 0.240
0.278 0.240
0.257 0.240
0.257 0.240
0.263 0.240
0.268 0.240
0.289 0.240
0.276 0.240
0.276 0.240
0.266 0.240
0.285 0.240
0.282 0.240
0.271 0.240
0.271 0.240
0.274 0.240
0.272 0.240
0.260 0.240
0.280 0.240
0.280 0.240
0.276 0.240
0.262 0.240
0.264 0.240
0.266 0.240
0.283 0.240
0.280 0.240
0.261 0.240
0.261 0.240
0.285 0.240
0.301 0.240
0.281 0.240
0.266 0.240
0.266 0.240
0.275 0.240
0.294 0.240
0.321 0.240
0.294 0.240
0.294 0.240
0.288 0.240
0.313 0.240
0.310 0.240
0.318 0.240
0.318 0.240
0.271 0.240
0.297 0.240
0.306 0.240
0.280 0.240
0.280 0.240
0.297 0.240
0.291 0.240
0.296 0.240
0.270 0.240
0.270 0.240
0.274 0.240
0.294 0.240
0.271 0.240
0.271 0.240
0.281 0.240
0.277 0.240
0.284 0.240
0.295 0.240
0.295 0.240
0.283 0.240
0.275 0.240
0.277 0.240
0.291 0.240
0.291 0.240
0.286 0.240
0.272 0.240
0.254 0.240
0.289 0.240
0.275 0.240
0.275 0.240
0.259 0.240
0.260 0.240
0.268 0.240
0.268 0.240
0.259 0.240
0.242 0.240
0.266 0.240
0.230 0.240
0.230 0.240
0.257 0.240
0.239 0.240
0.218 0.240
0.239 0.240
0.239 0.240
0.232 0.240
0.224 0.240
0.216 0.240
0.224 0.240
0.224 0.240
0.227 0.240
0.236 0.240
* 0.245 0.240
0.255 0.240
0.255 0.240
0.244 0.240
0.241 0.240
0.222 0.240
0.222 0.240
0.246 0.240
0.230 0.240
0.245 0.240
0.233 0.240
0.233 0.240
0.222 0.240
0.219 0.240
0.225 0.240
0.225 0.240
0.228 0.240
0.234 0.240
0.216 0.240
0.216 0.240
0.205 0.240
0.197 0.240
0.201 0.240
0.201 0.240
0.197 0.240
0.183 0.240
0.172 0.240
0.172 0.240
0.186 0.240
0.190 0.240
0.172 0.240
0.172 0.240
0.214 0.240
0.186 0.240
0.189 0.240
0.189 0.240
0.217 0.240
0.217 0.240
0.198 0.240
0.162 0.240
0.136 0.240
0.128 0.240
0.187 0.240
0.198 0.240
0.224 0.240
0.213 0.240
0.213 0.240
0.208 0.240
0.238 0.240
* 0.243 0.240
0.243 0.240
0.228 0.240
0.229 0.240
0.215 0.240
0.215 0.240
0.218 0.240
0.231 0.240
0.238 0.240
0.228 0.240
0.229 0.240
0.229 0.240
0.229 0.240
* 0.258 0.240
0.255 0.240
0.261 0.240
0.252 0.240
0.263 0.240
0.263 0.240
0.251 0.240
0.241 0.240
0.246 0.240
0.269 0.240
0.261 0.240
0.248 0.240
0.261 0.240
0.263 0.240
0.260 0.240
0.262 0.240
0.251 0.240
0.255 0.240
0.245 0.240
0.249 0.240
0.247 0.240
0.266 0.240
0.243 0.240
0.223 0.240
0.216 0.240
0.215 0.240
0.231 0.240
0.191 0.240
0.228 0.240
* 0.248 0.240
0.262 0.240
0.280 0.240
0.305 0.240
0.306 0.240
0.298 0.240
0.291 0.240
0.300 0.240
0.308 0.240
0.310 0.240
0.302 0.240
0.303 0.240
0.303 0.240
0.296 0.240
0.269 0.240
0.284 0.240
0.282 0.240
0.299 0.240
0.293 0.240
0.324 0.240
0.305 0.240
0.305 0.240
0.312 0.240
0.325 0.240
0.328 0.240
0.328 0.240
0.309 0.240
0.317 0.240
0.304 0.240
0.301 0.240
0.301 0.240
0.292 0.240
0.281 0.240
0.263 0.240
0.291 0.240
0.291 0.240
0.290 0.240
0.305 0.240
0.305 0.240
0.298 0.240
0.274 0.240
0.254 0.240
0.261 0.240
0.261 0.240
0.277 0.240
0.289 0.240
0.266 0.240
0.269 0.240
0.269 0.240
0.254 0.240
0.222 0.240
0.227 0.240
0.219 0.240
0.205 0.240
0.195 0.240
0.202 0.240
0.202 0.240
* 0.241 0.240
0.226 0.240
0.223 0.240
0.249 0.240
0.255 0.240
0.255 0.240
0.271 0.240
0.279 0.240
0.271 0.240
0.271 0.240
0.264 0.240
0.269 0.240
0.278 0.240
0.278 0.240
0.274 0.240
0.256 0.240
0.243 0.240
0.243 0.240
0.255 0.240
0.257 0.240
0.265 0.240
0.265 0.240
0.254 0.240
0.259 0.240
0.259 0.240
0.245 0.240
0.256 0.240
0.263 0.240
0.263 0.240
0.270 0.240
0.272 0.240
0.257 0.240
0.280 0.240
0.280 0.240
0.250 0.240
0.264 0.240
0.248 0.240
0.285 0.240
0.250 0.240
0.250 0.240
0.251 0.240
0.282 0.240
0.259 0.240
0.269 0.240
0.269 0.240
0.253 0.240
0.243 0.240
0.253 0.240
0.253 0.240
0.256 0.240
0.253 0.240
0.264 0.240
0.264 0.240
0.261 0.240
0.238 0.240
0.265 0.240
0.265 0.240
0.264 0.240
0.263 0.240
0.259 0.240
0.259 0.240
0.258 0.240
0.246 0.240
0.232 0.240
0.214 0.240
0.214 0.240
0.236 0.240
* 0.246 0.240
0.267 0.240
0.267 0.240
0.269 0.240
0.253 0.240
0.261 0.240
0.261 0.240
0.267 0.240
0.266 0.240
0.266 0.240
0.243 0.240
0.264 0.240
0.285 0.240
0.285 0.240
0.264 0.240
0.261 0.240
0.266 0.240
0.266 0.240
0.253 0.240
0.231 0.240
0.231 0.240
0.241 0.240
0.248 0.240
0.258 0.240
0.258 0.240
0.233 0.240
0.241 0.240
0.263 0.240
0.263 0.240
0.282 0.240
0.296 0.240
0.302 0.240
0.258 0.240
0.271 0.240
0.263 0.240
0.273 0.240
0.264 0.240
0.300 0.240
0.300 0.240
0.269 0.240
0.306 0.240
0.280 0.240
0.280 0.240
0.292 0.240
0.284 0.240
0.293 0.240
0.310 0.240
0.310 0.240
0.238 0.240
0.264 0.240
0.252 0.240
0.248 0.240
0.243 0.240
0.250 0.240
0.250 0.240
0.255 0.240
0.256 0.240
0.256 0.240
0.229 0.240
0.248 0.240
0.264 0.240
0.258 0.240
0.258 0.240
0.251 0.240
0.283 0.240
0.278 0.240
0.278 0.240
0.276 0.240
0.305 0.240
0.298 0.240
0.298 0.240
0.289 0.240
0.291 0.240
0.309 0.240
0.313 0.240
0.308 0.240
0.308 0.240
0.297 0.240
0.276 0.240
0.309 0.240
0.321 0.240
0.296 0.240
0.296 0.240
0.316 0.240
0.316 0.240
0.302 0.240
0.287 0.240
0.319 0.240
0.319 0.240
0.314 0.240
0.269 0.240
0.269 0.240
0.324 0.240
0.324 0.240
0.260 0.240
0.260 0.240
0.311 0.240
0.284 0.240
0.266 0.240
0.264 0.240
0.312 0.240
0.304 0.240
0.320 0.240
0.273 0.240
0.292 0.240
0.288 0.240
0.288 0.240
0.292 0.240
0.330 0.240
0.299 0.240
0.300 0.240
0.300 0.240
0.300 0.240
0.290 0.240
0.302 0.240
0.290 0.240
0.295 0.240
0.309 0.240
0.309 0.240
0.277 0.240
0.282 0.240
0.282 0.240
0.266 0.240
0.278 0.240
0.271 0.240
0.264 0.240
0.264 0.240
0.267 0.240
0.279 0.240
0.278 0.240
0.278 0.240
0.282 0.240
0.293 0.240
0.264 0.240
0.264 0.240
0.273 0.240
0.307 0.240
0.309 0.240
0.309 0.240
0.283 0.240
0.286 0.240
0.286 0.240
0.294 0.240
0.276 0.240
0.284 0.240
0.284 0.240
0.292 0.240
0.269 0.240
0.257 0.240
0.257 0.240
0.267 0.240
0.259 0.240
0.259 0.240
0.254 0.240
0.285 0.240
0.281 0.240
0.270 0.240
0.270 0.240
0.297 0.240
0.258 0.240
0.281 0.240
0.281 0.240
0.317 0.240
0.291 0.240
0.284 0.240
0.284 0.240
0.266 0.240
0.245 0.240
0.261 0.240
0.261 0.240
0.281 0.240
0.273 0.240
0.260 0.240
0.260 0.240
0.263 0.240
0.271 0.240
0.291 0.240
0.285 0.240
0.263 0.240
0.263 0.240
0.254 0.240
0.248 0.240
0.251 0.240
0.251 0.240
0.229 0.240
0.253 0.240
0.271 0.240
0.282 0.240
0.282 0.240
0.287 0.240
0.281 0.240
0.286 0.240
0.286 0.240
0.241 0.240
0.168 0.240
0.168 0.240
0.197 0.240
0.213 0.240
* 0.256 0.240
0.256 0.240
0.250 0.240
0.250 0.240
0.266 0.240
0.266 0.240
0.248 0.240
0.236 0.240
0.211 0.240
0.211 0.240
0.209 0.240
0.189 0.240
0.210 0.240
0.210 0.240
0.220 0.240
0.235 0.240
* 0.254 0.240
0.256 0.240
0.278 0.240
0.278 0.240
0.269 0.240
0.251 0.240
0.230 0.240
0.246 0.240
0.205 0.240
0.205 0.240
0.245 0.240
0.224 0.240
0.222 0.240
0.219 0.240
0.219 0.240
0.224 0.240
0.228 0.240
0.214 0.240
0.234 0.240
0.234 0.240
* 0.279 0.240
0.287 0.240
0.279 0.240
0.278 0.240
0.269 0.240
0.280 0.240
0.296 0.240
0.280 0.240
0.305 0.240
0.320 0.240
0.287 0.240
0.287 0.240
0.276 0.240
0.306 0.240
0.271 0.240
0.271 0.240
0.248 0.240
0.231 0.240
0.273 0.240
0.273 0.240
0.295 0.240
0.283 0.240
0.263 0.240
0.263 0.240
0.299 0.240
0.287 0.240
0.287 0.240
0.275 0.240
0.301 0.240
0.266 0.240
0.266 0.240
0.289 0.240
0.309 0.240
0.309 0.240
0.257 0.240
0.322 0.240
0.285 0.240
0.285 0.240
0.270 0.240
0.289 0.240
0.289 0.240
0.248 0.240
0.294 0.240
0.242 0.240
0.274 0.240
0.271 0.240
0.271 0.240
0.268 0.240
0.305 0.240
0.305 0.240
0.290 0.240
0.308 0.240
0.273 0.240
0.273 0.240
0.309 0.240
0.302 0.240
0.273 0.240
0.302 0.240
0.265 0.240
0.271 0.240
0.271 0.240
0.264 0.240
0.264 0.240
0.289 0.240
0.275 0.240
0.259 0.240
0.259 0.240
0.242 0.240
0.265 0.240
0.287 0.240
0.292 0.240
0.303 0.240
0.270 0.240
0.310 0.240
0.310 0.240
0.297 0.240
0.271 0.240
0.284 0.240
0.279 0.240
0.304 0.240
0.291 0.240
0.317 0.240
0.289 0.240
0.285 0.240
0.298 0.240
0.275 0.240
0.291 0.240
0.263 0.240
0.249 0.240
0.293 0.240
0.293 0.240
0.306 0.240
0.276 0.240
0.304 0.240
0.289 0.240
0.289 0.240
0.315 0.240
0.294 0.240
0.310 0.240
0.279 0.240
0.279 0.240
0.287 0.240
0.296 0.240
0.302 0.240
0.302 0.240
0.308 0.240
0.308 0.240
0.298 0.240
0.301 0.240
0.297 0.240
0.282 0.240
0.282 0.240
0.286 0.240
0.292 0.240
0.265 0.240
0.265 0.240
0.273 0.240
0.279 0.240
0.314 0.240
0.296 0.240
0.276 0.240
0.299 0.240
0.299 0.240
0.267 0.240
0.267 0.240
0.265 0.240
0.265 0.240
0.256 0.240
0.251 0.240
0.256 0.240
0.256 0.240
0.265 0.240
0.276 0.240
0.268 0.240
0.275 0.240
0.265 0.240
0.265 0.240
0.279 0.240
0.301 0.240
0.276 0.240
0.294 0.240
0.294 0.240
0.309 0.240
0.332 0.240
0.336 0.240
0.336 0.240
0.305 0.240
0.330 0.240
0.318 0.240
0.318 0.240
0.338 0.240
0.291 0.240
0.289 0.240
0.289 0.240
0.274 0.240
0.294 0.240
0.292 0.240
0.292 0.240
0.286 0.240
0.298 0.240
0.298 0.240
0.286 0.240
0.272 0.240
0.286 0.240
0.286 0.240
0.285 0.240
0.263 0.240
0.263 0.240
0.263 0.240
0.270 0.240
0.253 0.240
0.253 0.240
0.281 0.240
0.245 0.240
0.245 0.240
0.226 0.240
0.159 0.240
0.225 0.240
0.225 0.240
0.235 0.240
* 0.256 0.240
0.256 0.240
0.251 0.240
0.279 0.240
0.259 0.240
0.259 0.240
0.231 0.240
0.253 0.240
0.253 0.240
0.265 0.240
0.260 0.240
0.260 0.240
0.280 0.240
0.274 0.240
0.272 0.240
0.272 0.240
0.281 0.240
0.272 0.240
0.272 0.240
0.258 0.240
0.253 0.240
0.266 0.240
0.266 0.240
0.286 0.240
0.291 0.240
0.291 0.240
0.276 0.240
0.284 0.240
0.283 0.240
0.276 0.240
0.276 0.240
0.273 0.240
0.284 0.240
0.284 0.240
0.281 0.240
0.280 0.240
0.280 0.240
0.280 0.240
0.288 0.240
0.288 0.240
0.286 0.240
0.291 0.240
0.291 0.240
0.292 0.240
0.293 0.240
0.256 0.240
0.256 0.240
0.272 0.240
0.284 0.240
0.284 0.240
0.294 0.240
0.275 0.240
0.272 0.240
0.272 0.240
0.273 0.240
0.288 0.240
0.288 0.240
0.277 0.240
0.277 0.240
0.263 0.240
0.263 0.240
0.281 0.240
0.236 0.240
0.236 0.240
0.219 0.240
0.222 0.240
0.222 0.240
* 0.262 0.240
0.284 0.240
0.283 0.240
0.283 0.240
0.271 0.240
0.281 0.240
0.281 0.240
0.245 0.240
0.276 0.240
0.302 0.240
0.302 0.240
0.256 0.240
0.284 0.240
0.284 0.240
0.307 0.240
0.207 0.240
0.225 0.240
0.225 0.240
* 0.271 0.240
0.263 0.240
0.263 0.240
0.246 0.240
0.261 0.240
0.261 0.240
0.240 0.240
0.265 0.240
0.273 0.240
0.273 0.240
0.256 0.240
0.277 0.240
0.277 0.240
0.258 0.240
0.253 0.240
0.253 0.240
0.261 0.240
0.218 0.240
0.221 0.240
0.221 0.240
* 0.282 0.240
0.269 0.240
0.235 0.240
0.235 0.240
0.254 0.240
0.287 0.240
0.267 0.240
0.267 0.240
0.268 0.240
0.281 0.240
0.234 0.240
0.234 0.240
0.276 0.240
0.282 0.240
0.242 0.240
0.287 0.240
0.318 0.240
0.307 0.240
0.267 0.240
0.219 0.240
0.317 0.240
0.253 0.240
0.320 0.240
0.320 0.240
0.268 0.240
0.268 0.240
0.322 0.240
0.322 0.240
0.306 0.240
0.266 0.240
0.311 0.240
0.301 0.240
0.321 0.240
0.292 0.240
0.292 0.240
0.281 0.240
0.251 0.240
0.247 0.240
0.247 0.240
0.247 0.240
0.260 0.240
0.227 0.240
0.227 0.240
0.227 0.240
* 0.248 0.240
0.247 0.240
0.240 0.240
0.240 0.240
0.273 0.240
0.246 0.240
0.224 0.240
0.196 0.240
0.188 0.240
0.200 0.240
0.200 0.240
0.214 0.240
0.182 0.240
0.175 0.240
0.224 0.240
0.194 0.240
0.186 0.240
0.234 0.240
0.234 0.240
0.217 0.240
0.217 0.240
0.203 0.240
0.227 0.240
0.194 0.240
0.194 0.240
0.162 0.240
0.162 0.240
0.228 0.240
0.221 0.240
0.213 0.240
0.220 0.240
0.175 0.240
0.193 0.240
0.222 0.240
0.222 0.240
0.198 0.240
0.178 0.240
0.183 0.240
0.207 0.240
0.202 0.240
0.202 0.240
0.178 0.240
0.199 0.240
0.201 0.240
0.199 0.240
0.213 0.240
0.189 0.240
0.189 0.240
0.224 0.240
0.224 0.240
0.201 0.240
0.217 0.240
0.208 0.240
0.208 0.240
0.203 0.240
0.220 0.240
0.182 0.240
0.182 0.240
0.190 0.240
0.178 0.240
0.237 0.240
0.237 0.240
* 0.263 0.240
0.272 0.240
0.272 0.240
0.280 0.240
0.263 0.240
0.263 0.240
0.285 0.240
0.270 0.240
0.270 0.240
0.274 0.240
0.282 0.240
0.282 0.240
0.274 0.240
0.279 0.240
0.279 0.240
0.287 0.240
0.292 0.240
0.292 0.240
0.287 0.240
0.280 0.240
0.280 0.240
0.270 0.240
0.276 0.240
0.276 0.240
0.283 0.240
0.293 0.240
0.293 0.240
0.273 0.240
0.283 0.240
0.283 0.240
0.268 0.240
0.267 0.240
0.267 0.240
0.286 0.240
0.294 0.240
0.294 0.240
0.271 0.240
0.256 0.240
0.256 0.240
0.263 0.240
0.270 0.240
0.270 0.240
0.268 0.240
0.261 0.240
0.261 0.240
0.271 0.240
0.269 0.240
0.285 0.240
0.285 0.240
0.238 0.240
0.227 0.240
0.227 0.240
0.174 0.240
0.209 0.240
0.209 0.240
* 0.259 0.240
0.277 0.240
0.277 0.240
0.277 0.240
0.271 0.240
0.271 0.240
0.289 0.240
0.163 0.240
0.163 0.240
0.223 0.240
* 0.279 0.240
0.279 0.240
0.273 0.240
0.282 0.240
0.282 0.240
0.286 0.240
0.275 0.240
0.275 0.240
0.275 0.240
0.264 0.240
0.264 0.240
0.292 0.240
0.211 0.240
0.211 0.240
0.214 0.240
* 0.275 0.240
0.275 0.240
0.278 0.240
0.264 0.240
0.264 0.240
0.272 0.240
0.272 0.240
0.275 0.240
0.267 0.240
0.261 0.240
0.261 0.240
0.267 0.240
0.295 0.240
0.295 0.240
0.275 0.240
0.270 0.240
0.270 0.240
0.290 0.240
0.282 0.240
0.282 0.240
0.270 0.240
0.270 0.240
0.278 0.240
0.281 0.240
0.281 0.240
0.191 0.240
0.256 0.240
0.256 0.240
0.276 0.240
0.269 0.240
0.269 0.240
0.284 0.240
0.309 0.240
0.309 0.240
0.276 0.240
0.270 0.240
0.270 0.240
0.268 0.240
0.189 0.240
0.189 0.240
0.231 0.240
* 0.271 0.240
0.271 0.240
0.273 0.240
0.278 0.240
0.278 0.240
0.290 0.240
0.281 0.240
0.281 0.240
0.281 0.240
0.272 0.240
0.272 0.240
0.273 0.240
0.258 0.240
0.258 0.240
0.265 0.240
0.286 0.240
0.286 0.240
0.248 0.240
0.249 0.240
0.249 0.240
0.303 0.240
0.301 0.240
0.301 0.240
0.247 0.240
0.214 0.240
0.214 0.240
0.261 0.240
0.253 0.240
0.253 0.240
0.280 0.240
0.276 0.240
0.276 0.240
0.299 0.240
0.295 0.240
0.295 0.240
0.300 0.240
0.274 0.240
0.274 0.240
0.301 0.240
0.281 0.240
0.281 0.240
0.264 0.240
0.280 0.240
0.280 0.240
0.259 0.240
0.245 0.240
0.245 0.240
0.232 0.240
0.248 0.240
0.248 0.240
0.293 0.240
0.291 0.240
0.291 0.240
0.269 0.240
0.280 0.240
0.280 0.240
0.258 0.240
0.262 0.240
0.262 0.240
0.269 0.240
0.264 0.240
0.264 0.240
0.255 0.240
0.255 0.240
0.256 0.240
0.273 0.240
0.273 0.240
0.284 0.240
0.272 0.240
0.266 0.240
0.266 0.240
0.278 0.240
0.281 0.240
0.281 0.240
0.294 0.240
0.288 0.240
0.282 0.240
0.278 0.240
0.294 0.240
0.294 0.240
0.286 0.240
0.297 0.240
0.295 0.240
0.306 0.240
0.270 0.240
0.270 0.240
0.204 0.240
0.239 0.240
0.278 0.240
0.261 0.240
0.262 0.240
0.262 0.240
0.269 0.240
0.296 0.240
0.256 0.240
0.269 0.240
0.213 0.240
0.213 0.240
0.252 0.240
0.267 0.240
0.292 0.240
0.253 0.240
0.285 0.240
0.285 0.240
0.278 0.240
0.278 0.240
0.298 0.240
0.283 0.240
0.273 0.240
0.273 0.240
0.212 0.240
0.212 0.240
0.231 0.240
* 0.268 0.240
0.288 0.240
0.288 0.240
0.270 0.240
0.270 0.240
0.281 0.240
0.311 0.240
0.247 0.240
0.247 0.240
0.222 0.240
0.255 0.240
0.242 0.240
0.242 0.240
0.283 0.240
0.283 0.240
0.289 0.240
0.283 0.240
0.304 0.240
0.304 0.240
0.291 0.240
0.291 0.240
0.303 0.240
0.308 0.240
0.218 0.240
0.218 0.240
0.253 0.240
0.292 0.240
0.292 0.240
0.307 0.240
0.294 0.240
0.294 0.240
0.293 0.240
0.293 0.240
0.304 0.240
0.296 0.240
0.290 0.240
0.290 0.240
0.298 0.240
0.261 0.240
0.220 0.240
0.201 0.240
0.237 0.240
0.237 0.240
* 0.284 0.240
0.277 0.240
0.264 0.240
0.271 0.240
0.272 0.240
0.272 0.240
0.240 0.240
0.253 0.240
0.245 0.240
0.267 0.240
0.246 0.240
0.246 0.240
0.268 0.240
0.247 0.240
0.240 0.240
0.262 0.240
0.262 0.240
0.242 0.240
0.263 0.240
0.283 0.240
0.270 0.240
0.274 0.240
0.243 0.240
0.273 0.240
0.285 0.240
0.285 0.240
0.302 0.240
0.281 0.240
0.260 0.240
0.322 0.240
0.313 0.240
0.287 0.240
0.287 0.240
0.251 0.240
0.251 0.240
0.283 0.240
0.290 0.240
0.314 0.240
0.303 0.240
0.303 0.240
0.280 0.240
0.297 0.240
0.297 0.240
0.307 0.240
0.301 0.240
0.293 0.240
0.293 0.240
0.197 0.240
0.200 0.240
0.297 0.240
0.297 0.240
0.296 0.240
0.296 0.240
0.234 0.240
0.274 0.240
0.274 0.240
0.311 0.240
0.299 0.240
0.299 0.240
0.295 0.240
0.296 0.240
0.296 0.240
0.274 0.240
0.274 0.240
0.257 0.240
0.245 0.240
0.245 0.240
0.242 0.240
0.262 0.240
0.262 0.240
0.300 0.240
0.322 0.240
0.322 0.240
0.313 0.240
0.290 0.240
0.290 0.240
0.320 0.240
0.318 0.240
0.318 0.240
0.318 0.240
0.311 0.240
0.294 0.240
0.294 0.240
0.302 0.240
0.305 0.240
0.275 0.240
0.306 0.240
0.281 0.240
0.281 0.240
0.301 0.240
0.280 0.240
0.259 0.240
0.259 0.240
0.262 0.240
0.268 0.240
0.285 0.240
0.283 0.240
0.283 0.240
0.269 0.240
0.292 0.240
0.245 0.240
0.242 0.240
0.261 0.240
0.289 0.240
0.283 0.240
0.283 0.240
0.283 0.240
0.289 0.240
0.289 0.240
0.274 0.240
0.306 0.240
0.262 0.240
0.262 0.240
0.300 0.240
0.316 0.240
0.297 0.240
0.297 0.240
0.319 0.240
0.309 0.240
0.321 0.240
0.321 0.240
0.325 0.240
0.307 0.240
0.303 0.240
0.303 0.240
0.283 0.240
0.303 0.240
0.299 0.240
0.300 0.240
0.300 0.240
0.270 0.240
0.210 0.240
0.262 0.240
0.262 0.240
0.275 0.240
0.306 0.240
0.292 0.240
0.257 0.240
0.279 0.240
0.279 0.240
0.288 0.240
0.273 0.240
0.292 0.240
0.264 0.240
0.264 0.240
0.286 0.240
0.286 0.240
0.238 0.240
0.263 0.240
0.263 0.240
0.258 0.240
0.269 0.240
0.285 0.240
0.285 0.240
0.292 0.240
0.296 0.240
0.290 0.240
0.290 0.240
0.290 0.240
0.284 0.240
0.296 0.240
0.296 0.240
0.302 0.240
0.293 0.240
0.293 0.240
0.287 0.240
0.266 0.240
0.266 0.240
0.304 0.240
0.268 0.240
0.283 0.240
0.283 0.240
0.283 0.240
0.286 0.240
0.312 0.240
0.290 0.240
0.272 0.240
0.176 0.240
0.246 0.240
0.246 0.240
0.281 0.240
0.298 0.240
0.284 0.240
0.306 0.240
0.302 0.240
0.295 0.240
0.268 0.240
0.268 0.240
0.332 0.240
0.296 0.240
0.306 0.240
0.285 0.240
0.273 0.240
0.232 0.240
0.232 0.240
0.234 0.240
* 0.259 0.240
0.253 0.240
0.280 0.240
0.302 0.240
0.318 0.240
0.281 0.240
0.281 0.240
0.282 0.240
0.293 0.240
0.285 0.240
0.242 0.240
0.235 0.240
0.251 0.240
0.251 0.240
0.251 0.240
0.234 0.240
0.234 0.240
0.214 0.240
* 0.248 0.240
0.226 0.240
0.226 0.240
0.293 0.240
0.290 0.240
0.290 0.240
0.268 0.240
0.268 0.240
0.278 0.240
0.275 0.240
0.305 0.240
0.305 0.240
0.234 0.240
0.256 0.240
0.256 0.240
0.237 0.240
0.256 0.240
0.229 0.240
0.274 0.240
0.260 0.240
0.290 0.240
0.312 0.240
0.312 0.240
0.309 0.240
0.309 0.240
0.323 0.240
0.304 0.240
0.283 0.240
0.311 0.240
0.311 0.240
0.300 0.240
0.312 0.240
0.312 0.240
0.295 0.240
0.289 0.240
0.293 0.240
0.304 0.240
0.304 0.240
0.321 0.240
0.259 0.240
0.273 0.240
0.273 0.240
0.309 0.240
0.332 0.240
0.306 0.240
0.261 0.240
0.279 0.240
0.290 0.240
0.294 0.240
0.322 0.240
0.322 0.240
0.280 0.240
0.280 0.240
0.288 0.240
0.273 0.240
0.273 0.240
0.303 0.240
0.304 0.240
0.297 0.240
0.297 0.240
0.304 0.240
0.299 0.240
0.299 0.240
0.279 0.240
0.279 0.240
0.299 0.240
0.318 0.240
0.332 0.240
0.332 0.240
0.269 0.240
0.269 0.240
0.292 0.240
0.280 0.240
0.285 0.240
0.285 0.240
0.300 0.240
0.285 0.240
0.285 0.240
0.298 0.240
0.272 0.240
0.272 0.240
0.301 0.240
0.285 0.240
0.311 0.240
0.311 0.240
0.290 0.240
0.319 0.240
0.319 0.240
0.293 0.240
0.269 0.240
0.285 0.240
0.271 0.240
0.271 0.240
0.253 0.240
0.257 0.240
0.257 0.240
0.269 0.240
0.259 0.240
0.259 0.240
0.259 0.240
0.277 0.240
0.298 0.240
0.294 0.240
0.279 0.240
0.279 0.240
0.282 0.240
0.279 0.240
0.270 0.240
0.272 0.240
0.272 0.240
0.288 0.240
0.299 0.240
0.272 0.240
0.272 0.240
0.291 0.240
0.258 0.240
0.272 0.240
0.272 0.240
0.294 0.240
0.259 0.240
0.276 0.240
0.285 0.240
0.256 0.240
0.256 0.240
0.295 0.240
0.264 0.240
0.290 0.240
0.306 0.240
0.306 0.240
0.300 0.240
0.254 0.240
0.262 0.240
0.262 0.240
0.297 0.240
0.287 0.240
0.306 0.240
0.298 0.240
0.298 0.240
0.315 0.240
0.289 0.240
0.307 0.240
0.307 0.240
0.309 0.240
0.299 0.240
0.295 0.240
0.309 0.240
0.309 0.240
0.315 0.240
0.314 0.240
0.314 0.240
0.308 0.240
0.306 0.240
0.298 0.240
0.325 0.240
0.325 0.240
0.285 0.240
0.280 0.240
0.280 0.240
0.281 0.240
0.283 0.240
0.308 0.240
0.276 0.240
0.271 0.240
0.278 0.240
0.264 0.240
0.264 0.240
0.303 0.240
0.300 0.240
0.300 0.240
0.293 0.240
0.271 0.240
0.269 0.240
0.269 0.240
0.285 0.240
0.275 0.240
0.278 0.240
0.278 0.240
0.289 0.240
0.305 0.240
0.309 0.240
0.276 0.240
0.276 0.240
0.322 0.240
0.316 0.240
0.295 0.240
0.295 0.240
0.307 0.240
0.302 0.240
0.302 0.240
0.301 0.240
0.301 0.240
0.308 0.240
0.307 0.240
0.323 0.240
0.305 0.240
0.305 0.240
0.281 0.240
0.310 0.240
0.310 0.240
0.298 0.240
0.308 0.240
0.301 0.240
0.291 0.240
0.289 0.240
0.293 0.240
0.293 0.240
0.287 0.240
0.287 0.240
0.278 0.240
0.279 0.240
0.286 0.240
0.293 0.240
0.293 0.240
0.284 0.240
0.292 0.240
0.292 0.240
0.283 0.240
0.299 0.240
0.286 0.240
0.301 0.240
0.301 0.240
0.295 0.240
0.295 0.240
0.274 0.240
0.274 0.240
0.281 0.240
0.297 0.240
0.297 0.240
0.298 0.240
0.279 0.240
0.264 0.240
0.264 0.240
0.295 0.240
0.300 0.240
0.304 0.240
0.296 0.240
0.278 0.240
0.271 0.240
0.293 0.240
0.319 0.240
0.293 0.240
0.301 0.240
0.298 0.240
0.290 0.240
0.311 0.240
0.307 0.240
0.298 0.240
0.284 0.240
0.307 0.240
0.291 0.240
0.283 0.240
0.283 0.240
0.304 0.240
0.303 0.240
0.288 0.240
0.288 0.240
0.321 0.240
0.301 0.240
0.302 0.240
0.334 0.240
0.334 0.240
0.319 0.240
0.296 0.240
0.246 0.240
0.282 0.240
0.282 0.240
0.268 0.240
0.300 0.240
0.267 0.240
0.276 0.240
0.253 0.240
0.262 0.240
0.305 0.240
0.285 0.240
0.285 0.240
0.313 0.240
0.296 0.240
0.323 0.240
0.324 0.240
0.271 0.240
0.309 0.240
0.342 0.240
0.342 0.240
0.296 0.240
0.311 0.240
0.305 0.240
0.305 0.240
0.331 0.240
0.283 0.240
0.283 0.240
0.319 0.240
0.289 0.240
0.203 0.240
0.203 0.240
0.287 0.240
0.259 0.240
0.259 0.240
0.285 0.240
0.286 0.240
0.286 0.240
0.305 0.240
0.322 0.240
0.322 0.240
0.239 0.240
0.217 0.240
0.231 0.240
0.231 0.240
* 0.297 0.240
0.248 0.240
0.248 0.240
0.262 0.240
0.281 0.240
0.281 0.240
0.277 0.240
0.252 0.240
0.179 0.240
0.179 0.240
0.260 0.240
0.265 0.240
0.265 0.240
0.277 0.240
0.250 0.240
0.284 0.240
0.284 0.240
0.262 0.240
0.283 0.240
0.283 0.240
0.250 0.240
0.250 0.240
0.250 0.240
0.241 0.240
0.238 0.240
0.229 0.240
0.229 0.240
* 0.271 0.240
0.285 0.240
0.285 0.240
0.253 0.240
0.289 0.240
0.289 0.240
0.280 0.240
0.202 0.240
0.181 0.240
0.181 0.240
0.227 0.240
* 0.242 0.240
0.242 0.240
0.259 0.240
0.245 0.240
0.245 0.240
0.241 0.240
0.248 0.240
0.248 0.240
0.265 0.240
0.257 0.240
0.257 0.240
0.233 0.240
0.231 0.240
0.231 0.240
0.219 0.240
0.238 0.240
0.238 0.240
* 0.248 0.240
0.216 0.240
0.231 0.240
0.231 0.240
0.219 0.240
* 0.246 0.240
0.246 0.240
0.245 0.240
0.282 0.240
0.282 0.240
0.246 0.240
0.248 0.240
0.248 0.240
0.288 0.240
0.262 0.240
0.263 0.240
0.263 0.240
0.289 0.240
0.250 0.240
0.250 0.240
0.265 0.240
0.268 0.240
0.268 0.240
0.267 0.240
0.267 0.240
0.243 0.240
0.229 0.240
0.219 0.240
0.219 0.240
0.229 0.240
0.239 0.240
0.239 0.240
0.235 0.240
* 0.248 0.240
