0.230 0.240
0.215 0.240
0.224 0.240
0.224 0.240
0.224 0.240
* 0.241 0.240
0.258 0.240
0.258 0.240
0.243 0.240
0.266 0.240
0.269 0.240
0.273 0.240
0.299 0.240
0.311 0.240
0.276 0.240
0.275 0.240
0.247 0.240
0.293 0.240
0.230 0.240
0.277 0.240
0.286 0.240
0.290 0.240
0.290 0.240
0.262 0.240
0.274 0.240
0.313 0.240
0.277 0.240
0.227 0.240
0.287 0.240
0.311 0.240
0.311 0.240
0.307 0.240
0.276 0.240
0.284 0.240
0.274 0.240
0.262 0.240
0.276 0.240
0.284 0.240
0.262 0.240
0.281 0.240
0.284 0.240
0.253 0.240
0.259 0.240
0.259 0.240
0.302 0.240
0.317 0.240
0.303 0.240
0.298 0.240
0.309 0.240
0.274 0.240
0.316 0.240
0.276 0.240
0.274 0.240
0.287 0.240
0.294 0.240
0.269 0.240
0.265 0.240
0.257 0.240
0.275 0.240
0.285 0.240
0.285 0.240
0.294 0.240
0.257 0.240
0.296 0.240
0.299 0.240
0.299 0.240
0.286 0.240
0.278 0.240
0.300 0.240
0.283 0.240
0.283 0.240
0.288 0.240
0.281 0.240
0.266 0.240
0.304 0.240
0.290 0.240
0.290 0.240
0.290 0.240
0.293 0.240
0.308 0.240
0.304 0.240
0.289 0.240
0.289 0.240
0.207 0.240
0.251 0.240
0.265 0.240
0.279 0.240
0.205 0.240
0.215 0.240
* 0.240 0.240
0.308 0.240
0.303 0.240
0.305 0.240
0.313 0.240
0.313 0.240
0.328 0.240
0.325 0.240
0.315 0.240
0.330 0.240
0.323 0.240
0.324 0.240
0.325 0.240
0.329 0.240
0.299 0.240
0.299 0.240
0.320 0.240
0.317 0.240
0.333 0.240
0.317 0.240
0.314 0.240
0.314 0.240
0.315 0.240
0.285 0.240
0.328 0.240
0.308 0.240
0.314 0.240
0.302 0.240
0.318 0.240
0.318 0.240
0.317 0.240
0.320 0.240
0.357 0.240
0.339 0.240
0.304 0.240
0.306 0.240
0.312 0.240
0.331 0.240
0.305 0.240
0.294 0.240
0.320 0.240
0.320 0.240
0.326 0.240
0.317 0.240
0.317 0.240
0.325 0.240
0.298 0.240
0.305 0.240
0.317 0.240
0.330 0.240
0.324 0.240
0.315 0.240
0.310 0.240
0.329 0.240
0.310 0.240
0.297 0.240
0.314 0.240
0.331 0.240
0.306 0.240
0.314 0.240
0.322 0.240
0.322 0.240
0.313 0.240
0.340 0.240
0.302 0.240
0.338 0.240
0.302 0.240
0.315 0.240
0.324 0.240
0.334 0.240
0.326 0.240
0.324 0.240
0.330 0.240
0.330 0.240
0.260 0.240
0.298 0.240
0.275 0.240
0.299 0.240
0.350 0.240
0.319 0.240
0.357 0.240
0.357 0.240
0.347 0.240
0.342 0.240
0.351 0.240
0.366 0.240
0.333 0.240
0.325 0.240
0.323 0.240
0.316 0.240
0.321 0.240
0.305 0.240
0.319 0.240
0.319 0.240
0.342 0.240
0.316 0.240
0.362 0.240
0.332 0.240
0.363 0.240
0.363 0.240
0.360 0.240
0.353 0.240
0.329 0.240
0.335 0.240
0.336 0.240
0.336 0.240
0.311 0.240
0.349 0.240
0.349 0.240
0.343 0.240
0.345 0.240
0.345 0.240
0.350 0.240
0.345 0.240
0.340 0.240
0.344 0.240
0.336 0.240
0.336 0.240
0.323 0.240
0.329 0.240
0.343 0.240
0.336 0.240
0.354 0.240
0.354 0.240
0.329 0.240
0.333 0.240
0.358 0.240
0.323 0.240
0.328 0.240
0.328 0.240
0.363 0.240
0.355 0.240
0.353 0.240
0.341 0.240
0.340 0.240
0.340 0.240
0.332 0.240
0.343 0.240
0.314 0.240
0.325 0.240
0.311 0.240
0.311 0.240
0.352 0.240
0.352 0.240
0.336 0.240
0.340 0.240
0.331 0.240
0.317 0.240
0.333 0.240
0.333 0.240
0.341 0.240
0.337 0.240
0.340 0.240
0.333 0.240
0.333 0.240
0.315 0.240
0.331 0.240
0.351 0.240
0.324 0.240
0.300 0.240
0.342 0.240
0.342 0.240
0.332 0.240
0.335 0.240
0.315 0.240
0.309 0.240
0.342 0.240
0.342 0.240
0.324 0.240
0.319 0.240
0.302 0.240
0.294 0.240
0.307 0.240
0.307 0.240
0.298 0.240
0.291 0.240
0.296 0.240
0.333 0.240
0.333 0.240
0.296 0.240
0.308 0.240
0.288 0.240
0.292 0.240
0.330 0.240
0.330 0.240
0.288 0.240
0.320 0.240
0.321 0.240
0.304 0.240
0.304 0.240
0.309 0.240
0.280 0.240
0.309 0.240
0.295 0.240
0.291 0.240
0.291 0.240
0.302 0.240
0.280 0.240
0.297 0.240
0.281 0.240
0.313 0.240
0.313 0.240
0.307 0.240
0.311 0.240
0.338 0.240
0.343 0.240
0.332 0.240
0.332 0.240
0.309 0.240
0.290 0.240
0.296 0.240
0.303 0.240
0.303 0.240
0.303 0.240
0.307 0.240
0.298 0.240
0.302 0.240
0.310 0.240
0.306 0.240
0.313 0.240
0.297 0.240
0.299 0.240
0.308 0.240
0.317 0.240
0.305 0.240
0.305 0.240
0.310 0.240
0.316 0.240
0.319 0.240
0.296 0.240
0.296 0.240
0.324 0.240
0.300 0.240
0.305 0.240
0.320 0.240
0.298 0.240
0.325 0.240
0.319 0.240
0.315 0.240
0.313 0.240
0.326 0.240
0.316 0.240
0.316 0.240
0.307 0.240
0.307 0.240
0.326 0.240
0.342 0.240
0.342 0.240
0.323 0.240
0.304 0.240
0.305 0.240
0.282 0.240
0.305 0.240
0.339 0.240
0.328 0.240
0.334 0.240
0.312 0.240
0.319 0.240
0.330 0.240
0.330 0.240
0.324 0.240
0.324 0.240
0.295 0.240
0.312 0.240
0.305 0.240
0.311 0.240
0.303 0.240
0.317 0.240
0.295 0.240
0.334 0.240
0.364 0.240
0.364 0.240
0.349 0.240
0.317 0.240
0.324 0.240
0.296 0.240
0.293 0.240
0.304 0.240
0.311 0.240
0.288 0.240
0.299 0.240
0.299 0.240
0.328 0.240
0.308 0.240
0.320 0.240
0.320 0.240
0.312 0.240
0.316 0.240
0.311 0.240
0.295 0.240
0.210 0.240
0.210 0.240
0.215 0.240
* 0.280 0.240
0.280 0.240
0.247 0.240
0.247 0.240
0.244 0.240
0.255 0.240
0.289 0.240
0.272 0.240
0.272 0.240
0.235 0.240
0.256 0.240
0.278 0.240
0.284 0.240
0.253 0.240
0.284 0.240
0.284 0.240
0.270 0.240
0.293 0.240
0.300 0.240
0.300 0.240
0.270 0.240
0.248 0.240
0.300 0.240
0.270 0.240
0.288 0.240
0.288 0.240
0.282 0.240
0.302 0.240
0.272 0.240
0.293 0.240
0.301 0.240
0.301 0.240
0.292 0.240
0.264 0.240
0.281 0.240
0.268 0.240
0.287 0.240
0.287 0.240
0.279 0.240
0.273 0.240
0.281 0.240
0.281 0.240
0.268 0.240
0.297 0.240
0.305 0.240
0.305 0.240
0.295 0.240
0.295 0.240
0.262 0.240
0.275 0.240
0.273 0.240
0.263 0.240
0.320 0.240
0.293 0.240
0.287 0.240
0.259 0.240
0.259 0.240
0.295 0.240
0.278 0.240
0.284 0.240
0.299 0.240
0.278 0.240
0.278 0.240
0.284 0.240
0.274 0.240
0.283 0.240
0.256 0.240
0.256 0.240
0.263 0.240
0.287 0.240
0.286 0.240
0.302 0.240
0.312 0.240
0.330 0.240
0.330 0.240
0.335 0.240
0.260 0.240
0.303 0.240
0.291 0.240
0.296 0.240
0.190 0.240
0.232 0.240
0.228 0.240
0.228 0.240
0.216 0.240
0.227 0.240
0.231 0.240
* 0.243 0.240
0.242 0.240
0.272 0.240
0.262 0.240
0.243 0.240
0.237 0.240
0.237 0.240
* 0.278 0.240
0.278 0.240
0.275 0.240
0.290 0.240
0.259 0.240
0.276 0.240
0.254 0.240
0.270 0.240
0.269 0.240
0.228 0.240
0.213 0.240
0.221 0.240
0.238 0.240
0.238 0.240
0.234 0.240
* 0.260 0.240
0.231 0.240
0.239 0.240
* 0.256 0.240
0.245 0.240
0.231 0.240
0.242 0.240
0.231 0.240
0.242 0.240
0.233 0.240
0.242 0.240
0.242 0.240
0.233 0.240
0.233 0.240
0.229 0.240
0.233 0.240
0.235 0.240
0.235 0.240
0.224 0.240
* 0.246 0.240
0.247 0.240
0.219 0.240
0.244 0.240
0.255 0.240
0.238 0.240
0.238 0.240
* 0.248 0.240
0.247 0.240
0.263 0.240
0.263 0.240
0.257 0.240
0.254 0.240
0.236 0.240
0.236 0.240
0.178 0.240
0.229 0.240
* 0.240 0.240
0.250 0.240
0.256 0.240
0.256 0.240
0.268 0.240
0.268 0.240
0.263 0.240
0.271 0.240
0.285 0.240
0.271 0.240
0.266 0.240
0.266 0.240
0.262 0.240
0.238 0.240
0.224 0.240
* 0.261 0.240
0.244 0.240
0.226 0.240
0.251 0.240
0.245 0.240
0.245 0.240
0.233 0.240
0.230 0.240
* 0.240 0.240
0.244 0.240
0.250 0.240
0.250 0.240
0.271 0.240
0.243 0.240
0.242 0.240
0.231 0.240
0.240 0.240
* 0.243 0.240
0.243 0.240
0.262 0.240
0.260 0.240
0.254 0.240
0.247 0.240
0.258 0.240
0.234 0.240
0.234 0.240
0.236 0.240
* 0.254 0.240
0.240 0.240
0.225 0.240
* 0.244 0.240
0.226 0.240
0.241 0.240
0.241 0.240
0.248 0.240
0.248 0.240
0.261 0.240
0.255 0.240
0.261 0.240
0.248 0.240
0.248 0.240
0.344 0.240
0.314 0.240
0.317 0.240
0.316 0.240
0.313 0.240
0.291 0.240
0.322 0.240
0.322 0.240
0.303 0.240
0.336 0.240
0.336 0.240
0.291 0.240
0.324 0.240
0.300 0.240
0.286 0.240
0.286 0.240
0.312 0.240
0.330 0.240
0.348 0.240
0.324 0.240
0.318 0.240
0.354 0.240
0.291 0.240
0.291 0.240
0.321 0.240
0.334 0.240
0.373 0.240
0.304 0.240
0.263 0.240
0.263 0.240
0.246 0.240
0.261 0.240
0.264 0.240
0.266 0.240
0.312 0.240
0.301 0.240
0.321 0.240
0.300 0.240
0.283 0.240
0.283 0.240
0.309 0.240
0.268 0.240
0.303 0.240
0.288 0.240
0.321 0.240
0.321 0.240
0.306 0.240
0.320 0.240
0.310 0.240
0.279 0.240
0.280 0.240
0.269 0.240
0.269 0.240
0.231 0.240
0.232 0.240
* 0.259 0.240
0.282 0.240
0.249 0.240
0.249 0.240
0.249 0.240
0.257 0.240
0.266 0.240
0.281 0.240
0.287 0.240
0.280 0.240
0.283 0.240
0.283 0.240
0.288 0.240
0.308 0.240
0.291 0.240
0.276 0.240
0.289 0.240
0.312 0.240
0.306 0.240
0.302 0.240
0.329 0.240
0.324 0.240
0.311 0.240
0.302 0.240
0.305 0.240
0.266 0.240
0.256 0.240
0.284 0.240
0.274 0.240
0.259 0.240
0.270 0.240
0.277 0.240
0.277 0.240
0.291 0.240
0.308 0.240
0.302 0.240
0.306 0.240
0.328 0.240
0.288 0.240
0.288 0.240
0.285 0.240
0.288 0.240
0.271 0.240
0.269 0.240
0.265 0.240
0.277 0.240
0.270 0.240
0.280 0.240
0.276 0.240
0.276 0.240
0.291 0.240
0.293 0.240
0.285 0.240
0.299 0.240
0.286 0.240
0.286 0.240
0.291 0.240
0.290 0.240
0.235 0.240
0.278 0.240
0.261 0.240
0.272 0.240
0.285 0.240
0.275 0.240
0.276 0.240
0.280 0.240
0.284 0.240
0.267 0.240
0.266 0.240
0.287 0.240
0.287 0.240
0.290 0.240
0.293 0.240
0.292 0.240
0.291 0.240
0.293 0.240
0.297 0.240
0.300 0.240
0.302 0.240
0.302 0.240
0.311 0.240
0.298 0.240
0.309 0.240
0.295 0.240
0.319 0.240
0.298 0.240
0.277 0.240
0.251 0.240
0.251 0.240
0.288 0.240
0.292 0.240
0.286 0.240
0.280 0.240
0.307 0.240
0.311 0.240
0.311 0.240
0.331 0.240
0.323 0.240
0.310 0.240
0.290 0.240
0.291 0.240
0.288 0.240
0.288 0.240
0.270 0.240
0.219 0.240
0.238 0.240
0.238 0.240
* 0.259 0.240
0.240 0.240
0.240 0.240
0.256 0.240
0.284 0.240
0.231 0.240
0.265 0.240
0.329 0.240
0.320 0.240
0.340 0.240
0.274 0.240
0.315 0.240
0.315 0.240
0.275 0.240
0.286 0.240
0.321 0.240
0.271 0.240
0.286 0.240
0.295 0.240
0.259 0.240
0.233 0.240
0.258 0.240
0.217 0.240
0.236 0.240
0.240 0.240
* 0.294 0.240
0.289 0.240
0.235 0.240
0.357 0.240
0.305 0.240
0.333 0.240
0.317 0.240
0.304 0.240
0.333 0.240
0.334 0.240
0.320 0.240
0.319 0.240
0.331 0.240
0.304 0.240
0.275 0.240
0.286 0.240
0.292 0.240
0.303 0.240
0.288 0.240
0.268 0.240
0.278 0.240
0.177 0.240
0.225 0.240
* 0.248 0.240
0.259 0.240
0.259 0.240
0.261 0.240
0.232 0.240
0.276 0.240
0.268 0.240
0.268 0.240
0.271 0.240
0.266 0.240
0.267 0.240
0.284 0.240
0.284 0.240
0.284 0.240
0.291 0.240
0.273 0.240
0.240 0.240
0.287 0.240
0.282 0.240
0.307 0.240
0.289 0.240
0.303 0.240
0.287 0.240
0.265 0.240
0.288 0.240
0.273 0.240
0.266 0.240
0.284 0.240
0.266 0.240
0.270 0.240
0.258 0.240
0.279 0.240
0.279 0.240
0.290 0.240
0.277 0.240
0.256 0.240
0.238 0.240
0.265 0.240
0.265 0.240
0.252 0.240
0.256 0.240
0.275 0.240
0.275 0.240
0.275 0.240
0.275 0.240
0.295 0.240
0.273 0.240
0.261 0.240
0.262 0.240
0.262 0.240
0.241 0.240
0.241 0.240
0.261 0.240
0.256 0.240
0.266 0.240
0.271 0.240
0.279 0.240
0.279 0.240
0.261 0.240
0.254 0.240
0.268 0.240
0.246 0.240
0.258 0.240
0.258 0.240
0.250 0.240
0.264 0.240
0.261 0.240
0.253 0.240
0.273 0.240
0.251 0.240
0.251 0.240
0.257 0.240
0.252 0.240
0.252 0.240
0.266 0.240
0.268 0.240
0.259 0.240
0.259 0.240
0.261 0.240
0.272 0.240
0.252 0.240
0.259 0.240
0.244 0.240
0.244 0.240
0.254 0.240
0.253 0.240
0.250 0.240
0.255 0.240
0.237 0.240
0.250 0.240
0.250 0.240
0.279 0.240
0.241 0.240
0.246 0.240
0.241 0.240
0.250 0.240
0.248 0.240
0.261 0.240
0.261 0.240
0.260 0.240
0.250 0.240
0.263 0.240
0.263 0.240
0.264 0.240
0.264 0.240
0.259 0.240
0.237 0.240
0.259 0.240
0.263 0.240
0.244 0.240
0.268 0.240
0.268 0.240
0.245 0.240
0.241 0.240
0.264 0.240
0.263 0.240
0.263 0.240
0.264 0.240
0.260 0.240
0.259 0.240
0.221 0.240
0.272 0.240
0.272 0.240
0.263 0.240
0.262 0.240
0.264 0.240
0.272 0.240
0.272 0.240
0.250 0.240
0.296 0.240
0.278 0.240
0.276 0.240
0.260 0.240
0.276 0.240
0.276 0.240
0.271 0.240
0.263 0.240
0.179 0.240
0.212 0.240
* 0.246 0.240
0.257 0.240
0.257 0.240
0.264 0.240
0.240 0.240
0.254 0.240
0.244 0.240
0.240 0.240
0.252 0.240
0.235 0.240
0.235 0.240
* 0.243 0.240
0.253 0.240
0.247 0.240
0.241 0.240
0.241 0.240
0.259 0.240
0.248 0.240
0.248 0.240
0.239 0.240
0.262 0.240
0.262 0.240
0.209 0.240
0.251 0.240
0.241 0.240
0.229 0.240
0.243 0.240
0.243 0.240
0.235 0.240
0.220 0.240
* 0.261 0.240
0.241 0.240
0.241 0.240
0.248 0.240
0.233 0.240
0.246 0.240
0.221 0.240
0.236 0.240
* 0.254 0.240
0.246 0.240
0.246 0.240
0.255 0.240
0.260 0.240
0.250 0.240
0.250 0.240
0.263 0.240
0.246 0.240
0.266 0.240
0.246 0.240
0.263 0.240
0.262 0.240
0.265 0.240
0.282 0.240
0.282 0.240
0.273 0.240
0.254 0.240
0.265 0.240
0.262 0.240
0.243 0.240
0.257 0.240
0.257 0.240
0.254 0.240
0.230 0.240
0.254 0.240
0.252 0.240
0.254 0.240
0.260 0.240
0.260 0.240
0.229 0.240
0.248 0.240
0.232 0.240
0.248 0.240
0.231 0.240
0.259 0.240
0.262 0.240
0.255 0.240
0.248 0.240
0.264 0.240
0.266 0.240
0.267 0.240
0.267 0.240
0.259 0.240
0.259 0.240
0.233 0.240
0.255 0.240
0.248 0.240
0.252 0.240
0.252 0.240
0.237 0.240
0.239 0.240
* 0.255 0.240
0.239 0.240
0.254 0.240
0.250 0.240
0.261 0.240
0.264 0.240
0.271 0.240
0.283 0.240
0.275 0.240
0.253 0.240
0.253 0.240
0.264 0.240
0.259 0.240
0.268 0.240
0.253 0.240
0.262 0.240
0.286 0.240
0.286 0.240
0.278 0.240
0.253 0.240
0.223 0.240
0.250 0.240
0.209 0.240
0.214 0.240
0.236 0.240
0.236 0.240
0.236 0.240
* 0.265 0.240
0.254 0.240
0.248 0.240
0.241 0.240
0.252 0.240
0.279 0.240
0.279 0.240
0.259 0.240
0.284 0.240
0.269 0.240
0.258 0.240
0.224 0.240
0.224 0.240
* 0.260 0.240
0.250 0.240
0.261 0.240
0.236 0.240
0.234 0.240
* 0.256 0.240
0.256 0.240
0.233 0.240
0.232 0.240
* 0.252 0.240
0.241 0.240
0.228 0.240
0.228 0.240
* 0.245 0.240
0.308 0.240
0.249 0.240
0.288 0.240
0.249 0.240
0.299 0.240
0.289 0.240
0.289 0.240
0.267 0.240
0.275 0.240
0.260 0.240
0.270 0.240
0.258 0.240
0.258 0.240
0.290 0.240
0.290 0.240
0.256 0.240
0.250 0.240
0.264 0.240
0.294 0.240
0.271 0.240
0.295 0.240
0.275 0.240
0.266 0.240
0.263 0.240
0.263 0.240
0.296 0.240
0.271 0.240
0.278 0.240
0.293 0.240
0.282 0.240
0.302 0.240
0.294 0.240
0.289 0.240
0.273 0.240
0.273 0.240
0.279 0.240
0.267 0.240
0.280 0.240
0.280 0.240
0.280 0.240
0.268 0.240
0.257 0.240
0.262 0.240
0.276 0.240
0.283 0.240
0.282 0.240
0.282 0.240
0.266 0.240
0.250 0.240
0.258 0.240
0.250 0.240
0.250 0.240
0.284 0.240
0.306 0.240
0.294 0.240
0.281 0.240
0.273 0.240
0.244 0.240
0.244 0.240
0.287 0.240
0.289 0.240
0.269 0.240
0.247 0.240
0.255 0.240
0.215 0.240
0.215 0.240
0.227 0.240
* 0.245 0.240
0.271 0.240
0.257 0.240
0.267 0.240
0.267 0.240
0.277 0.240
0.266 0.240
0.277 0.240
0.284 0.240
0.291 0.240
0.280 0.240
0.260 0.240
0.269 0.240
0.250 0.240
0.210 0.240
0.274 0.240
0.311 0.240
0.311 0.240
0.315 0.240
0.297 0.240
0.307 0.240
0.297 0.240
0.274 0.240
0.268 0.240
0.268 0.240
0.285 0.240
0.289 0.240
0.275 0.240
0.303 0.240
0.295 0.240
0.285 0.240
0.297 0.240
0.297 0.240
0.280 0.240
0.269 0.240
0.279 0.240
0.298 0.240
0.281 0.240
0.303 0.240
0.252 0.240
0.260 0.240
0.280 0.240
0.280 0.240
0.292 0.240
0.273 0.240
0.282 0.240
0.268 0.240
0.268 0.240
0.257 0.240
0.264 0.240
0.248 0.240
0.243 0.240
0.240 0.240
0.202 0.240
0.198 0.240
0.202 0.240
0.221 0.240
* 0.269 0.240
0.268 0.240
0.270 0.240
0.241 0.240
0.290 0.240
0.269 0.240
0.269 0.240
0.263 0.240
0.258 0.240
0.260 0.240
0.252 0.240
0.252 0.240
0.277 0.240
0.290 0.240
0.314 0.240
0.287 0.240
0.278 0.240
0.306 0.240
0.329 0.240
0.311 0.240
0.295 0.240
0.214 0.240
0.293 0.240
0.211 0.240
0.211 0.240
* 0.260 0.240
0.260 0.240
0.271 0.240
0.272 0.240
0.290 0.240
0.268 0.240
0.268 0.240
0.211 0.240
0.276 0.240
0.239 0.240
0.239 0.240
0.237 0.240
* 0.318 0.240
0.243 0.240
0.315 0.240
0.315 0.240
0.346 0.240
0.321 0.240
0.321 0.240
0.336 0.240
0.336 0.240
0.327 0.240
0.330 0.240
0.332 0.240
0.314 0.240
0.324 0.240
0.324 0.240
0.326 0.240
0.340 0.240
0.330 0.240
0.330 0.240
0.325 0.240
0.334 0.240
0.334 0.240
0.334 0.240
0.321 0.240
0.338 0.240
0.302 0.240
0.311 0.240
0.294 0.240
0.209 0.240
0.209 0.240
0.234 0.240
0.217 0.240
* 0.266 0.240
0.286 0.240
0.278 0.240
0.301 0.240
0.276 0.240
0.222 0.240
0.222 0.240
* 0.305 0.240
0.245 0.240
0.230 0.240
0.201 0.240
0.200 0.240
* 0.291 0.240
0.298 0.240
0.243 0.240
0.243 0.240
0.257 0.240
0.203 0.240
0.186 0.240
0.198 0.240
0.198 0.240
* 0.278 0.240
0.309 0.240
0.309 0.240
0.307 0.240
0.241 0.240
0.240 0.240
0.223 0.240
* 0.242 0.240
0.242 0.240
0.230 0.240
0.241 0.240
0.239 0.240
0.307 0.240
0.307 0.240
0.316 0.240
0.316 0.240
0.310 0.240
0.335 0.240
0.335 0.240
0.332 0.240
0.334 0.240
0.313 0.240
0.315 0.240
0.315 0.240
0.324 0.240
0.327 0.240
0.329 0.240
0.318 0.240
0.318 0.240
0.324 0.240
0.240 0.240
0.318 0.240
0.198 0.240
0.234 0.240
0.234 0.240
* 0.245 0.240
0.315 0.240
0.218 0.240
0.218 0.240
0.206 0.240
0.208 0.240
0.237 0.240
* 0.287 0.240
0.287 0.240
0.298 0.240
0.289 0.240
0.285 0.240
0.285 0.240
0.302 0.240
0.295 0.240
0.290 0.240
0.295 0.240
0.295 0.240
0.259 0.240
0.266 0.240
0.257 0.240
0.192 0.240
0.238 0.240
0.238 0.240
* 0.306 0.240
0.257 0.240
0.306 0.240
0.351 0.240
0.345 0.240
0.267 0.240
0.238 0.240
0.238 0.240
* 0.318 0.240
0.243 0.240
0.231 0.240
0.222 0.240
0.222 0.240
0.239 0.240
* 0.256 0.240
0.238 0.240
0.233 0.240
0.233 0.240
* 0.324 0.240
0.211 0.240
0.237 0.240
0.229 0.240
0.229 0.240
* 0.241 0.240
0.211 0.240
0.208 0.240
0.208 0.240
0.208 0.240
0.227 0.240
0.235 0.240
0.211 0.240
0.211 0.240
* 0.259 0.240
0.217 0.240
0.212 0.240
0.219 0.240
* 0.256 0.240
0.227 0.240
0.227 0.240
* 0.332 0.240
0.255 0.240
0.259 0.240
0.259 0.240
0.204 0.240
0.306 0.240
0.332 0.240
0.318 0.240
0.318 0.240
0.309 0.240
0.309 0.240
0.317 0.240
0.319 0.240
0.227 0.240
0.230 0.240
0.232 0.240
* 0.271 0.240
0.305 0.240
0.290 0.240
0.290 0.240
0.295 0.240
0.311 0.240
0.295 0.240
0.300 0.240
0.300 0.240
0.265 0.240
0.276 0.240
0.282 0.240
0.269 0.240
0.280 0.240
0.234 0.240
0.272 0.240
0.280 0.240
0.280 0.240
0.281 0.240
0.280 0.240
0.311 0.240
0.302 0.240
0.257 0.240
0.263 0.240
0.298 0.240
0.311 0.240
0.261 0.240
0.297 0.240
0.297 0.240
0.303 0.240
0.253 0.240
0.263 0.240
0.230 0.240
0.230 0.240
* 0.241 0.240
0.251 0.240
0.257 0.240
0.252 0.240
0.252 0.240
0.323 0.240
0.316 0.240
0.314 0.240
0.314 0.240
0.298 0.240
0.319 0.240
0.277 0.240
0.318 0.240
0.298 0.240
0.316 0.240
0.316 0.240
0.300 0.240
0.317 0.240
0.319 0.240
0.319 0.240
0.298 0.240
0.296 0.240
0.286 0.240
0.306 0.240
0.306 0.240
0.306 0.240
0.303 0.240
0.312 0.240
0.314 0.240
0.314 0.240
0.301 0.240
0.297 0.240
0.301 0.240
0.301 0.240
0.309 0.240
0.283 0.240
0.311 0.240
0.298 0.240
0.298 0.240
0.307 0.240
0.281 0.240
0.288 0.240
0.303 0.240
0.303 0.240
0.287 0.240
0.305 0.240
0.301 0.240
0.305 0.240
0.305 0.240
0.286 0.240
0.309 0.240
0.312 0.240
0.324 0.240
0.324 0.240
0.316 0.240
0.317 0.240
0.301 0.240
0.300 0.240
0.300 0.240
0.301 0.240
0.322 0.240
0.315 0.240
0.316 0.240
0.323 0.240
0.323 0.240
0.316 0.240
0.326 0.240
0.312 0.240
0.295 0.240
0.319 0.240
0.319 0.240
0.310 0.240
0.326 0.240
0.321 0.240
0.312 0.240
0.312 0.240
0.320 0.240
0.321 0.240
0.308 0.240
0.328 0.240
0.328 0.240
0.309 0.240
0.291 0.240
0.307 0.240
0.326 0.240
0.326 0.240
0.310 0.240
0.312 0.240
0.314 0.240
0.308 0.240
0.318 0.240
0.318 0.240
0.296 0.240
0.308 0.240
0.305 0.240
0.305 0.240
0.317 0.240
0.315 0.240
0.331 0.240
0.323 0.240
0.323 0.240
0.317 0.240
0.310 0.240
0.308 0.240
0.301 0.240
0.301 0.240
0.294 0.240
0.301 0.240
0.311 0.240
0.335 0.240
0.335 0.240
0.275 0.240
0.303 0.240
0.314 0.240
0.320 0.240
0.320 0.240
0.300 0.240
0.313 0.240
0.315 0.240
0.305 0.240
0.305 0.240
0.298 0.240
0.283 0.240
0.312 0.240
0.319 0.240
0.319 0.240
0.322 0.240
0.320 0.240
0.308 0.240
0.292 0.240
0.314 0.240
0.350 0.240
0.350 0.240
0.354 0.240
0.335 0.240
0.302 0.240
0.331 0.240
0.292 0.240
0.298 0.240
0.298 0.240
0.228 0.240
0.214 0.240
0.222 0.240
0.219 0.240
* 0.252 0.240
0.341 0.240
0.323 0.240
0.348 0.240
0.336 0.240
0.323 0.240
0.331 0.240
0.321 0.240
0.320 0.240
0.230 0.240
0.217 0.240
* 0.292 0.240
0.322 0.240
0.301 0.240
0.301 0.240
0.309 0.240
0.328 0.240
0.218 0.240
0.232 0.240
0.230 0.240
0.197 0.240
0.197 0.240
0.224 0.240
0.224 0.240
* 0.312 0.240
0.308 0.240
0.314 0.240
0.328 0.240
0.305 0.240
0.304 0.240
0.312 0.240
0.306 0.240
0.295 0.240
0.292 0.240
0.292 0.240
0.323 0.240
0.328 0.240
0.301 0.240
0.301 0.240
0.333 0.240
0.228 0.240
0.279 0.240
0.307 0.240
0.309 0.240
0.309 0.240
0.231 0.240
0.304 0.240
0.304 0.240
0.194 0.240
0.245 0.240
0.243 0.240
0.218 0.240
0.232 0.240
0.232 0.240
0.224 0.240
0.221 0.240
0.230 0.240
* 0.283 0.240
0.287 0.240
0.266 0.240
0.269 0.240
0.269 0.240
0.288 0.240
0.295 0.240
0.232 0.240
0.212 0.240
0.212 0.240
0.221 0.240
0.220 0.240
0.188 0.240
* 0.303 0.240
0.303 0.240
0.191 0.240
0.290 0.240
0.168 0.240
0.195 0.240
0.195 0.240
0.201 0.240
0.178 0.240
0.220 0.240
0.217 0.240
0.208 0.240
0.238 0.240
0.238 0.240
0.230 0.240
0.227 0.240
0.221 0.240
* 0.254 0.240
0.254 0.240
0.283 0.240
0.264 0.240
0.304 0.240
0.293 0.240
0.293 0.240
0.307 0.240
0.302 0.240
0.321 0.240
0.296 0.240
0.296 0.240
0.295 0.240
0.304 0.240
0.292 0.240
0.315 0.240
0.315 0.240
0.303 0.240
0.312 0.240
0.310 0.240
0.317 0.240
0.312 0.240
0.312 0.228
0.321 0.228
0.305 0.228
0.299 0.228
0.275 0.228
0.275 0.228
0.319 0.228
0.278 0.228
0.278 0.228
0.222 0.228
0.231 0.228
0.261 0.228
0.236 0.228
0.236 0.228
0.226 0.228
0.239 0.228
0.240 0.227
0.223 0.227
0.223 0.227
* 0.280 0.227
0.246 0.227
0.223 0.227
0.208 0.227
0.208 0.227
0.224 0.227
* 0.240 0.227
0.221 0.227
0.248 0.227
0.248 0.227
0.225 0.227
0.247 0.227
0.259 0.227
0.231 0.227
0.231 0.227
0.235 0.227
0.171 0.227
0.201 0.227
* 0.228 0.227
0.228 0.226
0.199 0.226
0.252 0.226
0.259 0.226
0.248 0.226
0.248 0.226
0.320 0.226
0.312 0.226
0.308 0.226
0.298 0.226
0.226 0.226
0.226 0.226
0.209 0.226
0.297 0.226
0.304 0.226
0.319 0.226
0.315 0.226
0.315 0.226
0.332 0.226
0.272 0.226
0.276 0.226
0.276 0.226
0.246 0.226
0.239 0.226
0.244 0.226
0.261 0.226
0.261 0.226
0.278 0.226
0.257 0.226
0.227 0.225
0.261 0.225
0.261 0.225
0.219 0.225
0.232 0.225
0.220 0.225
0.228 0.225
0.226 0.225
0.226 0.225
0.208 0.225
0.254 0.224
0.228 0.224
0.270 0.224
0.217 0.224
0.236 0.224
0.234 0.224
0.231 0.224
0.263 0.224
0.256 0.224
0.231 0.224
0.248 0.224
0.223 0.224
0.250 0.224
0.250 0.224
0.228 0.224
0.272 0.224
0.219 0.224
0.240 0.223
0.240 0.223
0.223 0.223
0.259 0.223
0.342 0.223
0.326 0.223
0.326 0.223
0.254 0.223
0.254 0.223
0.257 0.223
0.260 0.223
0.260 0.223
0.361 0.223
0.288 0.223
0.298 0.223
0.298 0.223
0.303 0.223
0.303 0.223
0.306 0.223
0.303 0.223
0.303 0.223
0.304 0.223
0.319 0.223
0.286 0.223
0.226 0.223
0.256 0.223
0.252 0.223
0.252 0.223
0.265 0.223
0.333 0.223
0.333 0.223
0.207 0.223
0.207 0.223
* 0.233 0.223
0.250 0.222
0.212 0.222
0.197 0.222
0.190 0.222
0.190 0.222
* 0.236 0.222
0.282 0.222
0.299 0.222
0.299 0.222
0.302 0.222
0.302 0.222
0.303 0.222
0.224 0.222
0.224 0.222
0.252 0.222
0.247 0.222
0.223 0.222
0.341 0.222
0.341 0.222
0.250 0.222
0.232 0.222
0.243 0.222
0.220 0.222
0.243 0.221
0.243 0.221
0.203 0.221
0.328 0.221
0.310 0.221
0.299 0.221
0.311 0.221
0.209 0.221
0.209 0.221
0.196 0.221
* 0.277 0.221
0.274 0.221
0.291 0.221
0.207 0.221
0.235 0.221
0.235 0.221
0.301 0.221
0.296 0.221
0.281 0.221
0.326 0.221
0.326 0.221
0.234 0.221
0.234 0.221
0.243 0.221
0.213 0.221
0.213 0.221
0.219 0.221
* 0.247 0.221
0.318 0.221
0.313 0.221
0.313 0.221
0.291 0.221
0.277 0.221
0.296 0.221
0.312 0.221
0.312 0.221
0.305 0.221
0.223 0.221
0.223 0.221
0.234 0.221
0.258 0.221
0.265 0.221
0.239 0.221
0.239 0.221
0.223 0.220
0.239 0.220
0.299 0.220
0.239 0.220
0.323 0.220
0.323 0.220
0.223 0.220
0.203 0.220
0.320 0.220
0.320 0.220
0.231 0.220
0.223 0.220
0.259 0.220
0.335 0.220
0.324 0.220
0.351 0.220
0.220 0.220
0.220 0.220
* 0.229 0.220
0.245 0.220
0.248 0.220
0.242 0.220
0.256 0.220
0.346 0.220
0.261 0.220
0.247 0.220
0.252 0.220
0.252 0.220
0.230 0.220
0.280 0.220
0.238 0.220
0.249 0.220
0.256 0.220
0.319 0.220
0.309 0.220
0.316 0.220
0.318 0.220
0.351 0.220
0.339 0.220
0.287 0.220
0.301 0.220
0.279 0.220
0.310 0.220
0.327 0.220
0.232 0.220
0.232 0.220
0.237 0.220
0.237 0.220
0.243 0.220
0.208 0.220
0.208 0.220
* 0.339 0.220
0.339 0.220
0.247 0.220
0.250 0.220
0.223 0.220
0.306 0.220
0.306 0.220
0.330 0.220
0.213 0.220
0.222 0.220
0.234 0.220
0.217 0.220
0.241 0.219
0.211 0.219
0.347 0.219
0.345 0.219
0.336 0.219
0.336 0.219
0.256 0.219
0.206 0.219
0.206 0.219
* 0.225 0.219
0.241 0.219
0.345 0.219
0.208 0.219
0.326 0.219
0.340 0.219
0.340 0.219
0.265 0.219
0.247 0.219
0.232 0.219
0.350 0.219
0.327 0.219
0.280 0.219
0.249 0.219
0.330 0.219
0.329 0.219
0.329 0.219
0.309 0.219
0.337 0.219
0.336 0.219
0.234 0.219
0.234 0.218
0.256 0.218
0.327 0.218
0.325 0.218
0.321 0.218
0.259 0.218
0.355 0.218
0.355 0.218
0.357 0.218
0.336 0.218
0.299 0.218
0.357 0.218
0.357 0.218
0.351 0.218
0.367 0.218
0.263 0.218
0.331 0.218
0.331 0.218
0.273 0.218
0.282 0.218
0.341 0.218
0.308 0.218
0.308 0.218
0.310 0.218
0.295 0.218
0.313 0.218
0.301 0.218
0.301 0.218
0.309 0.218
0.217 0.218
0.222 0.218
0.307 0.218
0.307 0.218
0.321 0.218
0.295 0.218
0.307 0.218
0.307 0.218
0.331 0.218
0.266 0.218
0.326 0.218
0.314 0.218
0.314 0.218
0.297 0.218
0.326 0.218
0.318 0.218
0.336 0.217
0.336 0.217
0.211 0.217
0.316 0.217
0.330 0.217
0.308 0.217
0.308 0.217
0.327 0.217
0.317 0.217
0.320 0.217
0.314 0.217
0.319 0.217
0.343 0.217
0.319 0.217
0.319 0.217
0.259 0.217
0.313 0.217
0.313 0.217
0.313 0.217
0.321 0.217
0.291 0.217
0.304 0.217
0.304 0.217
0.311 0.217
0.311 0.217
0.293 0.217
0.295 0.217
0.277 0.217
0.277 0.217
0.215 0.217
0.266 0.217
0.282 0.217
0.265 0.217
0.265 0.217
0.222 0.217
0.240 0.217
0.245 0.217
0.245 0.217
0.310 0.217
0.211 0.217
0.320 0.217
0.337 0.217
0.337 0.217
0.221 0.217
0.312 0.217
0.233 0.217
0.291 0.217
0.291 0.217
0.301 0.217
0.279 0.217
0.295 0.217
0.220 0.217
0.220 0.217
0.305 0.217
0.201 0.217
0.201 0.217
* 0.244 0.217
0.244 0.216
0.346 0.216
0.346 0.216
0.222 0.216
0.210 0.216
0.241 0.216
0.231 0.216
0.231 0.216
0.218 0.216
0.252 0.216
0.222 0.216
0.211 0.216
0.244 0.215
0.233 0.215
0.248 0.215
0.239 0.215
0.235 0.215
0.233 0.215
0.233 0.215
0.242 0.215
0.243 0.215
0.258 0.215
0.260 0.215
0.260 0.215
0.190 0.215
0.234 0.215
0.280 0.215
0.260 0.215
0.260 0.215
0.300 0.215
0.295 0.215
0.271 0.215
0.300 0.215
0.300 0.215
0.298 0.215
0.289 0.215
0.294 0.215
0.276 0.215
0.281 0.215
0.274 0.215
0.274 0.215
0.232 0.247
0.305 0.247
0.300 0.247
0.200 0.247
0.200 0.247
0.206 0.247
0.202 0.247
* 0.342 0.215
0.320 0.215
0.320 0.215
0.170 0.215
0.208 0.215
* 0.300 0.215
0.288 0.215
0.194 0.215
0.306 0.215
0.290 0.215
0.284 0.215
0.281 0.215
0.285 0.215
0.286 0.215
0.315 0.215
0.223 0.214
0.223 0.247
0.211 0.247
0.202 0.247
* 0.256 0.247
0.340 0.214
0.315 0.214
0.322 0.214
0.302 0.214
0.301 0.214
0.328 0.214
0.306 0.214
0.307 0.214
0.228 0.214
0.243 0.214
0.243 0.214
0.242 0.214
0.270 0.214
0.236 0.214
0.247 0.247
0.247 0.247
0.321 0.247
0.339 0.214
0.339 0.214
0.333 0.214
0.302 0.214
0.315 0.214
0.315 0.214
0.327 0.214
0.247 0.214
0.231 0.214
0.219 0.247
0.219 0.247
0.218 0.247
0.239 0.247
* 0.284 0.214
0.234 0.247
0.234 0.247
* 0.348 0.247
0.320 0.214
0.335 0.214
0.321 0.214
0.321 0.214
0.274 0.214
0.305 0.214
0.306 0.214
0.319 0.214
0.324 0.214
0.313 0.214
0.308 0.214
0.324 0.214
0.337 0.214
0.337 0.214
0.324 0.214
0.335 0.214
0.334 0.214
0.334 0.214
0.322 0.214
0.322 0.214
0.308 0.214
0.239 0.214
0.189 0.214
0.304 0.214
0.324 0.214
0.349 0.214
0.226 0.214
0.226 0.214
0.227 0.214
0.302 0.214
0.309 0.214
0.321 0.214
0.203 0.214
0.324 0.214
0.241 0.214
0.241 0.214
0.342 0.214
0.342 0.214
0.312 0.214
0.309 0.214
0.308 0.214
0.333 0.214
0.308 0.214
0.226 0.214
0.290 0.214
0.329 0.214
0.325 0.214
0.325 0.214
0.307 0.214
0.326 0.214
0.259 0.214
0.287 0.214
0.287 0.214
0.260 0.214
0.271 0.214
0.293 0.214
0.253 0.214
0.249 0.214
0.314 0.214
0.300 0.214
0.338 0.214
0.304 0.214
0.303 0.214
0.282 0.214
0.299 0.214
0.293 0.215
0.287 0.215
0.307 0.215
0.303 0.215
0.287 0.215
0.306 0.215
0.344 0.215
0.318 0.215
0.314 0.215
0.320 0.215
0.299 0.215
0.324 0.215
0.321 0.215
0.320 0.215
0.320 0.215
0.343 0.215
0.328 0.215
0.306 0.215
0.307 0.215
0.314 0.215
0.297 0.215
0.273 0.215
0.294 0.215
0.216 0.215
0.216 0.215
0.188 0.215
0.164 0.215
* 0.282 0.215
0.296 0.215
0.296 0.215
0.318 0.215
0.289 0.215
0.315 0.215
0.313 0.215
0.313 0.215
0.200 0.215
0.297 0.215
0.312 0.215
0.292 0.215
0.292 0.215
0.319 0.215
0.308 0.215
0.323 0.215
0.323 0.215
0.265 0.215
0.258 0.215
0.238 0.215
0.287 0.215
0.216 0.215
0.227 0.215
0.363 0.215
0.363 0.215
0.344 0.215
0.238 0.215
0.243 0.214
0.243 0.214
0.265 0.214
0.222 0.214
0.222 0.214
0.245 0.214
0.245 0.214
0.211 0.214
0.242 0.214
0.219 0.214
0.271 0.214
0.271 0.214
0.236 0.214
0.230 0.214
0.334 0.214
0.348 0.214
0.350 0.214
0.350 0.213
0.319 0.214
0.303 0.214
0.348 0.214
0.348 0.214
0.344 0.214
0.229 0.213
0.243 0.213
0.324 0.213
0.324 0.213
0.353 0.213
0.355 0.213
0.353 0.213
0.250 0.213
0.250 0.213
0.287 0.213
0.301 0.213
0.300 0.213
0.320 0.213
0.320 0.213
0.308 0.213
0.318 0.213
0.312 0.213
0.324 0.213
0.324 0.213
0.312 0.213
0.304 0.213
0.329 0.213
0.301 0.213
0.301 0.213
0.308 0.213
0.301 0.213
0.292 0.213
0.294 0.213
0.294 0.213
0.301 0.213
0.288 0.213
0.348 0.213
0.336 0.213
0.337 0.213
0.337 0.213
0.345 0.213
0.323 0.213
0.331 0.213
0.335 0.213
0.361 0.213
0.323 0.213
0.334 0.213
0.306 0.213
0.303 0.213
0.314 0.213
0.306 0.213
0.306 0.213
0.315 0.213
0.312 0.213
0.309 0.213
0.309 0.213
0.294 0.213
0.282 0.213
0.297 0.213
0.297 0.213
0.261 0.213
0.313 0.213
0.365 0.213
0.224 0.213
0.224 0.213
0.247 0.213
0.242 0.213
0.308 0.213
0.309 0.213
0.250 0.213
0.250 0.213
0.219 0.213
0.221 0.212
0.205 0.212
0.252 0.212
0.252 0.212
0.240 0.212
0.232 0.212
0.226 0.212
0.221 0.212
0.221 0.212
0.253 0.212
0.220 0.212
0.206 0.212
0.240 0.211
0.240 0.211
0.249 0.211
0.221 0.211
0.206 0.211
0.251 0.211
0.251 0.211
0.220 0.211
0.242 0.211
0.209 0.211
0.225 0.211
0.220 0.210
0.220 0.210
0.206 0.210
0.215 0.210
0.210 0.210
0.238 0.210
0.238 0.210
0.210 0.210
0.183 0.210
0.197 0.210
* 0.228 0.210
0.228 0.210
0.172 0.210
0.214 0.209
0.194 0.209
0.193 0.209
0.193 0.209
0.187 0.209
* 0.235 0.209
0.194 0.209
0.227 0.209
0.192 0.209
0.194 0.209
0.194 0.209
* 0.230 0.209
0.230 0.209
0.241 0.209
0.252 0.209
0.322 0.209
0.254 0.209
0.276 0.209
0.252 0.209
0.225 0.209
0.256 0.209
0.332 0.208
0.337 0.208
0.343 0.209
0.320 0.209
0.241 0.209
0.325 0.208
0.331 0.209
0.332 0.209
0.327 0.209
0.327 0.209
0.320 0.209
0.326 0.209
0.326 0.209
0.318 0.209
0.327 0.209
0.321 0.209
0.332 0.209
0.338 0.209
0.330 0.209
0.330 0.209
0.324 0.209
0.330 0.209
0.347 0.208
0.319 0.208
0.344 0.208
0.336 0.208
0.331 0.208
0.307 0.209
0.307 0.209
0.328 0.209
0.320 0.209
0.332 0.209
0.343 0.209
0.343 0.209
0.339 0.209
0.278 0.209
0.359 0.209
0.232 0.208
0.232 0.208
0.344 0.208
0.351 0.208
0.319 0.208
0.319 0.208
0.322 0.208
0.340 0.208
0.345 0.208
0.341 0.208
0.341 0.208
0.329 0.208
0.336 0.208
0.335 0.208
0.342 0.208
0.342 0.208
0.334 0.208
0.328 0.208
0.252 0.208
0.227 0.208
0.212 0.208
0.212 0.208
0.227 0.208
0.216 0.208
0.247 0.208
0.228 0.208
0.228 0.208
0.232 0.207
0.200 0.207
0.255 0.207
0.235 0.207
0.235 0.207
0.190 0.207
0.209 0.207
0.235 0.207
0.220 0.207
0.317 0.207
0.317 0.207
0.309 0.207
0.331 0.207
0.341 0.207
0.330 0.207
0.330 0.207
0.327 0.207
0.333 0.207
0.313 0.207
0.324 0.207
0.298 0.207
0.298 0.207
0.316 0.207
0.289 0.207
0.293 0.207
0.341 0.207
0.341 0.207
0.302 0.207
0.330 0.207
0.318 0.207
0.250 0.207
0.250 0.207
0.243 0.207
0.240 0.207
0.229 0.207
0.213 0.207
0.222 0.207
0.222 0.207
0.222 0.207
0.205 0.207
0.245 0.206
0.223 0.206
0.223 0.206
0.279 0.206
0.352 0.206
0.225 0.206
0.338 0.206
0.338 0.206
0.343 0.206
0.331 0.206
0.316 0.207
0.315 0.207
0.315 0.207
0.331 0.207
0.330 0.207
0.197 0.207
0.330 0.207
0.330 0.207
0.191 0.207
0.324 0.206
0.322 0.206
0.322 0.206
0.326 0.207
0.331 0.207
0.330 0.207
0.315 0.207
0.352 0.207
0.352 0.207
0.327 0.207
0.316 0.207
0.301 0.207
0.320 0.207
0.320 0.207
0.331 0.207
0.233 0.207
0.219 0.207
0.259 0.207
0.360 0.207
0.372 0.207
0.384 0.206
0.384 0.206
0.345 0.206
0.361 0.206
0.348 0.206
0.343 0.206
0.222 0.206
0.335 0.206
0.340 0.206
0.326 0.206
0.335 0.206
0.335 0.206
0.326 0.206
0.260 0.206
0.243 0.206
0.281 0.206
0.256 0.206
0.256 0.206
0.240 0.206
0.253 0.206
0.353 0.206
0.338 0.206
0.338 0.206
0.314 0.206
0.340 0.206
0.356 0.206
0.344 0.206
0.361 0.206
0.350 0.206
0.357 0.206
0.372 0.206
0.372 0.206
0.352 0.206
0.352 0.206
0.273 0.207
0.316 0.207
0.316 0.207
0.326 0.207
0.331 0.207
0.344 0.207
0.354 0.207
0.361 0.207
0.354 0.207
0.342 0.207
0.358 0.207
0.319 0.207
0.335 0.207
0.334 0.207
0.354 0.207
0.354 0.207
0.318 0.207
0.364 0.207
0.351 0.207
0.363 0.207
0.344 0.207
0.361 0.207
0.356 0.207
0.350 0.207
0.375 0.207
0.367 0.207
0.358 0.207
0.358 0.207
0.373 0.207
0.348 0.207
0.348 0.207
0.353 0.207
0.353 0.207
0.367 0.207
0.364 0.207
0.390 0.207
0.357 0.207
0.353 0.207
0.353 0.207
0.341 0.207
0.364 0.207
0.351 0.207
0.351 0.207
0.370 0.207
0.354 0.207
0.357 0.207
0.352 0.207
0.352 0.207
0.363 0.207
0.363 0.207
0.360 0.207
0.359 0.207
0.341 0.207
0.360 0.207
0.360 0.207
0.342 0.207
0.362 0.207
0.366 0.207
0.396 0.207
0.396 0.207
0.363 0.207
0.357 0.207
0.373 0.207
0.365 0.207
0.353 0.207
0.353 0.207
0.358 0.207
0.373 0.207
0.363 0.207
0.371 0.207
0.371 0.207
0.365 0.207
0.364 0.207
0.362 0.207
0.364 0.207
0.364 0.207
0.364 0.207
0.331 0.207
0.349 0.207
0.346 0.207
0.366 0.207
0.343 0.207
0.343 0.207
0.367 0.207
0.367 0.207
0.344 0.207
0.356 0.207
0.356 0.208
0.355 0.208
0.353 0.208
0.359 0.208
0.359 0.208
0.337 0.208
0.351 0.208
0.307 0.208
0.360 0.208
0.360 0.208
0.339 0.208
0.314 0.208
0.360 0.208
0.324 0.208
0.324 0.208
0.315 0.208
0.333 0.208
0.301 0.208
0.374 0.208
0.338 0.208
0.304 0.208
0.304 0.208
0.274 0.208
0.248 0.208
0.265 0.208
0.292 0.208
0.292 0.208
0.250 0.208
0.226 0.208
0.265 0.208
0.253 0.208
0.253 0.208
0.350 0.208
0.317 0.208
0.355 0.208
0.375 0.208
0.304 0.208
0.304 0.208
0.359 0.208
0.350 0.208
0.264 0.208
0.259 0.208
0.259 0.208
0.311 0.208
0.306 0.208
0.304 0.208
0.276 0.208
0.276 0.208
0.247 0.208
0.314 0.208
0.349 0.208
0.329 0.208
0.329 0.208
0.319 0.208
0.315 0.208
0.316 0.208
0.287 0.208
0.287 0.208
0.309 0.208
0.325 0.208
0.348 0.208
0.317 0.208
0.349 0.208
0.349 0.208
0.324 0.208
0.317 0.208
0.329 0.208
0.358 0.208
0.358 0.208
0.340 0.208
0.309 0.208
0.350 0.208
0.333 0.209
0.333 0.209
0.348 0.209
0.339 0.209
0.356 0.208
0.334 0.209
0.352 0.209
0.352 0.209
0.351 0.209
0.341 0.209
0.335 0.209
0.219 0.209
0.219 0.208
0.229 0.208
0.289 0.208
0.311 0.209
0.278 0.209
0.278 0.209
0.326 0.209
0.325 0.209
0.324 0.209
0.345 0.209
0.291 0.209
0.291 0.209
0.287 0.209
0.259 0.209
0.294 0.209
0.242 0.209
0.244 0.209
0.244 0.209
0.243 0.209
0.313 0.209
0.300 0.209
0.312 0.209
0.312 0.209
0.289 0.209
0.315 0.209
0.232 0.209
0.265 0.209
0.265 0.209
0.267 0.209
0.274 0.208
0.281 0.208
0.280 0.208
0.272 0.208
0.290 0.208
0.289 0.208
0.282 0.208
0.285 0.208
0.278 0.208
0.278 0.208
0.243 0.208
0.214 0.208
0.214 0.208
0.258 0.208
0.277 0.208
0.281 0.208
0.257 0.208
0.268 0.208
0.286 0.208
0.245 0.208
0.215 0.208
0.237 0.208
0.257 0.208
0.272 0.208
0.289 0.208
0.262 0.208
0.285 0.208
0.285 0.208
0.285 0.208
0.204 0.208
0.199 0.208
* 0.252 0.208
0.267 0.208
0.277 0.208
0.284 0.208
0.194 0.208
0.205 0.208
0.205 0.208
* 0.259 0.208
0.272 0.208
0.263 0.208
0.263 0.208
0.265 0.208
0.270 0.208
0.279 0.208
0.269 0.208
0.269 0.208
0.245 0.208
0.245 0.208
0.268 0.208
0.268 0.208
0.299 0.208
0.299 0.208
0.268 0.208
0.268 0.208
0.273 0.208
0.250 0.208
0.250 0.208
0.260 0.208
0.255 0.208
0.229 0.208
0.258 0.208
0.258 0.208
0.265 0.208
0.224 0.208
0.257 0.208
0.293 0.208
0.293 0.208
0.270 0.208
0.243 0.208
0.185 0.208
0.185 0.208
* 0.262 0.208
0.296 0.208
0.292 0.208
0.292 0.208
0.293 0.208
0.294 0.208
0.295 0.208
0.295 0.208
0.237 0.207
0.260 0.207
0.282 0.207
0.282 0.207
0.305 0.207
0.298 0.207
0.206 0.207
0.219 0.207
0.219 0.207
0.266 0.207
0.296 0.207
0.285 0.207
0.285 0.207
0.285 0.207
0.245 0.207
0.279 0.207
0.279 0.207
0.294 0.207
0.279 0.207
0.279 0.207
0.283 0.207
0.270 0.207
0.287 0.207
0.287 0.207
0.186 0.207
0.257 0.207
0.274 0.207
0.271 0.207
0.271 0.207
0.283 0.207
0.271 0.207
0.271 0.207
0.199 0.207
0.198 0.207
* 0.247 0.207
0.247 0.207
0.297 0.207
0.269 0.207
0.269 0.207
0.277 0.207
0.284 0.207
0.267 0.207
0.272 0.207
0.272 0.207
0.247 0.207
0.244 0.207
0.249 0.207
0.249 0.207
0.252 0.206
0.254 0.206
0.246 0.206
0.262 0.206
0.270 0.206
0.281 0.206
0.255 0.206
0.262 0.206
0.261 0.206
0.261 0.206
0.275 0.206
0.236 0.206
0.238 0.206
0.255 0.206
0.244 0.206
0.279 0.206
0.279 0.206
0.275 0.206
0.274 0.206
0.271 0.206
0.268 0.206
0.248 0.206
0.248 0.206
0.265 0.206
0.277 0.206
0.273 0.206
0.273 0.206
0.257 0.206
0.267 0.206
0.282 0.206
0.287 0.206
0.287 0.206
0.265 0.206
0.288 0.206
0.288 0.206
0.245 0.206
0.245 0.206
0.223 0.206
0.264 0.206
0.270 0.206
0.260 0.206
0.260 0.206
0.272 0.206
0.268 0.206
0.250 0.206
0.234 0.206
0.234 0.206
0.275 0.206
0.308 0.206
0.193 0.206
0.300 0.205
0.300 0.205
0.329 0.205
0.318 0.205
0.316 0.205
0.304 0.205
0.283 0.205
0.270 0.205
0.295 0.205
0.295 0.205
0.303 0.205
0.217 0.205
0.257 0.205
0.290 0.205
0.290 0.205
0.319 0.205
0.299 0.205
0.299 0.205
0.250 0.205
0.259 0.205
0.274 0.205
0.241 0.205
0.281 0.205
0.302 0.205
0.286 0.205
0.308 0.205
0.308 0.205
0.319 0.205
0.328 0.205
0.328 0.205
0.309 0.205
0.321 0.206
0.331 0.206
0.319 0.206
0.319 0.206
0.313 0.206
0.307 0.206
0.305 0.206
0.302 0.206
0.303 0.206
0.322 0.206
0.322 0.206
0.301 0.206
0.306 0.206
0.314 0.206
0.308 0.206
0.300 0.206
0.315 0.206
0.319 0.206
0.315 0.206
0.315 0.206
0.327 0.206
0.294 0.206
0.334 0.206
0.335 0.206
0.335 0.206
0.320 0.206
0.320 0.206
0.272 0.206
0.285 0.206
0.285 0.206
0.210 0.206
0.192 0.206
0.266 0.205
0.290 0.205
0.273 0.205
0.223 0.205
0.247 0.205
0.268 0.205
0.356 0.205
0.356 0.205
0.327 0.205
0.319 0.205
0.324 0.205
0.320 0.205
0.309 0.205
0.301 0.205
0.326 0.205
0.316 0.205
0.326 0.205
0.326 0.205
0.350 0.205
0.340 0.205
0.333 0.205
0.340 0.205
0.327 0.205
0.328 0.205
0.341 0.205
0.277 0.205
0.288 0.205
0.288 0.205
0.324 0.205
0.341 0.205
0.352 0.205
0.333 0.205
0.356 0.205
0.356 0.205
0.354 0.205
0.349 0.205
0.321 0.205
0.321 0.205
0.332 0.205
0.315 0.205
0.325 0.205
0.318 0.205
0.318 0.205
0.338 0.205
0.312 0.205
0.337 0.205
0.317 0.205
0.317 0.205
0.357 0.205
0.313 0.205
0.314 0.205
0.242 0.205
0.242 0.205
0.372 0.205
0.273 0.205
0.346 0.205
0.280 0.205
0.280 0.204
0.272 0.204
0.329 0.204
0.328 0.204
0.329 0.204
0.329 0.204
0.323 0.204
0.351 0.204
0.325 0.204
0.312 0.204
0.312 0.204
0.329 0.204
0.266 0.204
0.272 0.204
0.357 0.204
0.230 0.204
0.231 0.204
0.231 0.204
0.275 0.204
0.242 0.204
0.262 0.204
0.264 0.204
0.264 0.204
0.264 0.204
0.229 0.204
0.223 0.204
0.298 0.204
0.325 0.204
0.325 0.204
0.327 0.204
0.321 0.204
0.331 0.204
0.327 0.204
0.237 0.204
0.237 0.203
0.236 0.203
0.246 0.203
0.340 0.203
0.328 0.203
0.328 0.203
0.312 0.203
0.323 0.203
0.318 0.203
0.342 0.203
0.342 0.203
0.340 0.203
0.324 0.203
0.249 0.203
0.275 0.203
0.304 0.203
0.304 0.203
0.318 0.203
0.328 0.203
0.320 0.203
0.318 0.203
0.302 0.203
0.239 0.203
0.239 0.203
0.234 0.203
0.243 0.203
0.224 0.203
0.197 0.203
0.217 0.203
0.217 0.202
0.240 0.202
0.296 0.202
0.293 0.202
0.319 0.202
0.284 0.202
0.284 0.202
0.318 0.202
0.346 0.202
0.336 0.202
0.345 0.202
0.345 0.202
0.330 0.202
0.350 0.202
0.329 0.202
0.316 0.202
0.316 0.202
0.294 0.202
0.273 0.202
0.268 0.202
0.269 0.202
0.293 0.202
0.296 0.202
0.296 0.202
0.297 0.202
0.293 0.202
0.288 0.202
0.288 0.203
0.319 0.203
0.319 0.203
0.297 0.203
0.261 0.203
0.252 0.203
0.293 0.203
0.300 0.203
0.300 0.203
0.292 0.203
0.322 0.203
0.334 0.203
0.305 0.203
0.305 0.203
0.323 0.203
0.307 0.203
0.315 0.203
0.302 0.203
0.302 0.203
0.289 0.203
0.299 0.203
0.315 0.203
0.333 0.203
0.333 0.203
0.337 0.203
0.310 0.203
0.328 0.203
0.341 0.203
0.341 0.203
0.335 0.203
0.308 0.203
0.329 0.203
0.317 0.203
0.343 0.203
0.344 0.203
0.344 0.203
0.328 0.203
0.314 0.203
0.300 0.203
0.315 0.203
0.315 0.203
0.307 0.203
0.313 0.203
0.289 0.203
0.289 0.203
0.302 0.203
0.308 0.203
0.300 0.203
0.321 0.203
0.321 0.204
0.312 0.204
0.312 0.204
0.324 0.204
0.317 0.204
0.306 0.204
0.335 0.204
0.323 0.204
0.332 0.204
0.328 0.204
0.349 0.204
0.321 0.204
0.321 0.204
0.335 0.205
0.335 0.205
0.319 0.205
0.322 0.205
0.322 0.205
0.338 0.205
0.338 0.205
0.316 0.205
0.325 0.205
0.346 0.205
0.277 0.205
0.243 0.205
0.190 0.205
0.190 0.205
* 0.271 0.205
0.271 0.205
0.264 0.205
0.262 0.205
0.298 0.206
0.281 0.206
0.278 0.206
0.278 0.205
0.307 0.205
0.308 0.205
0.289 0.205
0.289 0.205
0.317 0.206
0.315 0.206
0.283 0.206
0.321 0.206
0.334 0.206
0.334 0.206
0.360 0.206
0.354 0.206
0.354 0.206
0.323 0.206
0.333 0.206
0.329 0.206
0.308 0.206
0.298 0.206
0.308 0.206
0.308 0.207
0.295 0.207
0.286 0.207
0.258 0.207
0.261 0.207
0.261 0.207
0.274 0.207
0.220 0.207
0.266 0.207
0.275 0.207
0.215 0.207
0.215 0.207
0.244 0.207
0.252 0.207
0.270 0.207
0.261 0.207
0.281 0.207
0.281 0.207
0.298 0.207
0.266 0.207
0.279 0.207
0.265 0.207
0.269 0.208
0.285 0.208
0.285 0.208
0.284 0.208
0.275 0.208
0.252 0.208
0.273 0.208
0.250 0.208
0.250 0.208
0.263 0.208
0.245 0.208
0.278 0.208
0.259 0.208
0.252 0.208
0.252 0.207
0.258 0.207
0.252 0.207
0.247 0.207
0.262 0.207
0.302 0.207
0.282 0.207
0.251 0.207
0.251 0.207
0.274 0.207
0.282 0.207
0.279 0.207
0.260 0.207
0.247 0.207
0.253 0.207
0.253 0.207
0.277 0.207
0.272 0.207
0.223 0.207
0.232 0.207
0.253 0.207
0.245 0.207
0.240 0.207
0.240 0.207
0.240 0.207
0.251 0.207
0.255 0.207
0.276 0.207
0.286 0.207
0.278 0.207
0.278 0.207
0.273 0.207
0.302 0.207
0.279 0.207
0.299 0.207
0.281 0.207
0.281 0.207
0.295 0.208
0.290 0.208
0.296 0.208
0.282 0.208
0.293 0.208
0.292 0.208
0.292 0.208
0.266 0.208
0.267 0.208
0.276 0.208
0.253 0.208
0.253 0.208
0.254 0.208
0.308 0.208
0.281 0.208
0.259 0.208
0.259 0.208
0.279 0.208
0.242 0.208
0.275 0.208
0.271 0.208
0.248 0.208
0.248 0.208
0.257 0.208
0.266 0.208
0.246 0.208
0.266 0.208
0.244 0.208
0.244 0.208
0.245 0.207
0.243 0.207
0.243 0.208
0.261 0.208
0.228 0.208
0.228 0.207
0.250 0.207
0.240 0.207
0.238 0.208
0.238 0.208
0.245 0.207
0.241 0.207
0.241 0.207
0.242 0.207
0.258 0.207
0.236 0.207
0.246 0.207
0.245 0.207
0.256 0.207
0.256 0.207
0.260 0.207
0.269 0.207
0.248 0.207
0.256 0.207
0.256 0.207
0.250 0.207
0.250 0.207
0.239 0.207
0.254 0.207
0.244 0.207
0.258 0.207
0.243 0.207
0.255 0.207
0.247 0.207
0.255 0.207
0.245 0.207
0.245 0.207
0.243 0.207
0.235 0.207
0.249 0.207
0.248 0.207
0.245 0.207
0.250 0.207
0.256 0.207
0.254 0.207
0.242 0.207
0.241 0.207
0.271 0.207
0.264 0.207
0.267 0.207
0.283 0.207
0.251 0.207
0.251 0.207
0.262 0.207
0.279 0.207
0.285 0.207
0.285 0.207
0.261 0.207
0.293 0.207
0.269 0.207
0.260 0.207
0.248 0.207
0.259 0.207
0.256 0.207
0.256 0.207
0.250 0.207
0.239 0.207
0.234 0.207
0.263 0.207
0.250 0.207
0.250 0.207
0.250 0.207
0.254 0.207
0.261 0.207
0.232 0.207
0.260 0.207
0.243 0.207
0.243 0.207
0.236 0.207
0.241 0.207
0.266 0.207
0.245 0.207
0.241 0.207
0.243 0.207
0.239 0.207
0.232 0.207
0.232 0.207
0.284 0.207
0.243 0.207
0.245 0.207
0.261 0.207
0.236 0.207
0.259 0.207
0.259 0.207
0.227 0.206
0.238 0.206
0.247 0.206
0.230 0.206
0.246 0.206
0.240 0.206
0.245 0.206
0.245 0.206
0.265 0.206
0.238 0.206
0.247 0.206
0.246 0.206
0.265 0.206
0.251 0.206
0.251 0.206
0.248 0.206
0.262 0.206
0.247 0.206
0.237 0.206
0.246 0.206
0.244 0.206
0.264 0.206
0.264 0.206
0.247 0.206
0.242 0.205
0.256 0.205
0.251 0.205
0.233 0.205
0.233 0.205
0.260 0.205
0.233 0.205
0.244 0.205
0.235 0.205
0.249 0.205
0.241 0.205
0.241 0.205
0.245 0.205
0.217 0.205
0.244 0.205
0.233 0.205
0.214 0.204
0.214 0.204
0.210 0.204
0.223 0.204
0.245 0.204
0.224 0.204
0.248 0.204
0.248 0.204
0.224 0.204
0.230 0.204
0.238 0.204
0.231 0.203
0.247 0.203
0.234 0.203
0.234 0.203
0.239 0.203
0.204 0.203
0.233 0.203
0.213 0.203
0.213 0.203
0.239 0.203
0.268 0.203
0.258 0.202
0.260 0.202
0.249 0.202
0.226 0.202
0.242 0.202
0.242 0.202
0.258 0.202
0.246 0.202
0.247 0.202
0.260 0.202
0.237 0.202
0.250 0.202
0.230 0.202
0.235 0.202
0.240 0.202
0.253 0.202
0.236 0.202
0.242 0.202
0.242 0.202
0.262 0.202
0.256 0.202
0.274 0.202
0.254 0.202
0.249 0.202
0.269 0.202
0.269 0.202
0.261 0.202
0.245 0.202
0.232 0.202
0.234 0.202
0.240 0.202
0.256 0.202
0.237 0.202
0.250 0.201
0.199 0.201
0.199 0.201
* 0.205 0.201
0.264 0.201
0.256 0.201
0.236 0.201
0.231 0.201
0.248 0.201
0.230 0.201
0.189 0.201
0.170 0.201
0.174 0.201
* 0.253 0.201
0.224 0.201
0.224 0.201
0.234 0.201
0.225 0.201
0.243 0.201
0.284 0.201
0.261 0.201
0.264 0.202
0.273 0.202
0.256 0.202
0.274 0.202
0.236 0.202
0.236 0.202
0.239 0.202
0.216 0.202
0.220 0.202
0.222 0.202
0.222 0.202
0.231 0.202
0.272 0.202
0.251 0.202
0.235 0.202
0.236 0.202
0.217 0.202
0.214 0.201
0.225 0.201
0.207 0.201
0.218 0.201
0.209 0.201
0.194 0.201
0.219 0.201
0.221 0.200
0.238 0.200
0.224 0.200
0.219 0.200
0.215 0.200
0.227 0.200
0.253 0.200
0.232 0.200
0.233 0.200
0.257 0.200
0.257 0.200
0.261 0.200
0.261 0.200
0.245 0.200
0.249 0.200
0.266 0.200
0.251 0.200
0.242 0.200
0.250 0.200
0.238 0.200
0.238 0.200
0.229 0.199
0.231 0.199
0.229 0.199
0.219 0.199
0.245 0.199
0.243 0.199
0.257 0.199
0.242 0.199
0.237 0.199
0.231 0.199
0.226 0.199
0.246 0.199
0.246 0.199
0.215 0.199
0.220 0.199
0.229 0.199
0.218 0.199
0.217 0.198
0.223 0.198
0.234 0.198
0.214 0.198
0.214 0.198
0.209 0.198
0.229 0.198
0.217 0.198
0.214 0.198
0.196 0.198
0.187 0.198
0.191 0.198
0.196 0.198
0.186 0.198
* 0.203 0.198
0.203 0.197
0.204 0.197
0.228 0.197
0.221 0.197
0.242 0.197
0.234 0.197
0.229 0.197
0.229 0.197
0.226 0.197
0.236 0.197
0.243 0.197
0.264 0.197
0.271 0.197
0.266 0.197
0.202 0.197
0.202 0.197
0.250 0.197
0.255 0.196
0.238 0.196
0.232 0.196
0.239 0.196
0.236 0.196
0.222 0.196
0.237 0.196
0.237 0.196
0.237 0.196
0.242 0.196
0.216 0.196
0.237 0.196
0.220 0.196
0.220 0.195
0.201 0.196
0.213 0.195
0.219 0.195
0.253 0.195
0.225 0.195
0.211 0.195
0.211 0.195
0.232 0.195
0.227 0.195
0.211 0.195
0.208 0.195
0.205 0.195
0.233 0.195
0.253 0.195
0.253 0.195
0.233 0.195
0.254 0.195
0.253 0.195
0.259 0.195
0.252 0.195
0.244 0.194
0.244 0.194
0.229 0.194
0.235 0.194
0.217 0.194
0.216 0.194
0.222 0.194
0.216 0.194
0.216 0.194
0.236 0.194
0.219 0.194
0.231 0.194
0.210 0.193
0.215 0.193
0.215 0.193
0.195 0.193
0.210 0.193
0.225 0.193
0.227 0.193
0.247 0.193
0.251 0.193
0.241 0.193
0.236 0.193
0.236 0.193
0.243 0.192
0.214 0.192
0.227 0.192
0.218 0.192
0.232 0.192
0.232 0.192
0.230 0.192
0.242 0.192
0.236 0.192
0.221 0.192
0.215 0.192
0.219 0.192
0.218 0.191
0.233 0.191
0.233 0.191
0.219 0.191
0.237 0.191
0.230 0.191
0.201 0.191
0.232 0.191
0.223 0.191
0.237 0.191
0.218 0.191
0.251 0.191
0.251 0.191
0.243 0.191
0.261 0.191
0.266 0.191
0.245 0.191
0.247 0.190
0.247 0.190
0.268 0.190
0.249 0.191
0.229 0.190
0.234 0.190
0.252 0.190
0.246 0.190
0.242 0.190
0.247 0.190
0.224 0.190
0.233 0.190
0.212 0.190
0.239 0.190
0.239 0.190
0.232 0.190
0.239 0.190
0.228 0.190
0.235 0.190
0.243 0.190
0.233 0.190
0.233 0.190
0.245 0.190
0.245 0.190
0.243 0.190
0.235 0.190
0.246 0.190
0.259 0.190
0.249 0.190
0.226 0.190
0.252 0.190
0.238 0.190
0.201 0.190
0.230 0.190
0.233 0.190
0.224 0.190
0.213 0.190
0.218 0.190
0.230 0.190
0.221 0.189
0.242 0.189
0.219 0.189
0.213 0.189
0.218 0.189
0.218 0.235
0.234 0.235
* 0.246 0.235
0.226 0.235
0.239 0.234
0.239 0.234
0.248 0.234
0.263 0.234
0.252 0.234
0.245 0.234
0.256 0.234
0.268 0.234
0.247 0.234
0.236 0.234
0.247 0.234
0.247 0.234
0.261 0.234
0.224 0.234
0.244 0.234
0.247 0.234
0.239 0.234
0.239 0.234
0.205 0.234
0.157 0.234
0.218 0.234
0.215 0.234
* 0.242 0.234
0.225 0.234
0.259 0.234
0.259 0.234
0.234 0.234
0.224 0.234
0.231 0.234
0.234 0.234
0.231 0.234
* 0.249 0.234
0.244 0.233
0.231 0.233
0.231 0.233
* 0.247 0.233
0.262 0.233
0.245 0.233
0.251 0.233
0.229 0.233
0.262 0.233
0.262 0.233
0.261 0.233
0.237 0.233
0.291 0.233
0.298 0.233
0.288 0.233
0.288 0.233
0.288 0.233
0.272 0.233
0.281 0.233
0.289 0.233
0.275 0.233
0.273 0.233
0.277 0.233
0.277 0.233
0.266 0.233
0.270 0.233
0.277 0.233
0.258 0.233
0.282 0.233
0.282 0.233
0.300 0.233
0.279 0.233
0.289 0.233
0.300 0.233
0.298 0.233
0.261 0.233
0.261 0.233
0.262 0.233
0.222 0.233
0.214 0.233
0.219 0.233
* 0.289 0.233
0.279 0.233
0.279 0.233
0.231 0.233
0.256 0.233
0.267 0.233
0.281 0.233
0.274 0.233
0.246 0.233
0.246 0.233
0.233 0.233
0.271 0.233
0.288 0.233
0.265 0.233
0.262 0.234
0.277 0.234
0.277 0.234
0.250 0.234
0.265 0.234
0.287 0.234
0.280 0.234
0.269 0.234
0.275 0.234
0.291 0.234
0.288 0.234
0.271 0.234
0.271 0.234
0.281 0.234
0.271 0.234
0.248 0.234
0.274 0.234
0.258 0.234
0.257 0.234
0.242 0.234
0.242 0.235
0.254 0.235
0.252 0.235
0.296 0.235
0.291 0.235
0.261 0.235
0.270 0.235
0.250 0.235
0.276 0.235
0.272 0.235
0.294 0.235
0.301 0.235
0.287 0.235
0.287 0.235
0.278 0.235
0.247 0.235
0.240 0.235
0.280 0.235
0.234 0.235
0.275 0.235
0.287 0.235
0.287 0.235
0.274 0.235
0.288 0.235
0.288 0.235
0.238 0.235
0.236 0.235
0.261 0.235
0.261 0.235
0.272 0.235
0.308 0.235
0.237 0.235
0.285 0.235
0.254 0.235
0.256 0.235
0.256 0.235
0.285 0.235
0.291 0.235
0.250 0.235
0.304 0.235
0.299 0.235
0.279 0.235
0.270 0.235
0.250 0.235
0.276 0.235
0.250 0.235
0.290 0.235
0.292 0.235
0.228 0.235
0.228 0.235
0.230 0.235
* 0.272 0.235
0.231 0.235
0.260 0.234
0.273 0.234
0.273 0.234
0.285 0.234
0.248 0.234
0.248 0.234
0.263 0.234
0.233 0.234
0.253 0.234
0.238 0.234
0.238 0.234
0.219 0.234
0.250 0.234
0.265 0.234
0.242 0.234
0.241 0.234
0.246 0.234
0.235 0.234
0.270 0.234
0.255 0.234
0.255 0.234
0.250 0.234
0.256 0.234
0.268 0.234
0.252 0.234
0.256 0.234
0.255 0.234
0.268 0.234
0.261 0.234
0.260 0.234
0.285 0.234
0.282 0.234
0.272 0.234
0.257 0.234
0.267 0.234
0.248 0.234
0.252 0.234
0.265 0.234
0.265 0.235
0.270 0.235
0.267 0.235
0.269 0.235
0.261 0.235
0.289 0.235
0.284 0.235
0.296 0.235
0.297 0.235
0.261 0.235
0.279 0.235
0.265 0.235
0.265 0.235
0.286 0.234
0.267 0.234
0.279 0.234
0.280 0.234
0.289 0.234
0.265 0.234
0.265 0.234
0.233 0.234
0.268 0.234
0.285 0.234
0.275 0.234
0.291 0.234
0.271 0.234
0.248 0.234
0.248 0.234
0.239 0.234
0.245 0.234
0.264 0.234
0.251 0.235
0.256 0.235
0.260 0.235
0.260 0.235
0.265 0.235
0.257 0.235
0.280 0.235
0.263 0.235
0.240 0.235
0.240 0.235
0.263 0.235
0.263 0.235
0.274 0.235
0.277 0.235
0.282 0.235
0.262 0.235
0.295 0.235
0.295 0.235
0.236 0.235
0.265 0.235
0.254 0.235
0.237 0.235
0.232 0.235
0.245 0.235
0.241 0.235
0.241 0.234
0.242 0.234
0.243 0.234
0.237 0.234
0.274 0.234
0.274 0.234
0.263 0.234
0.206 0.234
0.206 0.234
* 0.298 0.234
0.262 0.234
0.298 0.234
0.318 0.234
0.317 0.234
0.256 0.234
0.256 0.234
0.256 0.234
0.247 0.234
0.248 0.234
0.242 0.234
0.242 0.234
0.280 0.234
0.277 0.234
0.270 0.234
0.270 0.234
0.244 0.234
0.207 0.234
0.207 0.234
0.215 0.234
* 0.237 0.234
0.211 0.234
0.195 0.234
0.195 0.234
0.230 0.234
0.231 0.234
* 0.252 0.234
0.228 0.234
0.228 0.234
0.233 0.234
* 0.252 0.234
0.245 0.234
0.265 0.234
0.250 0.234
0.248 0.234
0.248 0.234
0.269 0.234
0.278 0.234
0.244 0.234
0.245 0.234
0.256 0.234
0.248 0.234
0.248 0.234
0.250 0.234
0.228 0.234
0.172 0.234
0.177 0.234
0.219 0.234
* 0.251 0.234
0.251 0.234
0.259 0.234
0.266 0.234
0.230 0.234
0.239 0.234
0.206 0.234
0.235 0.234
0.221 0.234
0.231 0.234
* 0.263 0.234
0.239 0.234
0.231 0.234
0.236 0.234
0.236 0.234
0.248 0.234
0.222 0.234
0.234 0.233
0.222 0.233
0.245 0.233
0.234 0.233
0.234 0.233
0.257 0.233
0.244 0.233
0.262 0.233
0.241 0.233
0.243 0.233
0.226 0.233
0.221 0.233
* 0.259 0.233
0.244 0.233
0.277 0.233
0.287 0.233
0.269 0.233
0.258 0.233
0.260 0.233
0.254 0.233
0.272 0.233
0.273 0.233
0.268 0.233
0.259 0.233
0.266 0.233
0.263 0.233
0.262 0.233
0.254 0.233
0.248 0.233
0.248 0.233
0.271 0.233
0.271 0.233
0.248 0.233
0.237 0.233
0.271 0.233
0.234 0.233
0.234 0.233
0.240 0.233
0.262 0.233
0.234 0.233
0.227 0.233
0.245 0.233
0.253 0.233
0.223 0.233
0.220 0.233
0.219 0.233
0.217 0.233
0.225 0.233
0.221 0.233
0.221 0.233
* 0.245 0.233
0.226 0.233
0.230 0.233
0.228 0.233
0.228 0.233
0.226 0.233
0.215 0.233
0.223 0.233
* 0.235 0.233
0.229 0.233
0.225 0.233
0.225 0.233
0.210 0.233
0.213 0.233
0.228 0.233
* 0.253 0.233
0.234 0.233
0.219 0.233
0.219 0.233
0.233 0.233
0.230 0.233
0.228 0.233
* 0.250 0.233
0.253 0.233
0.293 0.233
0.293 0.233
0.263 0.233
0.266 0.233
0.269 0.233
0.240 0.233
0.250 0.233
0.250 0.233
0.254 0.233
0.235 0.233
0.233 0.233
0.233 0.233
0.234 0.233
0.234 0.233
0.238 0.233
0.226 0.233
0.236 0.233
0.240 0.233
0.248 0.233
0.248 0.233
0.235 0.233
0.323 0.233
0.292 0.233
0.290 0.233
0.320 0.233
0.309 0.233
0.306 0.233
0.306 0.233
0.290 0.233
0.266 0.233
0.234 0.233
0.223 0.233
0.231 0.233
0.231 0.233
0.229 0.233
0.220 0.233
* 0.243 0.233
0.246 0.233
0.254 0.233
0.261 0.233
0.243 0.233
0.243 0.233
0.215 0.233
0.203 0.233
0.203 0.233
0.209 0.233
0.219 0.233
* 0.234 0.233
0.228 0.233
0.228 0.233
0.225 0.233
* 0.251 0.233
0.233 0.233
0.236 0.233
0.222 0.233
0.233 0.233
0.248 0.233
0.248 0.233
0.235 0.233
0.252 0.233
0.243 0.233
0.255 0.233
0.261 0.233
0.245 0.233
0.245 0.233
0.246 0.232
0.259 0.232
0.255 0.232
0.257 0.232
0.256 0.232
0.239 0.232
0.271 0.232
0.251 0.232
0.251 0.232
0.260 0.232
0.237 0.232
0.249 0.232
0.268 0.232
0.245 0.232
0.250 0.232
0.250 0.232
0.265 0.232
0.256 0.232
0.241 0.232
0.251 0.232
0.262 0.232
0.254 0.232
0.250 0.232
0.250 0.232
0.268 0.232
0.272 0.232
0.270 0.232
0.264 0.232
0.261 0.232
0.259 0.232
0.250 0.232
0.238 0.232
0.233 0.232
0.236 0.232
0.240 0.232
0.237 0.232
0.245 0.232
0.247 0.232
0.233 0.232
0.248 0.232
0.247 0.232
0.277 0.232
0.277 0.232
0.258 0.232
0.254 0.232
0.261 0.232
0.257 0.232
0.220 0.232
0.233 0.232
0.253 0.232
0.271 0.232
0.265 0.232
0.264 0.232
0.260 0.232
0.269 0.232
0.297 0.232
0.276 0.232
0.290 0.232
0.267 0.232
0.268 0.232
0.277 0.232
0.264 0.232
0.264 0.232
0.278 0.232
0.255 0.232
0.262 0.232
0.259 0.232
0.249 0.232
0.259 0.232
0.250 0.232
0.244 0.232
0.244 0.232
0.243 0.232
0.246 0.232
0.246 0.232
0.242 0.232
0.249 0.232
0.278 0.232
0.278 0.232
0.220 0.232
0.190 0.232
* 0.256 0.232
0.196 0.232
0.196 0.232
* 0.233 0.232
0.234 0.232
0.237 0.232
0.258 0.232
0.252 0.232
0.257 0.232
0.257 0.232
0.256 0.232
0.250 0.232
0.243 0.232
0.243 0.232
0.252 0.232
0.241 0.232
0.241 0.232
0.226 0.232
0.244 0.232
0.224 0.232
0.237 0.232
0.249 0.232
0.233 0.232
0.238 0.232
0.238 0.232
0.241 0.232
0.250 0.232
0.265 0.232
0.252 0.232
0.244 0.232
0.219 0.232
0.240 0.232
0.258 0.232
0.258 0.232
0.287 0.232
0.292 0.232
0.269 0.232
0.263 0.232
0.276 0.232
0.274 0.232
0.268 0.232
0.288 0.232
0.281 0.232
0.291 0.232
0.291 0.232
0.287 0.232
0.285 0.232
0.322 0.232
0.286 0.232
0.284 0.232
0.286 0.232
0.299 0.232
0.299 0.232
0.296 0.232
0.293 0.232
0.278 0.232
0.236 0.232
0.260 0.232
0.260 0.232
0.278 0.232
0.274 0.232
0.276 0.232
0.278 0.232
0.285 0.232
0.267 0.232
0.267 0.232
0.278 0.232
0.239 0.232
0.278 0.232
0.297 0.232
0.291 0.232
0.291 0.232
0.283 0.232
0.279 0.232
0.267 0.232
0.273 0.232
0.278 0.232
0.259 0.232
0.259 0.232
0.260 0.232
0.269 0.232
0.253 0.232
0.262 0.232
0.241 0.232
0.234 0.232
0.243 0.232
0.243 0.232
0.257 0.232
0.233 0.232
0.256 0.232
0.253 0.232
0.258 0.232
0.258 0.232
0.275 0.232
0.253 0.232
0.253 0.232
0.263 0.232
0.279 0.232
0.265 0.232
0.271 0.232
0.271 0.232
0.246 0.232
0.267 0.232
0.244 0.232
0.275 0.232
0.244 0.232
0.265 0.232
0.265 0.232
0.263 0.232
0.251 0.232
0.259 0.232
0.270 0.232
0.262 0.232
0.262 0.232
0.287 0.232
0.261 0.232
0.275 0.232
0.293 0.232
0.286 0.232
0.274 0.232
0.274 0.232
0.268 0.232
0.255 0.232
0.248 0.232
0.241 0.232
0.262 0.232
0.255 0.232
0.258 0.232
0.258 0.232
0.223 0.232
0.258 0.232
0.269 0.232
0.255 0.232
0.262 0.232
0.270 0.232
0.270 0.232
0.266 0.232
0.261 0.232
0.268 0.232
0.260 0.232
0.260 0.232
0.246 0.232
0.246 0.232
0.283 0.232
0.264 0.232
0.279 0.232
0.263 0.232
0.263 0.232
0.263 0.232
0.248 0.232
0.262 0.232
0.248 0.232
0.261 0.232
0.259 0.232
0.243 0.232
0.255 0.232
0.235 0.232
0.254 0.232
0.252 0.232
0.277 0.232
0.288 0.232
0.286 0.232
0.289 0.232
0.281 0.232
0.298 0.232
0.292 0.232
0.276 0.232
0.271 0.232
0.259 0.232
0.285 0.232
0.263 0.232
0.263 0.232
0.264 0.232
0.286 0.232
0.264 0.232
0.239 0.232
0.260 0.232
0.272 0.232
0.276 0.232
0.259 0.232
0.273 0.232
0.256 0.232
0.282 0.232
0.272 0.232
0.280 0.232
0.248 0.232
0.248 0.232
0.251 0.232
0.258 0.232
0.255 0.232
0.250 0.232
0.250 0.232
0.250 0.232
0.259 0.232
0.240 0.232
0.248 0.232
0.248 0.232
0.231 0.232
0.270 0.232
0.270 0.232
0.253 0.232
0.272 0.232
0.274 0.232
0.290 0.232
0.301 0.232
0.291 0.232
0.284 0.232
0.284 0.232
0.267 0.232
0.277 0.232
0.266 0.232
0.262 0.232
0.257 0.232
0.257 0.232
0.251 0.232
0.265 0.232
0.250 0.232
0.256 0.232
0.246 0.232
0.246 0.232
0.265 0.232
0.245 0.232
0.276 0.232
0.254 0.232
0.248 0.232
0.256 0.232
0.256 0.232
0.249 0.232
0.251 0.232
0.264 0.232
0.269 0.232
0.252 0.232
0.265 0.232
0.265 0.232
0.254 0.232
0.263 0.232
0.255 0.232
0.248 0.232
0.263 0.232
0.252 0.232
0.252 0.232
0.233 0.232
0.273 0.232
0.195 0.232
0.176 0.232
0.216 0.232
* 0.247 0.232
0.247 0.232
0.237 0.231
0.236 0.231
0.241 0.231
0.224 0.231
0.226 0.231
0.226 0.231
* 0.243 0.231
0.269 0.231
0.255 0.231
0.258 0.232
0.255 0.232
0.264 0.232
0.264 0.232
0.262 0.232
0.251 0.232
0.303 0.232
0.267 0.232
0.263 0.232
0.262 0.232
0.262 0.232
0.265 0.232
0.255 0.232
0.226 0.232
0.235 0.232
0.236 0.232
0.237 0.232
0.237 0.232
0.219 0.232
0.225 0.232
* 0.238 0.231
0.246 0.232
0.233 0.231
0.223 0.231
0.240 0.231
0.247 0.231
0.247 0.231
0.250 0.231
0.220 0.231
0.267 0.231
0.273 0.231
0.255 0.231
0.275 0.231
0.275 0.231
0.295 0.231
0.260 0.232
0.282 0.232
0.266 0.232
0.263 0.232
0.268 0.232
0.256 0.232
0.277 0.232
0.277 0.232
0.256 0.232
0.253 0.232
0.254 0.232
0.238 0.232
0.273 0.232
0.257 0.232
0.237 0.232
0.237 0.232
0.253 0.232
0.261 0.232
0.247 0.232
0.267 0.232
0.246 0.232
0.228 0.232
0.228 0.232
* 0.272 0.232
0.251 0.232
0.247 0.232
0.244 0.232
0.241 0.232
0.240 0.232
0.261 0.232
0.261 0.232
0.261 0.232
0.245 0.232
0.238 0.232
0.237 0.232
0.242 0.232
0.224 0.232
0.235 0.232
0.235 0.232
0.245 0.232
0.250 0.232
0.226 0.232
0.241 0.232
0.262 0.232
0.252 0.232
0.252 0.232
0.240 0.232
0.247 0.232
0.241 0.232
0.227 0.232
0.252 0.232
0.248 0.232
0.233 0.232
0.233 0.232
0.253 0.232
0.238 0.232
0.256 0.232
0.245 0.232
0.256 0.232
0.261 0.232
0.261 0.232
0.248 0.232
0.261 0.232
0.261 0.232
0.242 0.232
0.258 0.232
0.242 0.232
0.240 0.232
0.240 0.232
0.264 0.232
0.264 0.232
0.248 0.232
0.241 0.232
0.261 0.232
0.258 0.232
0.272 0.232
0.270 0.232
0.267 0.232
0.253 0.232
0.211 0.232
0.192 0.232
0.228 0.232
* 0.263 0.232
0.263 0.232
0.252 0.232
0.263 0.232
0.268 0.232
0.255 0.232
0.269 0.232
0.256 0.232
0.247 0.232
0.241 0.232
0.245 0.232
0.285 0.232
0.289 0.232
0.286 0.232
0.287 0.232
0.282 0.232
0.282 0.232
0.283 0.232
0.274 0.232
0.271 0.232
0.262 0.232
0.279 0.232
0.270 0.232
0.270 0.232
0.264 0.232
0.262 0.232
0.257 0.232
0.269 0.232
0.258 0.232
0.252 0.232
0.273 0.232
0.273 0.232
0.254 0.232
0.259 0.232
0.249 0.232
0.262 0.232
0.241 0.232
0.243 0.232
0.243 0.232
0.247 0.232
0.218 0.232
0.219 0.232
* 0.234 0.232
0.230 0.232
0.228 0.232
* 0.248 0.232
0.248 0.232
0.230 0.232
0.235 0.232
0.269 0.232
0.275 0.232
0.278 0.232
0.164 0.232
0.217 0.232
0.217 0.232
* 0.240 0.232
0.245 0.232
0.239 0.232
0.235 0.232
0.235 0.232
0.259 0.232
0.243 0.232
0.269 0.232
0.264 0.232
0.266 0.232
0.253 0.232
0.253 0.232
0.261 0.232
0.258 0.232
0.253 0.232
0.255 0.232
0.255 0.232
0.255 0.232
0.256 0.232
0.246 0.232
0.279 0.232
0.221 0.232
0.196 0.232
0.196 0.232
* 0.269 0.232
0.255 0.232
0.255 0.232
0.261 0.233
0.248 0.233
0.248 0.233
0.264 0.233
0.245 0.233
0.254 0.233
0.271 0.233
0.269 0.233
0.246 0.233
0.246 0.233
0.260 0.233
0.257 0.233
0.244 0.233
0.250 0.233
0.319 0.233
0.319 0.233
0.319 0.233
0.301 0.233
0.291 0.233
0.299 0.233
0.299 0.233
0.286 0.233
0.268 0.233
0.262 0.233
0.262 0.233
0.270 0.233
0.258 0.233
0.265 0.233
0.267 0.233
0.267 0.233
0.246 0.233
0.186 0.233
0.185 0.233
0.233 0.233
0.233 0.233
* 0.263 0.233
0.254 0.233
0.252 0.233
0.252 0.233
0.261 0.233
0.252 0.233
0.265 0.233
0.242 0.233
0.242 0.233
0.186 0.233
0.252 0.233
0.242 0.233
0.244 0.233
0.244 0.233
0.252 0.233
0.251 0.233
0.270 0.233
0.270 0.233
0.252 0.233
0.249 0.233
0.248 0.233
0.248 0.233
0.248 0.233
0.190 0.233
0.222 0.233
0.233 0.233
* 0.239 0.233
0.239 0.233
0.247 0.233
0.253 0.233
0.250 0.233
0.250 0.233
0.247 0.233
0.230 0.233
0.216 0.233
* 0.260 0.233
0.260 0.233
0.248 0.234
0.240 0.234
0.234 0.234
0.216 0.234
0.216 0.234
* 0.247 0.234
0.247 0.234
0.285 0.234
0.261 0.234
0.251 0.234
0.251 0.234
0.279 0.234
0.258 0.234
0.231 0.234
0.281 0.234
0.282 0.234
0.307 0.234
0.269 0.234
0.276 0.234
0.241 0.234
0.241 0.234
0.272 0.234
0.269 0.234
0.269 0.234
0.255 0.234
0.238 0.234
0.268 0.234
0.263 0.234
0.263 0.234
0.236 0.234
0.244 0.234
0.266 0.234
0.285 0.234
0.206 0.234
0.296 0.233
0.296 0.233
0.253 0.233
0.296 0.233
0.296 0.233
0.275 0.233
0.291 0.233
0.261 0.234
0.312 0.233
0.311 0.233
0.311 0.233
0.303 0.233
0.257 0.233
0.268 0.233
0.268 0.233
0.233 0.233
0.224 0.233
* 0.257 0.233
0.298 0.233
0.298 0.233
0.296 0.233
0.296 0.233
0.307 0.233
0.307 0.233
0.303 0.233
0.246 0.233
0.230 0.233
0.230 0.233
* 0.250 0.233
0.250 0.233
0.286 0.233
0.298 0.233
0.277 0.233
0.277 0.233
0.280 0.234
0.291 0.234
0.291 0.234
0.291 0.234
0.257 0.234
0.256 0.234
0.256 0.234
0.314 0.234
0.314 0.233
0.286 0.233
0.286 0.233
0.239 0.233
0.229 0.233
0.244 0.233
0.233 0.233
0.288 0.233
0.288 0.233
0.243 0.233
0.246 0.233
0.293 0.233
0.293 0.233
0.257 0.233
0.246 0.233
0.246 0.233
0.256 0.233
0.283 0.233
0.240 0.233
0.241 0.233
0.262 0.233
0.254 0.233
0.268 0.233
0.268 0.233
0.303 0.233
0.274 0.233
0.294 0.233
0.294 0.233
0.292 0.233
0.295 0.233
0.287 0.233
0.287 0.233
0.234 0.233
0.267 0.233
0.267 0.233
0.268 0.233
0.286 0.233
0.263 0.233
0.274 0.233
0.274 0.233
0.303 0.233
0.251 0.233
0.268 0.233
0.258 0.233
0.236 0.233
0.257 0.234
0.257 0.234
0.246 0.234
0.236 0.234
0.263 0.234
0.263 0.234
0.268 0.234
0.261 0.234
0.279 0.234
0.247 0.234
0.257 0.234
0.264 0.234
0.268 0.234
0.257 0.234
0.274 0.234
0.298 0.234
0.298 0.234
0.244 0.234
0.261 0.234
0.249 0.234
0.249 0.234
0.281 0.234
0.278 0.234
0.268 0.234
0.270 0.234
0.281 0.234
0.281 0.234
0.245 0.234
0.286 0.234
0.268 0.234
0.301 0.234
0.313 0.234
0.268 0.234
0.268 0.234
0.287 0.234
0.275 0.234
0.275 0.234
0.318 0.234
0.297 0.234
0.297 0.234
0.318 0.234
0.262 0.234
0.304 0.234
0.305 0.234
0.294 0.234
0.325 0.234
0.325 0.234
0.353 0.234
0.358 0.233
0.236 0.233
0.255 0.233
0.257 0.233
0.257 0.233
0.243 0.233
0.250 0.233
0.235 0.233
0.235 0.233
0.247 0.233
0.243 0.233
0.247 0.233
0.247 0.233
0.243 0.233
0.236 0.233
0.266 0.233
0.266 0.233
0.236 0.233
0.241 0.233
0.247 0.233
0.227 0.233
0.227 0.233
0.231 0.233
* 0.267 0.233
0.243 0.233
0.315 0.233
0.248 0.233
0.262 0.233
0.292 0.233
0.284 0.233
0.284 0.233
0.272 0.233
0.262 0.233
0.262 0.233
0.253 0.234
0.243 0.234
0.243 0.233
0.247 0.234
0.251 0.233
0.251 0.233
0.242 0.234
0.244 0.234
0.257 0.234
0.257 0.234
0.248 0.234
0.227 0.234
0.227 0.234
0.215 0.234
* 0.235 0.234
0.225 0.234
0.227 0.234
0.228 0.234
* 0.234 0.234
0.243 0.234
0.222 0.234
0.220 0.234
0.220 0.234
* 0.250 0.234
0.250 0.234
0.267 0.234
0.267 0.234
0.235 0.234
0.249 0.234
0.254 0.234
0.238 0.234
0.242 0.234
0.246 0.234
0.280 0.234
0.280 0.234
0.282 0.234
0.265 0.234
0.265 0.234
0.284 0.234
0.300 0.234
0.300 0.234
0.274 0.234
0.299 0.234
0.296 0.234
0.296 0.234
0.253 0.234
0.242 0.234
0.264 0.234
0.232 0.234
0.232 0.234
* 0.251 0.234
0.221 0.234
0.240 0.234
0.249 0.234
0.251 0.234
0.257 0.234
0.259 0.234
0.259 0.234
0.254 0.234
0.254 0.234
0.264 0.234
0.264 0.234
0.257 0.234
0.254 0.234
0.259 0.234
0.266 0.234
0.266 0.234
0.246 0.234
0.277 0.234
0.287 0.234
0.282 0.234
0.294 0.234
0.294 0.234
0.283 0.234
0.282 0.234
0.247 0.234
0.228 0.234
0.243 0.234
0.246 0.234
0.246 0.234
0.239 0.234
0.217 0.234
0.220 0.234
0.220 0.234
* 0.276 0.234
0.245 0.234
0.233 0.234
0.244 0.234
0.244 0.234
0.213 0.234
0.213 0.234
0.216 0.234
0.209 0.234
0.203 0.234
0.203 0.234
0.215 0.234
0.215 0.234
* 0.238 0.234
0.246 0.234
0.245 0.234
0.251 0.234
0.251 0.234
0.254 0.234
0.245 0.234
0.237 0.234
0.237 0.234
0.257 0.234
0.248 0.234
0.244 0.234
0.251 0.234
0.278 0.234
0.245 0.234
0.262 0.234
0.247 0.234
0.247 0.234
0.319 0.234
0.236 0.234
0.237 0.234
0.241 0.234
0.241 0.234
0.243 0.234
0.242 0.234
0.237 0.234
0.245 0.234
0.231 0.234
0.231 0.234
0.225 0.234
0.217 0.234
0.230 0.234
0.230 0.234
* 0.252 0.234
0.252 0.234
0.227 0.234
0.227 0.234
0.226 0.234
* 0.246 0.234
0.248 0.234
0.239 0.234
0.239 0.234
0.238 0.234
0.246 0.234
0.200 0.234
0.200 0.234
* 0.235 0.234
0.223 0.234
0.228 0.234
0.229 0.234
* 0.253 0.234
0.246 0.235
0.320 0.235
0.282 0.235
0.282 0.235
0.296 0.235
0.285 0.235
0.268 0.235
0.268 0.235
0.268 0.235
0.279 0.235
0.279 0.235
0.244 0.235
0.255 0.235
0.254 0.235
0.254 0.235
0.261 0.235
0.261 0.235
0.232 0.235
0.242 0.235
0.255 0.235
0.257 0.235
0.263 0.235
0.278 0.235
0.282 0.235
0.265 0.235
0.292 0.235
0.292 0.235
0.283 0.235
0.304 0.235
0.254 0.235
0.254 0.235
0.271 0.235
0.268 0.235
0.228 0.235
0.228 0.235
0.224 0.235
* 0.258 0.236
0.283 0.236
0.283 0.236
0.264 0.236
0.256 0.236
0.268 0.236
0.268 0.236
0.250 0.236
0.264 0.236
0.233 0.236
0.233 0.236
0.231 0.236
* 0.244 0.236
0.242 0.236
0.242 0.236
0.223 0.236
0.223 0.236
* 0.287 0.236
0.240 0.236
0.307 0.236
0.277 0.236
0.215 0.236
0.321 0.236
0.321 0.236
0.282 0.236
0.279 0.236
0.279 0.236
0.291 0.236
0.290 0.236
0.278 0.236
0.278 0.236
0.306 0.236
0.311 0.236
0.242 0.236
0.242 0.236
0.281 0.236
0.292 0.236
0.233 0.236
0.233 0.236
0.205 0.236
0.205 0.236
* 0.302 0.236
0.234 0.236
0.268 0.236
0.268 0.236
0.276 0.236
0.243 0.236
0.227 0.236
0.262 0.236
0.262 0.236
0.247 0.236
0.247 0.236
0.259 0.237
0.225 0.237
0.283 0.237
0.290 0.237
0.321 0.237
0.321 0.237
0.294 0.237
0.291 0.237
0.292 0.237
0.296 0.237
0.296 0.237
0.251 0.237
0.227 0.237
0.303 0.237
0.303 0.237
0.318 0.237
0.231 0.237
0.292 0.237
0.292 0.237
0.279 0.237
0.276 0.237
0.280 0.237
0.252 0.237
0.252 0.237
0.272 0.237
0.260 0.237
0.288 0.237
0.277 0.237
0.277 0.237
0.258 0.237
0.288 0.237
0.195 0.237
0.194 0.237
* 0.249 0.237
0.251 0.238
0.229 0.238
0.214 0.238
* 0.249 0.238
0.254 0.238
0.248 0.238
0.247 0.238
0.232 0.238
0.259 0.238
0.242 0.238
0.248 0.238
0.263 0.238
0.239 0.238
0.244 0.238
0.244 0.238
0.233 0.238
0.236 0.238
* 0.241 0.238
0.226 0.238
0.237 0.238
* 0.275 0.238
0.269 0.238
0.269 0.238
0.208 0.238
0.225 0.238
0.225 0.238
* 0.241 0.238
0.231 0.238
0.230 0.238
0.222 0.238
* 0.304 0.238
0.290 0.238
0.290 0.238
0.224 0.238
0.349 0.238
0.349 0.238
0.276 0.238
0.275 0.238
0.269 0.238
0.269 0.238
0.269 0.238
0.265 0.238
0.268 0.238
0.328 0.238
0.261 0.238
0.261 0.239
0.247 0.239
0.276 0.239
0.338 0.239
0.338 0.239
0.240 0.239
0.279 0.239
0.264 0.239
0.262 0.239
0.276 0.239
0.276 0.239
0.291 0.239
0.280 0.239
0.303 0.239
0.303 0.239
0.296 0.239
0.307 0.239
0.291 0.239
0.293 0.239
0.293 0.239
0.270 0.239
0.284 0.239
0.263 0.239
0.330 0.239
0.330 0.239
0.216 0.239
0.333 0.239
0.327 0.239
0.325 0.239
0.324 0.240
0.324 0.240
0.320 0.240
0.334 0.240
0.335 0.240
0.254 0.240
0.254 0.240
0.264 0.240
0.344 0.240
0.312 0.240
0.327 0.240
0.327 0.240
0.336 0.240
0.336 0.239
0.219 0.239
0.334 0.239
0.342 0.239
0.220 0.239
0.213 0.239
0.213 0.239
0.210 0.239
0.206 0.239
0.197 0.239
0.212 0.239
0.218 0.239
* 0.304 0.239
0.304 0.239
0.295 0.239
0.296 0.239
0.200 0.239
0.217 0.239
0.217 0.239
* 0.293 0.240
0.206 0.240
0.236 0.240
0.236 0.240
0.226 0.240
0.221 0.240
* 0.308 0.240
0.215 0.240
0.215 0.240
0.219 0.240
0.221 0.240
0.234 0.240
0.209 0.240
0.209 0.240
0.184 0.240
* 0.240 0.240
0.181 0.240
0.225 0.240
0.225 0.240
* 0.288 0.240
0.198 0.240
0.296 0.240
0.293 0.240
0.293 0.240
0.295 0.240
0.260 0.240
0.255 0.240
0.236 0.240
0.225 0.240
0.225 0.240
* 0.291 0.240
0.288 0.240
0.303 0.240
0.241 0.240
0.241 0.240
0.241 0.240
0.259 0.240
0.208 0.240
0.279 0.240
0.269 0.240
0.269 0.240
0.291 0.240
0.290 0.240
0.271 0.240
0.305 0.240
0.305 0.240
0.242 0.240
0.235 0.240
0.235 0.240
0.235 0.240
* 0.271 0.240
0.225 0.240
0.229 0.240
* 0.249 0.240
0.237 0.240
0.214 0.240
0.214 0.240
* 0.246 0.240
0.278 0.240
0.290 0.240
0.290 0.241
0.303 0.241
0.301 0.241
0.294 0.241
0.300 0.241
0.311 0.241
0.311 0.241
0.300 0.241
0.290 0.241
0.300 0.241
0.300 0.241
0.304 0.241
0.274 0.241
0.287 0.241
0.298 0.241
0.309 0.241
0.309 0.241
0.313 0.241
0.298 0.241
0.316 0.241
0.272 0.241
0.312 0.241
0.303 0.241
0.303 0.241
0.220 0.241
0.213 0.241
0.213 0.241
0.214 0.241
0.227 0.241
* 0.246 0.241
0.293 0.241
0.273 0.241
0.245 0.241
0.272 0.241
0.272 0.241
0.284 0.241
0.307 0.241
0.274 0.241
0.274 0.241
0.309 0.241
0.312 0.241
0.298 0.241
0.218 0.241
0.193 0.241
* 0.250 0.241
0.281 0.241
0.269 0.241
0.269 0.241
0.293 0.241
0.288 0.241
0.283 0.241
0.281 0.241
0.303 0.241
0.287 0.241
0.289 0.241
0.275 0.241
0.295 0.241
0.311 0.241
0.310 0.241
0.310 0.241
0.302 0.241
0.283 0.241
0.318 0.241
0.318 0.241
0.300 0.241
0.299 0.241
0.299 0.241
0.301 0.241
0.301 0.241
0.299 0.241
0.265 0.241
0.283 0.241
0.287 0.241
0.295 0.241
0.295 0.241
0.294 0.241
0.267 0.241
0.287 0.241
0.271 0.241
0.271 0.241
0.256 0.241
0.281 0.241
0.276 0.241
0.276 0.241
0.271 0.241
0.286 0.241
0.286 0.241
0.292 0.241
0.292 0.241
0.270 0.241
0.283 0.241
0.281 0.241
0.279 0.241
0.264 0.241
0.264 0.241
0.274 0.241
0.286 0.241
0.286 0.241
0.303 0.241
0.303 0.241
0.283 0.241
0.294 0.241
0.290 0.241
0.276 0.242
0.292 0.242
0.292 0.242
0.282 0.242
0.229 0.242
0.252 0.242
0.252 0.242
0.241 0.242
0.243 0.241
0.283 0.241
0.292 0.241
0.292 0.242
0.269 0.242
0.261 0.241
0.286 0.241
0.301 0.241
0.301 0.241
0.285 0.241
0.241 0.241
0.244 0.241
0.263 0.241
0.243 0.241
0.243 0.241
0.264 0.241
0.248 0.241
0.257 0.241
0.278 0.241
0.292 0.241
0.292 0.241
0.219 0.241
0.320 0.241
0.320 0.241
0.300 0.241
0.223 0.241
0.258 0.241
0.279 0.241
0.279 0.241
0.318 0.241
0.235 0.241
0.235 0.241
* 0.246 0.241
0.231 0.241
0.237 0.241
* 0.245 0.241
0.245 0.241
0.267 0.241
0.261 0.241
0.246 0.241
0.293 0.241
0.293 0.241
0.287 0.241
0.347 0.241
0.330 0.241
0.301 0.241
0.301 0.241
0.345 0.241
0.246 0.241
0.246 0.241
0.245 0.241
0.255 0.241
0.284 0.241
0.273 0.241
0.273 0.241
0.276 0.241
0.276 0.241
0.262 0.241
0.278 0.241
0.278 0.241
0.277 0.241
0.299 0.241
0.302 0.241
0.299 0.242
0.299 0.242
0.303 0.242
0.311 0.242
0.300 0.242
0.317 0.242
0.312 0.242
0.312 0.242
0.297 0.242
0.311 0.242
0.291 0.242
0.291 0.242
0.279 0.242
0.321 0.242
0.271 0.242
0.299 0.242
0.299 0.242
0.273 0.242
0.218 0.242
0.227 0.242
* 0.285 0.242
0.285 0.242
0.269 0.242
0.290 0.242
0.273 0.242
0.253 0.242
0.259 0.242
0.259 0.242
0.303 0.242
0.290 0.242
0.289 0.242
0.299 0.242
0.275 0.242
0.273 0.242
0.295 0.242
0.272 0.242
0.279 0.242
0.251 0.242
0.279 0.242
0.310 0.242
0.310 0.242
0.302 0.242
0.312 0.242
0.285 0.242
0.191 0.242
0.177 0.242
0.215 0.242
* 0.283 0.242
0.267 0.242
0.267 0.242
0.289 0.242
0.289 0.242
0.310 0.242
0.306 0.242
0.290 0.242
0.269 0.242
0.269 0.242
0.277 0.242
0.281 0.242
0.260 0.242
0.275 0.242
0.263 0.242
0.263 0.242
0.259 0.242
0.260 0.242
0.289 0.242
0.266 0.242
0.258 0.242
0.258 0.242
0.260 0.242
0.260 0.242
0.229 0.242
0.253 0.242
0.271 0.242
0.287 0.242
0.273 0.242
0.262 0.242
0.270 0.242
0.283 0.242
0.285 0.242
0.285 0.242
0.293 0.242
0.278 0.242
0.304 0.242
0.243 0.242
0.243 0.242
0.270 0.242
0.270 0.242
0.285 0.242
0.273 0.242
0.266 0.242
0.277 0.242
0.276 0.242
0.243 0.242
0.277 0.242
0.242 0.242
0.293 0.242
0.274 0.242
0.300 0.242
0.255 0.242
0.268 0.242
0.269 0.242
0.269 0.242
0.214 0.242
0.272 0.242
0.277 0.242
0.274 0.242
0.240 0.242
0.291 0.242
0.240 0.242
0.260 0.242
0.297 0.242
0.297 0.242
0.280 0.242
0.270 0.242
0.244 0.242
0.262 0.242
0.262 0.242
0.268 0.242
0.270 0.242
0.283 0.242
0.279 0.242
0.289 0.242
0.289 0.242
0.274 0.242
0.285 0.242
0.252 0.242
0.243 0.242
0.243 0.242
0.301 0.242
0.305 0.242
0.304 0.243
0.289 0.243
0.313 0.243
0.313 0.243
0.329 0.243
0.279 0.243
0.305 0.243
0.256 0.243
0.256 0.243
0.272 0.243
0.311 0.243
0.316 0.243
0.316 0.243
0.318 0.243
0.304 0.243
0.260 0.243
0.226 0.243
0.226 0.243
0.216 0.243
0.215 0.243
0.239 0.243
* 0.293 0.243
0.293 0.243
0.300 0.243
0.313 0.243
0.306 0.243
0.298 0.243
0.315 0.243
0.315 0.243
0.294 0.243
0.349 0.243
0.334 0.243
0.337 0.243
0.337 0.243
0.325 0.243
0.334 0.243
0.326 0.243
0.328 0.243
0.328 0.243
0.318 0.243
0.304 0.243
0.308 0.243
0.326 0.243
0.330 0.243
0.330 0.243
0.317 0.243
0.302 0.243
0.278 0.243
0.281 0.243
0.288 0.243
0.314 0.243
0.271 0.243
0.271 0.243
0.288 0.243
0.276 0.243
0.286 0.243
0.272 0.243
0.284 0.243
0.284 0.244
0.307 0.244
0.308 0.244
0.291 0.244
0.294 0.244
0.295 0.244
0.301 0.244
0.301 0.244
0.294 0.244
0.294 0.244
0.293 0.244
0.241 0.244
0.229 0.244
0.196 0.244
0.213 0.244
0.213 0.244
0.217 0.244
0.210 0.244
0.222 0.244
0.221 0.244
* 0.298 0.244
0.286 0.244
0.286 0.244
0.262 0.244
0.223 0.244
0.322 0.244
0.321 0.244
0.222 0.244
0.222 0.244
0.229 0.244
0.236 0.244
* 0.317 0.244
0.312 0.244
0.313 0.244
0.313 0.244
0.211 0.244
0.252 0.244
0.225 0.244
0.223 0.244
0.223 0.244
* 0.299 0.244
0.259 0.244
0.236 0.244
0.244 0.244
0.244 0.244
0.235 0.244
0.230 0.244
0.190 0.244
0.243 0.244
* 0.250 0.244
0.250 0.244
0.205 0.244
0.295 0.244
0.297 0.244
0.227 0.244
0.308 0.244
0.308 0.244
0.305 0.244
0.325 0.244
0.343 0.244
0.343 0.244
0.314 0.244
0.316 0.244
0.302 0.244
0.306 0.244
0.306 0.244
0.293 0.244
0.286 0.244
0.321 0.244
0.326 0.244
0.288 0.244
0.264 0.244
0.241 0.244
0.298 0.244
0.290 0.244
0.325 0.244
0.325 0.244
0.322 0.244
0.300 0.244
0.314 0.244
0.294 0.244
0.309 0.244
0.286 0.244
0.286 0.244
0.280 0.245
0.282 0.245
0.293 0.245
0.281 0.245
0.269 0.245
0.260 0.245
0.296 0.245
0.296 0.245
0.285 0.245
0.293 0.245
0.256 0.245
0.273 0.245
0.273 0.245
0.264 0.245
0.264 0.245
0.229 0.245
0.218 0.245
0.240 0.245
* 0.263 0.245
0.316 0.245
0.324 0.245
0.252 0.245
0.232 0.245
0.244 0.245
0.216 0.245
0.239 0.245
0.236 0.245
* 0.266 0.245
0.280 0.245
0.285 0.245
0.343 0.245
0.343 0.245
0.279 0.245
0.261 0.245
0.341 0.245
0.341 0.245
0.337 0.245
0.337 0.245
0.269 0.245
0.352 0.245
0.338 0.245
0.338 0.245
0.344 0.245
0.283 0.245
0.283 0.245
0.349 0.245
0.328 0.245
0.241 0.245
0.241 0.245
* 0.341 0.245
0.254 0.245
0.266 0.245
0.294 0.245
0.294 0.245
0.295 0.245
0.363 0.245
0.248 0.245
0.240 0.245
0.275 0.245
0.275 0.245
0.309 0.245
0.257 0.245
0.283 0.245
0.281 0.245
0.281 0.245
0.321 0.245
0.332 0.245
0.261 0.245
0.285 0.245
0.265 0.245
0.265 0.245
0.270 0.245
0.243 0.245
0.318 0.245
0.229 0.245
0.229 0.245
* 0.310 0.245
0.311 0.245
0.276 0.245
0.276 0.245
0.276 0.245
0.291 0.245
0.287 0.245
0.342 0.245
0.297 0.245
0.297 0.245
0.284 0.245
0.286 0.245
0.276 0.245
0.281 0.245
0.281 0.246
0.271 0.246
0.333 0.246
0.336 0.246
0.254 0.246
0.254 0.246
0.256 0.246
0.263 0.246
0.250 0.246
0.257 0.246
0.273 0.246
0.265 0.246
0.265 0.246
0.266 0.246
0.268 0.246
0.279 0.246
0.349 0.246
0.343 0.246
0.270 0.246
0.268 0.246
0.268 0.246
0.227 0.246
0.252 0.246
0.227 0.246
0.284 0.246
0.284 0.246
0.286 0.246
0.300 0.246
0.313 0.246
0.317 0.246
0.317 0.246
0.281 0.246
0.307 0.246
0.308 0.246
0.252 0.246
0.305 0.246
0.305 0.246
0.281 0.246
0.356 0.246
0.358 0.246
0.367 0.246
0.367 0.246
0.334 0.246
0.329 0.246
0.307 0.246
0.329 0.246
0.329 0.246
0.285 0.246
0.329 0.246
0.363 0.246
0.350 0.246
0.359 0.246
0.298 0.246
0.297 0.246
0.285 0.246
0.285 0.246
0.285 0.246
0.289 0.246
0.267 0.246
0.274 0.246
0.281 0.246
0.281 0.246
0.288 0.246
0.298 0.246
0.266 0.246
0.266 0.246
0.287 0.246
0.284 0.246
0.325 0.246
0.325 0.246
0.349 0.246
0.326 0.246
0.359 0.246
0.351 0.246
0.342 0.246
0.323 0.246
0.323 0.246
0.341 0.246
0.340 0.246
0.298 0.246
0.298 0.246
0.313 0.246
0.238 0.246
0.238 0.246
0.238 0.246
0.216 0.246
* 0.250 0.246
0.220 0.246
0.220 0.246
0.235 0.246
0.235 0.246
0.231 0.246
0.238 0.246
0.243 0.246
* 0.318 0.246
0.320 0.246
0.323 0.246
0.318 0.246
0.336 0.246
0.305 0.246
0.326 0.246
0.229 0.246
0.267 0.246
0.245 0.246
0.245 0.246
* 0.262 0.246
0.270 0.246
0.270 0.246
0.261 0.246
0.248 0.246
0.313 0.246
0.332 0.246
0.320 0.246
0.320 0.246
0.313 0.246
0.318 0.246
0.327 0.246
0.318 0.246
0.318 0.246
0.311 0.246
0.303 0.246
0.303 0.246
0.299 0.246
0.299 0.246
0.332 0.246
0.236 0.246
0.266 0.246
0.246 0.246
0.259 0.246
0.259 0.246
0.215 0.246
0.219 0.246
0.213 0.246
* 0.316 0.246
0.279 0.246
0.279 0.246
0.274 0.246
0.246 0.246
0.237 0.246
0.237 0.246
* 0.252 0.246
0.271 0.246
0.320 0.246
0.320 0.246
0.292 0.246
0.333 0.246
0.282 0.246
0.282 0.246
0.242 0.246
0.274 0.246
0.272 0.246
0.313 0.246
0.313 0.247
0.316 0.247
0.308 0.247
0.245 0.247
0.244 0.247
* 0.269 0.247
0.212 0.247
0.212 0.247
0.243 0.247
0.213 0.247
0.233 0.247
* 0.248 0.247
0.257 0.247
0.266 0.247
0.270 0.247
0.270 0.247
0.271 0.247
0.279 0.247
0.278 0.247
0.315 0.247
0.274 0.247
0.274 0.247
0.313 0.247
0.297 0.247
0.279 0.247
0.281 0.247
0.281 0.247
0.298 0.247
0.285 0.247
0.304 0.247
0.258 0.247
0.280 0.247
0.306 0.247
0.299 0.247
0.270 0.247
0.270 0.247
0.305 0.247
0.318 0.247
0.292 0.247
0.295 0.247
0.226 0.247
0.193 0.247
0.225 0.247
* 0.276 0.247
0.279 0.247
0.266 0.247
0.263 0.247
0.271 0.247
0.265 0.247
0.265 0.247
0.245 0.247
0.307 0.247
0.261 0.247
0.261 0.247
0.237 0.247
0.248 0.247
0.233 0.247
0.266 0.247
0.275 0.247
0.277 0.247
0.273 0.247
0.290 0.247
0.290 0.247
0.283 0.247
0.250 0.247
0.222 0.247
0.252 0.247
0.216 0.247
0.247 0.247
* 0.272 0.247
0.272 0.247
0.259 0.247
0.265 0.247
0.260 0.247
0.276 0.247
0.258 0.247
0.265 0.247
0.282 0.247
0.282 0.247
0.290 0.247
0.266 0.247
0.319 0.247
0.307 0.247
0.307 0.247
0.291 0.247
0.298 0.247
0.311 0.247
0.330 0.247
0.330 0.247
0.308 0.247
0.305 0.247
0.311 0.247
0.289 0.247
0.301 0.247
0.241 0.247
0.310 0.247
0.266 0.247
0.267 0.247
0.267 0.247
0.295 0.247
0.257 0.247
0.274 0.247
0.319 0.247
0.245 0.247
0.245 0.247
* 0.289 0.247
0.277 0.247
0.262 0.247
0.270 0.247
0.270 0.247
0.290 0.247
0.248 0.247
0.248 0.247
0.257 0.247
0.239 0.247
0.211 0.247
* 0.272 0.247
0.272 0.247
0.277 0.247
0.307 0.248
0.224 0.248
0.270 0.248
0.270 0.248
0.236 0.248
0.226 0.248
0.226 0.248
0.231 0.248
* 0.248 0.248
0.248 0.248
0.225 0.248
0.247 0.248
* 0.250 0.248
0.237 0.248
0.231 0.248
0.239 0.248
0.242 0.248
0.242 0.248
0.234 0.248
0.223 0.248
* 0.249 0.248
0.244 0.248
0.243 0.248
* 0.325 0.248
0.294 0.248
0.313 0.248
0.313 0.248
0.304 0.248
0.323 0.248
0.323 0.248
0.267 0.248
0.302 0.248
0.321 0.248
0.312 0.248
0.315 0.248
0.271 0.248
0.294 0.248
0.246 0.248
0.236 0.248
* 0.260 0.248
0.266 0.248
0.268 0.248
0.296 0.248
0.283 0.248
0.285 0.248
0.313 0.248
0.316 0.248
0.279 0.248
0.271 0.248
0.299 0.248
0.293 0.248
0.325 0.248
0.298 0.248
0.307 0.249
0.293 0.249
0.292 0.249
0.292 0.249
0.261 0.249
0.247 0.249
0.233 0.249
0.238 0.249
0.215 0.249
0.220 0.249
* 0.308 0.249
0.193 0.249
0.207 0.249
* 0.277 0.249
0.243 0.249
0.224 0.249
0.224 0.249
* 0.262 0.249
0.279 0.249
0.236 0.249
0.196 0.249
0.245 0.249
0.240 0.249
0.239 0.249
* 0.249 0.249
0.233 0.249
0.242 0.249
0.245 0.249
* 0.257 0.249
0.281 0.249
0.260 0.249
0.266 0.249
0.265 0.249
0.307 0.249
0.312 0.249
0.297 0.249
0.307 0.249
0.289 0.249
0.297 0.249
0.292 0.249
0.291 0.249
0.303 0.249
0.303 0.249
0.288 0.249
0.206 0.249
0.292 0.249
0.293 0.249
0.308 0.249
0.302 0.249
0.306 0.249
0.292 0.249
0.310 0.249
0.294 0.249
0.293 0.249
0.261 0.249
0.228 0.249
0.228 0.249
* 0.265 0.249
0.289 0.249
0.261 0.249
0.252 0.249
0.243 0.249
0.244 0.249
0.203 0.249
0.203 0.249
0.227 0.249
0.240 0.249
0.244 0.249
0.245 0.249
* 0.250 0.249
0.250 0.249
0.253 0.249
0.251 0.249
0.255 0.249
0.236 0.249
0.238 0.249
0.238 0.249
0.244 0.249
0.192 0.249
0.223 0.249
0.196 0.249
0.233 0.249
0.242 0.249
0.228 0.249
0.228 0.249
* 0.273 0.249
0.267 0.249
0.255 0.249
0.262 0.249
0.250 0.249
0.250 0.250
0.259 0.250
0.269 0.250
0.257 0.250
0.257 0.250
0.257 0.250
0.280 0.250
0.264 0.250
0.235 0.250
0.248 0.250
0.247 0.250
* 0.256 0.250
0.236 0.250
0.280 0.250
0.275 0.250
0.257 0.250
0.257 0.250
0.265 0.250
0.259 0.250
0.256 0.250
0.284 0.250
0.268 0.250
0.267 0.250
0.259 0.250
0.259 0.250
0.258 0.250
0.261 0.250
0.261 0.250
0.280 0.250
0.285 0.250
0.304 0.250
0.285 0.250
0.285 0.250
0.317 0.250
0.281 0.250
0.281 0.250
0.259 0.250
0.275 0.250
0.286 0.250
0.258 0.250
0.277 0.250
0.286 0.250
0.263 0.250
0.263 0.250
0.269 0.250
0.262 0.250
0.258 0.250
0.256 0.250
0.264 0.250
0.256 0.250
0.259 0.250
0.255 0.250
0.253 0.250
0.255 0.250
0.269 0.250
0.278 0.250
0.257 0.250
0.258 0.250
0.229 0.250
0.205 0.250
* 0.251 0.250
0.251 0.250
0.242 0.250
0.257 0.250
0.273 0.250
0.280 0.250
0.295 0.250
0.274 0.250
0.269 0.250
0.272 0.250
0.272 0.250
0.281 0.250
0.273 0.250
0.266 0.250
0.253 0.250
0.299 0.250
0.200 0.250
0.250 0.250
* 0.254 0.250
0.283 0.250
0.287 0.250
0.287 0.250
0.271 0.250
0.263 0.250
0.274 0.250
0.295 0.250
0.286 0.250
0.314 0.250
0.302 0.251
0.302 0.251
0.306 0.251
0.288 0.251
0.307 0.251
0.297 0.251
0.318 0.251
0.299 0.251
0.299 0.251
0.280 0.251
0.290 0.251
0.311 0.251
0.290 0.251
0.300 0.251
0.295 0.251
0.277 0.251
0.273 0.251
0.275 0.251
0.283 0.251
0.273 0.251
0.300 0.251
0.303 0.251
0.303 0.251
0.310 0.251
0.275 0.251
0.299 0.251
0.273 0.251
0.187 0.251
0.207 0.251
* 0.253 0.251
0.236 0.251
0.237 0.251
0.230 0.251
0.186 0.251
0.181 0.251
0.209 0.251
0.218 0.251
0.248 0.251
0.248 0.251
0.231 0.251
0.231 0.251
* 0.257 0.251
0.257 0.251
0.257 0.251
0.253 0.251
0.277 0.251
0.299 0.251
0.292 0.251
0.280 0.251
0.294 0.251
0.278 0.251
0.279 0.251
0.266 0.251
0.236 0.251
0.245 0.251
0.249 0.251
0.249 0.251
0.247 0.251
0.251 0.251
0.236 0.251
0.198 0.251
0.197 0.251
0.224 0.251
0.224 0.251
0.233 0.251
0.227 0.251
0.238 0.251
0.233 0.251
0.244 0.251
0.249 0.251
0.249 0.251
* 0.263 0.251
0.268 0.251
0.257 0.251
0.252 0.251
0.256 0.251
0.275 0.251
0.255 0.251
0.255 0.251
0.261 0.251
0.248 0.251
0.253 0.251
0.239 0.251
0.243 0.251
* 0.264 0.251
0.264 0.251
0.264 0.251
0.259 0.251
0.250 0.251
0.262 0.251
0.255 0.251
0.268 0.251
0.268 0.251
0.240 0.251
0.255 0.251
0.251 0.251
0.280 0.251
0.276 0.251
0.274 0.251
0.292 0.252
0.292 0.252
0.309 0.252
0.285 0.252
0.264 0.252
0.281 0.252
0.264 0.252
0.257 0.252
0.254 0.252
0.267 0.252
0.279 0.252
0.265 0.252
0.263 0.252
0.278 0.252
0.278 0.252
0.285 0.252
0.263 0.252
0.278 0.252
0.281 0.252
0.257 0.252
0.292 0.252
0.274 0.252
0.283 0.252
0.281 0.252
0.289 0.252
0.299 0.252
0.271 0.252
0.279 0.252
0.277 0.252
0.280 0.252
0.277 0.252
0.281 0.252
0.276 0.252
0.288 0.252
0.276 0.252
0.286 0.252
0.280 0.252
0.265 0.252
0.258 0.252
0.251 0.252
0.264 0.252
0.264 0.252
0.261 0.252
0.263 0.252
0.257 0.252
0.262 0.252
0.273 0.252
0.238 0.252
0.272 0.252
0.257 0.252
0.257 0.252
0.270 0.252
0.270 0.252
0.259 0.252
0.255 0.252
0.249 0.252
0.251 0.252
0.249 0.252
0.249 0.252
0.241 0.252
0.247 0.252
0.243 0.252
0.236 0.252
0.244 0.252
0.230 0.252
0.245 0.252
0.245 0.252
* 0.275 0.252
0.229 0.252
0.264 0.252
0.236 0.252
0.238 0.252
0.231 0.252
0.244 0.252
0.251 0.252
0.251 0.252
0.234 0.252
* 0.255 0.252
0.237 0.252
0.241 0.252
0.247 0.252
0.245 0.252
0.247 0.252
0.236 0.252
0.238 0.252
* 0.257 0.252
0.238 0.252
0.284 0.252
0.234 0.252
0.247 0.252
* 0.268 0.252
0.230 0.252
0.240 0.252
0.228 0.252
0.249 0.252
0.226 0.252
0.232 0.252
0.237 0.252
0.237 0.252
0.218 0.252
0.235 0.252
0.248 0.252
0.247 0.252
0.251 0.252
0.234 0.252
0.240 0.252
0.240 0.252
0.243 0.252
0.246 0.252
* 0.261 0.252
0.247 0.252
0.270 0.252
0.259 0.252
0.269 0.252
0.269 0.252
0.263 0.252
0.269 0.252
0.289 0.252
0.277 0.252
0.279 0.252
0.279 0.252
0.289 0.252
0.303 0.252
0.281 0.252
0.293 0.252
0.295 0.252
0.297 0.252
0.258 0.252
0.258 0.252
0.314 0.252
0.292 0.252
0.278 0.252
0.278 0.252
0.269 0.252
0.245 0.252
0.245 0.252
* 0.259 0.252
0.270 0.252
0.263 0.252
0.293 0.252
0.286 0.252
0.270 0.252
0.265 0.252
0.298 0.252
0.303 0.252
0.302 0.252
0.290 0.252
0.288 0.252
0.283 0.252
0.283 0.252
0.302 0.252
0.303 0.253
0.286 0.253
0.270 0.253
0.276 0.253
0.284 0.253
0.294 0.253
0.288 0.253
0.298 0.253
0.268 0.253
0.284 0.253
0.292 0.253
0.270 0.253
0.275 0.253
0.282 0.253
0.278 0.253
0.279 0.253
0.302 0.253
0.302 0.253
0.291 0.253
0.281 0.253
0.306 0.253
0.293 0.253
0.292 0.253
0.300 0.253
0.300 0.253
0.277 0.253
0.265 0.253
0.252 0.253
0.255 0.253
0.266 0.253
0.256 0.253
0.280 0.253
0.286 0.253
0.270 0.253
0.285 0.253
0.289 0.253
0.273 0.226
0.276 0.226
0.283 0.226
0.221 0.226
0.197 0.226
* 0.291 0.226
0.291 0.226
0.229 0.226
0.232 0.226
0.270 0.226
0.250 0.226
0.265 0.226
0.263 0.253
0.263 0.253
0.268 0.253
0.254 0.253
0.270 0.253
0.257 0.253
0.242 0.253
0.245 0.253
0.252 0.253
* 0.279 0.253
0.244 0.253
0.262 0.253
0.262 0.253
0.272 0.253
0.269 0.253
0.269 0.253
0.270 0.253
0.247 0.253
0.270 0.253
0.264 0.253
0.264 0.253
0.259 0.253
0.271 0.253
0.247 0.253
0.243 0.253
0.251 0.253
0.251 0.253
0.243 0.253
0.249 0.253
0.249 0.253
0.250 0.253
0.244 0.253
* 0.260 0.253
0.264 0.253
0.263 0.253
0.276 0.253
0.270 0.253
0.253 0.253
0.269 0.253
0.269 0.253
0.258 0.253
0.251 0.253
0.230 0.253
* 0.277 0.253
0.233 0.253
0.252 0.253
0.248 0.253
* 0.256 0.253
0.275 0.253
0.276 0.253
0.276 0.253
0.265 0.253
0.265 0.253
0.256 0.253
0.246 0.253
0.261 0.253
0.272 0.253
0.268 0.253
0.280 0.253
0.280 0.253
0.258 0.253
0.272 0.253
0.261 0.253
0.268 0.253
0.263 0.253
0.269 0.253
0.251 0.253
0.251 0.253
* 0.261 0.253
0.257 0.253
0.261 0.253
0.256 0.253
0.278 0.253
0.261 0.253
0.283 0.253
0.310 0.253
0.310 0.253
0.285 0.253
0.261 0.253
0.278 0.253
0.260 0.253
0.286 0.253
0.256 0.253
0.256 0.253
0.272 0.253
0.282 0.253
0.282 0.253
0.270 0.253
0.261 0.253
0.276 0.253
0.275 0.253
0.273 0.253
0.273 0.253
0.293 0.254
0.257 0.254
0.271 0.254
0.289 0.227
0.290 0.227
0.270 0.227
0.282 0.227
0.282 0.227
0.285 0.227
0.309 0.228
0.270 0.228
0.279 0.228
0.268 0.228
0.271 0.228
0.266 0.228
0.256 0.228
0.256 0.228
0.273 0.228
0.255 0.228
0.279 0.228
0.243 0.228
0.275 0.228
0.247 0.228
0.284 0.228
0.262 0.227
0.258 0.227
0.247 0.227
0.247 0.227
0.258 0.227
0.258 0.227
0.264 0.228
0.266 0.228
0.280 0.228
0.292 0.228
0.278 0.228
0.292 0.228
0.292 0.228
0.284 0.228
0.284 0.228
0.277 0.228
0.275 0.228
0.271 0.228
0.278 0.228
0.280 0.228
0.291 0.228
0.299 0.228
0.294 0.228
0.294 0.228
0.268 0.228
0.273 0.228
0.286 0.228
0.271 0.228
0.306 0.228
0.271 0.228
0.252 0.228
0.252 0.228
0.303 0.228
0.268 0.228
0.287 0.228
0.286 0.228
0.281 0.228
0.279 0.228
0.214 0.228
0.191 0.228
0.204 0.228
0.204 0.228
0.191 0.228
0.181 0.228
0.168 0.228
0.199 0.228
0.164 0.228
0.164 0.228
* 0.237 0.228
0.244 0.228
0.243 0.228
0.251 0.228
0.272 0.229
0.245 0.229
0.245 0.228
0.250 0.228
0.262 0.229
0.249 0.229
0.230 0.228
0.209 0.228
0.220 0.228
0.227 0.228
0.227 0.228
* 0.246 0.229
0.264 0.229
0.269 0.229
0.284 0.229
0.284 0.229
0.268 0.229
0.277 0.229
0.255 0.229
0.244 0.229
0.278 0.229
0.224 0.229
0.224 0.229
* 0.241 0.229
0.310 0.229
0.309 0.229
0.324 0.229
0.310 0.229
0.327 0.229
0.220 0.229
0.333 0.229
0.257 0.229
0.240 0.229
0.257 0.229
0.263 0.229
0.248 0.229
0.262 0.229
0.232 0.229
0.239 0.229
0.239 0.229
0.328 0.229
0.233 0.229
0.268 0.229
0.268 0.229
0.344 0.229
0.256 0.229
0.299 0.229
0.321 0.229
0.305 0.229
0.305 0.229
0.256 0.229
0.284 0.229
0.269 0.229
0.273 0.229
0.262 0.229
0.262 0.229
0.262 0.229
0.241 0.229
0.210 0.229
0.186 0.229
0.204 0.229
0.225 0.229
0.220 0.229
0.220 0.229
* 0.230 0.229
0.223 0.229
0.232 0.229
0.345 0.229
0.324 0.229
0.313 0.229
0.301 0.229
0.320 0.229
0.295 0.229
0.307 0.229
0.301 0.229
0.308 0.229
0.273 0.229
0.317 0.229
0.343 0.229
0.324 0.229
0.319 0.229
0.319 0.229
0.311 0.229
0.345 0.229
0.328 0.229
0.332 0.229
0.312 0.229
0.312 0.229
0.318 0.229
0.278 0.229
0.304 0.229
0.319 0.229
0.315 0.229
0.321 0.229
0.318 0.229
0.346 0.229
0.343 0.229
0.342 0.229
0.297 0.229
0.349 0.229
0.339 0.229
0.229 0.229
0.287 0.229
0.287 0.229
0.291 0.229
0.327 0.229
0.320 0.229
0.321 0.229
0.294 0.229
0.304 0.229
0.304 0.229
0.295 0.229
0.297 0.229
0.326 0.229
0.344 0.229
0.331 0.229
0.331 0.229
0.341 0.229
0.300 0.229
0.363 0.229
0.350 0.229
0.362 0.229
0.362 0.229
0.372 0.229
0.348 0.229
0.361 0.229
0.364 0.229
0.342 0.229
0.337 0.229
0.336 0.229
0.357 0.229
0.332 0.229
0.332 0.228
0.327 0.228
0.331 0.228
0.321 0.228
0.314 0.229
0.300 0.229
0.294 0.229
0.294 0.229
0.338 0.229
0.356 0.229
0.359 0.228
0.362 0.228
0.368 0.228
0.368 0.228
0.335 0.228
0.331 0.228
0.309 0.228
0.303 0.228
0.339 0.228
0.319 0.228
0.327 0.228
0.321 0.228
0.323 0.228
0.323 0.228
0.315 0.228
0.262 0.228
0.287 0.228
0.273 0.228
0.273 0.228
0.309 0.229
0.309 0.229
0.283 0.229
0.295 0.229
0.347 0.229
0.310 0.229
0.310 0.229
0.332 0.229
0.344 0.229
0.335 0.229
0.307 0.229
0.332 0.229
0.336 0.229
0.336 0.229
0.318 0.229
0.338 0.229
0.353 0.229
0.370 0.229
0.366 0.229
0.358 0.229
0.351 0.229
0.351 0.229
0.270 0.229
0.270 0.229
0.275 0.229
0.341 0.229
0.258 0.229
0.268 0.229
0.243 0.229
0.296 0.229
0.303 0.229
0.335 0.229
0.357 0.229
0.350 0.229
0.337 0.229
0.346 0.229
0.347 0.229
0.347 0.229
0.321 0.229
0.325 0.229
0.277 0.229
0.337 0.229
0.338 0.229
0.332 0.228
0.332 0.228
0.326 0.228
0.262 0.228
0.336 0.228
0.270 0.228
0.297 0.228
0.283 0.228
0.289 0.228
0.290 0.228
0.287 0.229
0.341 0.229
0.237 0.229
0.284 0.229
0.284 0.229
0.270 0.229
0.322 0.229
0.286 0.229
0.295 0.229
0.333 0.229
0.326 0.229
0.331 0.229
0.331 0.229
0.331 0.229
0.327 0.229
0.320 0.229
0.311 0.229
0.267 0.229
0.274 0.229
0.274 0.229
0.313 0.229
0.323 0.229
0.302 0.229
0.280 0.229
0.314 0.229
0.317 0.229
0.290 0.229
0.290 0.229
0.282 0.229
0.319 0.229
0.294 0.229
0.285 0.229
0.303 0.229
0.303 0.229
0.314 0.229
0.324 0.229
0.264 0.229
0.303 0.229
0.303 0.229
0.273 0.229
0.275 0.229
0.270 0.229
0.274 0.229
0.262 0.230
0.250 0.230
0.258 0.230
0.258 0.230
0.252 0.229
0.241 0.229
0.228 0.229
0.241 0.229
0.220 0.229
0.221 0.229
0.221 0.229
0.228 0.229
0.214 0.229
* 0.242 0.229
0.215 0.229
0.215 0.229
* 0.237 0.229
0.255 0.229
0.237 0.229
0.257 0.229
0.257 0.229
0.299 0.229
0.329 0.229
0.320 0.229
0.342 0.229
0.342 0.229
0.302 0.229
0.249 0.229
0.277 0.229
0.277 0.229
0.306 0.229
0.306 0.229
0.309 0.229
0.293 0.229
0.293 0.229
0.253 0.229
0.199 0.229
0.279 0.229
0.286 0.229
0.307 0.229
0.301 0.229
0.325 0.229
0.325 0.229
0.308 0.229
0.304 0.229
0.282 0.229
0.276 0.229
0.224 0.229
0.224 0.229
0.200 0.229
0.223 0.229
* 0.250 0.229
0.302 0.229
0.302 0.229
0.280 0.229
0.255 0.229
0.286 0.229
0.233 0.229
0.233 0.228
0.243 0.228
0.270 0.228
0.239 0.228
0.254 0.228
0.254 0.228
0.236 0.228
0.248 0.228
0.240 0.228
0.254 0.228
0.264 0.228
0.264 0.228
0.266 0.228
0.278 0.228
0.266 0.228
0.266 0.228
0.266 0.228
0.269 0.228
0.256 0.228
0.256 0.228
0.267 0.228
0.281 0.228
0.261 0.228
0.261 0.228
0.303 0.228
0.270 0.228
0.272 0.228
0.272 0.228
0.280 0.228
0.264 0.228
0.287 0.228
0.290 0.228
0.290 0.228
0.287 0.228
0.299 0.228
0.309 0.228
0.309 0.228
0.243 0.228
0.219 0.228
0.239 0.227
0.239 0.227
0.249 0.227
0.264 0.227
0.252 0.227
0.290 0.227
0.290 0.227
0.312 0.227
0.297 0.227
0.281 0.227
0.304 0.227
0.278 0.227
0.264 0.227
0.283 0.227
0.292 0.227
0.263 0.227
0.270 0.227
0.272 0.227
0.245 0.227
0.268 0.227
0.253 0.227
0.256 0.227
0.267 0.227
0.263 0.227
0.272 0.227
0.287 0.227
0.262 0.227
0.271 0.227
0.291 0.227
0.274 0.227
0.287 0.227
0.251 0.227
0.276 0.227
0.268 0.227
0.261 0.227
0.268 0.227
0.278 0.227
0.293 0.227
0.283 0.227
0.300 0.227
0.293 0.227
0.279 0.227
0.290 0.227
0.305 0.227
0.328 0.227
0.288 0.227
0.281 0.227
0.274 0.227
0.278 0.228
0.278 0.228
0.288 0.228
0.288 0.228
0.278 0.228
0.255 0.228
0.251 0.228
0.266 0.228
0.273 0.228
0.258 0.228
0.286 0.228
0.256 0.228
0.268 0.228
0.268 0.228
0.270 0.228
0.282 0.228
0.274 0.228
0.310 0.228
0.310 0.228
0.286 0.228
0.255 0.228
0.260 0.228
0.249 0.228
0.278 0.228
0.257 0.228
0.257 0.228
0.252 0.228
0.260 0.228
0.255 0.228
0.249 0.228
0.225 0.228
0.253 0.228
0.284 0.228
0.283 0.228
0.279 0.228
0.276 0.228
0.276 0.228
0.304 0.228
0.306 0.228
0.267 0.228
0.228 0.228
0.228 0.228
0.234 0.227
0.249 0.227
0.257 0.227
0.257 0.227
0.264 0.227
