0.276
0.264
0.283
0.270
0.278
0.273
0.236
0.243
0.260
0.259
0.284
0.293
0.280
0.302
0.298
0.317
0.333
0.320
0.323
0.271
0.259
0.226
0.260
0.264
0.297
0.262
0.255
0.248
0.254
0.280
0.270
0.267
0.275
0.222
0.239
* 0.285
0.273
0.296
0.299
0.222
0.234
* 0.264
0.266
0.275
0.277
0.250
0.264
0.269
0.253
0.272
0.303
0.314
0.313
0.310
0.310
0.309
0.293
0.293
0.216
0.247
0.255
0.283
0.280
0.304
0.285
0.296
0.279
0.310
0.275
0.280
0.285
0.295
0.248
0.260
0.282
0.300
0.277
0.270
0.215
0.264
0.279
0.290
0.284
0.287
0.296
0.286
0.319
0.308
0.299
0.297
0.286
0.314
0.268
0.251
0.231
0.262
0.267
0.261
0.262
0.301
0.272
0.316
0.281
0.275
0.247
0.250
0.260
0.257
0.264
0.250
0.261
0.276
0.272
0.272
0.261
0.253
0.261
0.239
0.242
0.253
0.281
0.264
0.284
0.271
0.282
0.286
0.326
0.313
0.326
0.304
0.245
0.305
0.310
0.325
0.310
0.329
0.332
0.302
0.277
0.274
0.319
0.315
0.306
0.292
0.281
0.301
0.300
0.278
0.298
0.287
0.272
0.284
0.282
0.285
0.305
0.277
0.279
0.276
0.284
0.290
0.297
0.275
0.251
0.284
0.236
0.217
0.239
0.236
* 0.287
0.241
0.262
0.248
0.245
0.250
0.254
0.251
0.250
0.250
0.265
0.258
0.265
0.251
0.218
0.277
0.274
0.191
0.210
0.238
0.212
0.227
0.211
0.239
0.230
0.210
* 0.244
0.233
0.218
* 0.254
0.282
0.256
0.277
0.270
0.270
0.256
0.227
0.195
0.214
0.212
0.178
0.229
* 0.267
0.177
0.256
0.259
0.254
0.268
0.250
0.254
0.247
0.254
0.241
0.260
0.262
0.269
0.237
0.204
* 0.251
0.262
0.256
0.253
0.256
0.270
0.245
0.263
0.245
0.250
0.262
0.275
0.279
0.280
0.254
0.266
0.273
0.258
0.226
0.254
0.263
0.271
0.272
0.273
0.252
0.260
0.264
0.286
0.274
0.274
0.266
0.255
0.268
0.271
0.276
0.250
0.270
0.277
0.257
0.288
0.239
0.254
0.254
0.230
0.265
0.243
0.247
0.274
0.248
0.190
0.225
* 0.268
0.247
0.267
0.261
0.274
0.241
0.262
0.246
0.260
0.248
0.244
0.243
0.260
0.265
0.236
0.252
0.251
0.252
0.236
0.259
0.245
0.266
0.260
0.277
0.247
0.263
0.244
0.245
0.256
0.239
0.247
0.250
0.253
0.259
0.253
0.224
0.265
0.269
0.265
0.273
0.281
0.278
0.264
0.268
0.290
0.291
0.285
0.279
0.296
0.282
0.279
0.273
0.279
0.239
0.288
0.273
0.283
0.276
0.267
0.259
0.283
0.283
0.256
0.270
0.284
0.291
0.291
0.303
0.297
0.267
0.279
0.268
0.302
0.278
0.299
0.274
0.274
0.288
0.267
0.265
0.273
0.279
0.256
0.236
0.258
0.265
0.247
0.265
0.253
0.270
0.225
0.222
0.203
0.219
* 0.259
0.219
0.236
0.239
0.210
0.227
0.236
0.228
0.231
0.195
0.227
* 0.269
0.274
0.253
0.277
0.245
0.245
0.253
0.247
0.247
0.225
0.218
0.203
* 0.254
0.271
0.270
0.248
0.295
0.261
0.250
0.234
0.271
0.264
0.248
0.248
0.234
0.232
* 0.249
0.261
0.183
0.225
* 0.275
0.274
0.256
0.200
0.200
0.211
0.240
* 0.268
0.256
0.260
0.254
0.260
0.262
0.259
0.310
0.296
0.313
0.327
0.310
0.330
0.308
0.304
0.281
0.270
0.253
0.267
0.262
0.270
0.270
0.261
0.247
0.304
0.297
0.296
0.273
0.290
0.270
0.317
0.314
0.334
0.303
0.295
0.311
0.293
0.271
0.282
0.299
0.288
0.267
0.259
0.273
0.194
0.256
0.287
0.270
0.281
0.262
0.274
0.258
0.242
0.253
0.242
0.237
0.254
0.223
0.251
0.208
0.207
* 0.262
0.253
0.256
0.236
0.228
0.239
0.216
* 0.242
0.240
0.247
0.239
0.262
0.250
0.231
0.236
* 0.248
0.253
0.250
0.239
0.256
0.245
0.259
0.262
0.292
0.270
0.268
0.273
0.281
0.296
0.270
0.268
0.265
0.296
0.279
0.265
0.273
0.218
0.231
* 0.250
0.277
0.283
0.265
0.259
0.268
0.262
0.259
0.253
0.245
0.259
0.256
0.279
0.233
0.233
* 0.245
0.242
0.233
0.227
0.234
* 0.242
0.259
0.250
0.257
0.266
0.254
0.251
0.257
0.269
0.412
0.264
0.262
0.262
0.268
0.148
0.142
0.216
0.195
0.192
0.212
0.184
0.191
0.210
0.188
0.193
0.196
0.188
* 0.302
0.292
0.292
0.296
0.291
0.282
0.287
0.291
0.267
0.257
0.265
0.253
0.271
0.253
0.268
0.279
0.265
0.277
0.296
0.312
0.280
0.301
0.290
0.282
0.287
0.279
0.276
0.290
0.265
0.242
0.264
0.295
0.307
0.296
0.309
0.295
0.301
0.299
0.296
0.299
0.278
0.290
0.288
0.298
0.293
0.291
0.287
0.290
0.300
0.289
0.275
0.270
0.291
0.271
0.284
0.279
0.298
0.214
0.248
0.280
0.245
0.257
0.256
0.253
0.265
0.245
0.266
0.277
0.270
0.295
0.308
0.327
0.309
0.310
0.286
0.314
0.297
0.308
0.318
0.337
0.316
0.311
0.287
0.283
0.302
0.290
0.324
0.298
0.333
0.294
0.294
0.311
0.303
0.316
0.314
0.316
0.304
0.327
0.303
0.303
0.292
0.308
0.302
0.305
0.310
0.307
0.302
0.293
0.313
0.308
0.304
0.304
0.306
0.315
0.296
0.273
0.268
0.288
0.282
0.295
0.303
0.279
0.289
0.274
0.279
0.276
0.235
0.301
0.294
0.290
0.290
0.312
0.312
0.288
0.294
0.290
0.276
0.308
0.308
0.311
0.325
0.322
0.320
0.314
0.317
0.294
0.293
0.307
0.282
0.292
0.296
0.312
0.312
0.269
0.281
0.270
0.305
0.273
0.294
0.270
0.297
0.311
0.294
0.310
0.304
0.294
0.266
0.276
0.268
0.276
0.276
0.290
0.288
0.265
0.274
0.276
0.307
0.279
0.276
0.280
0.282
0.283
0.284
0.294
0.289
0.268
0.278
0.288
0.279
0.271
0.307
0.307
0.276
0.280
0.293
0.271
0.300
0.314
0.277
0.263
0.274
0.279
0.274
0.292
0.282
0.278
0.271
0.280
0.291
0.302
0.285
0.259
0.276
0.266
0.280
0.278
0.278
0.263
0.294
0.299
0.317
0.259
0.265
0.268
0.259
0.267
0.274
0.262
0.267
0.275
0.286
0.277
0.286
0.273
0.304
0.294
0.263
0.263
0.289
0.279
0.279
0.280
0.295
0.285
0.277
0.280
0.265
0.277
0.277
0.271
0.277
0.253
0.253
0.271
0.253
0.257
0.276
0.264
0.264
0.247
0.248
0.256
0.256
0.262
0.265
0.288
0.271
0.265
0.269
0.266
0.282
0.259
0.267
0.234
0.277
0.306
0.294
0.310
0.313
0.303
0.298
0.320
0.270
0.267
0.286
0.282
0.254
0.270
0.251
0.277
0.260
0.265
0.265
0.265
0.263
0.255
0.265
0.264
0.239
0.284
0.272
0.258
0.307
0.277
0.267
0.269
0.276
0.265
0.269
0.262
0.256
0.275
0.286
0.286
0.279
0.305
0.295
0.310
0.272
0.274
0.265
0.248
0.265
0.257
0.265
0.262
0.263
0.263
0.267
0.265
0.253
0.253
0.274
0.253
0.253
0.257
0.268
0.267
0.269
0.271
0.289
0.297
0.299
0.280
0.221
0.215
0.234
* 0.243
0.234
0.234
* 0.252
0.242
0.234
0.240
0.256
0.303
0.286
0.297
0.283
0.279
0.289
0.291
0.285
0.293
0.293
0.291
0.274
0.259
0.239
0.233
0.222
* 0.248
0.227
0.239
0.239
* 0.274
0.253
0.264
0.251
0.271
0.268
0.245
0.245
0.256
0.269
0.263
0.270
0.274
0.265
0.247
0.245
0.271
0.254
0.267
0.267
0.256
0.256
0.259
0.251
0.270
0.256
0.231
0.248
0.253
0.259
0.265
0.251
0.264
0.276
0.276
0.274
0.292
0.300
0.280
0.257
0.253
0.253
0.297
0.271
0.273
0.259
0.256
0.253
0.259
0.268
0.271
0.262
0.251
0.262
0.265
0.276
0.291
0.309
0.293
0.298
0.288
0.286
0.300
0.285
0.291
0.273
0.296
0.282
0.268
0.279
0.280
0.270
0.253
0.262
0.250
0.268
0.256
0.256
0.256
0.265
0.268
0.270
0.242
0.262
0.253
0.251
0.277
0.274
0.285
0.307
0.288
0.291
0.291
0.302
0.314
0.314
0.213
0.210
0.225
* 0.271
0.250
0.256
0.265
0.259
0.265
0.285
0.268
0.253
0.267
0.262
0.288
0.277
0.284
0.279
0.283
0.282
0.282
0.299
0.309
0.320
0.324
0.334
0.215
0.265
0.322
0.324
0.303
0.299
0.289
0.273
0.292
0.300
0.283
0.281
0.276
0.262
0.282
0.300
0.289
0.313
0.305
0.293
0.290
0.304
0.309
0.280
0.280
0.287
0.300
0.268
0.279
0.290
0.301
0.292
0.284
0.285
0.285
0.279
0.286
0.286
0.288
0.297
0.303
0.303
0.292
0.312
0.303
0.303
0.306
0.308
0.313
0.313
0.303
0.250
0.275
0.280
0.282
0.294
0.285
0.276
0.273
0.275
0.300
0.300
0.302
0.261
0.319
0.321
0.274
0.285
0.300
0.290
0.283
0.279
0.291
0.291
0.279
0.264
0.264
0.280
0.282
0.259
0.276
0.271
0.276
0.274
0.253
0.299
0.268
0.265
0.271
0.278
0.262
0.271
0.241
0.271
0.271
0.266
0.261
0.248
0.264
0.274
0.272
0.259
0.245
0.245
0.256
0.308
0.279
0.288
0.308
0.308
0.289
0.284
0.294
0.277
0.277
0.267
0.279
0.251
0.263
0.246
0.246
0.265
0.252
0.293
0.322
0.315
0.315
0.300
0.288
0.256
0.264
0.264
0.280
0.266
0.277
0.294
0.279
0.277
0.266
0.276
0.283
0.287
0.271
0.272
0.283
0.286
0.289
0.291
0.292
0.346
0.345
0.345
0.298
0.297
0.278
0.292
0.292
0.267
0.267
0.292
0.281
0.264
0.290
0.290
0.270
0.284
0.294
0.285
0.286
0.320
0.281
0.308
0.260
0.271
0.303
0.293
0.289
0.290
0.299
0.317
0.323
0.301
0.301
0.295
0.290
0.291
0.299
0.295
0.309
0.309
0.314
0.292
0.285
0.303
0.298
0.332
0.309
0.296
0.292
0.314
0.273
0.297
0.285
0.285
0.276
0.298
0.319
0.310
0.267
0.279
0.297
0.322
0.311
0.311
0.312
0.279
0.296
0.315
0.310
0.304
0.304
0.282
0.282
0.279
0.287
0.289
0.297
0.297
0.272
0.270
0.260
0.260
0.270
0.298
0.298
0.262
0.277
0.259
0.259
0.271
0.263
0.263
0.271
0.306
0.303
0.287
0.302
0.294
0.280
0.316
0.304
0.305
0.288
0.290
0.296
0.279
0.294
0.294
0.294
0.280
0.310
0.259
0.282
0.279
0.295
0.295
0.268
0.279
0.314
0.277
0.285
0.260
0.288
0.273
0.313
0.280
0.285
0.275
0.273
0.273
0.265
0.274
0.283
0.282
0.282
0.278
0.299
0.306
0.316
0.299
0.299
0.305
0.326
0.304
0.296
0.294
0.302
0.289
0.317
0.305
0.276
0.287
0.273
0.298
0.306
0.296
0.276
0.289
0.289
0.253
0.279
0.284
0.278
0.268
0.267
0.267
0.298
0.298
0.286
0.287
0.288
0.324
0.308
0.285
0.285
0.281
0.284
0.327
0.312
0.285
0.283
0.291
0.278
0.284
0.276
0.276
0.276
0.285
0.295
0.295
0.273
0.278
0.279
0.302
0.298
0.292
0.292
0.282
0.282
0.253
0.265
0.262
0.267
0.267
0.270
0.284
0.259
0.262
0.290
0.288
0.275
0.278
0.277
0.276
0.270
0.270
0.259
0.276
0.267
0.270
0.267
0.247
0.233
0.250
0.247
0.248
0.267
0.267
0.281
0.262
0.256
0.236
0.262
0.262
0.264
0.264
0.267
0.267
0.274
0.267
0.264
0.262
0.265
0.265
0.311
0.290
0.285
0.305
0.305
0.245
0.224
0.250
0.262
0.280
0.276
0.274
0.259
0.285
0.253
0.276
0.275
0.261
0.267
0.236
0.271
0.264
0.276
0.245
0.253
0.251
0.281
0.245
0.294
0.288
0.273
0.305
0.280
0.300
0.279
0.271
0.293
0.298
0.287
0.287
0.289
0.289
0.311
0.299
0.287
0.287
0.293
0.293
0.339
0.339
0.293
0.295
0.304
0.285
0.304
0.299
0.290
0.312
0.269
0.296
0.296
0.274
0.298
0.287
0.287
0.296
0.294
0.326
0.322
0.340
0.340
0.299
0.299
0.313
0.326
0.307
0.307
0.305
0.304
0.317
0.225
0.226
* 0.301
0.291
0.302
0.322
0.307
0.315
0.304
0.331
0.332
0.312
0.323
0.298
0.321
0.300
0.309
0.329
0.314
0.216
0.201
* 0.262
0.319
0.286
0.307
0.307
0.326
0.326
0.307
0.307
0.292
0.292
0.206
0.206
* 0.283
0.283
0.286
0.286
0.323
0.323
0.320
0.320
0.321
0.321
0.308
0.294
0.294
0.294
0.308
0.285
0.278
0.306
0.284
0.295
0.279
0.293
0.296
0.190
0.190
* 0.301
0.301
0.297
0.297
0.281
0.281
0.285
0.297
0.300
0.300
0.277
0.277
0.284
0.284
0.266
0.266
0.291
0.297
0.297
0.295
0.291
0.295
0.313
0.300
0.320
0.320
0.303
0.315
0.301
0.286
0.277
0.290
0.241
0.212
0.258
0.300
0.306
0.280
0.280
0.282
0.291
0.291
0.291
0.291
0.291
0.304
0.281
0.277
0.277
0.288
0.288
0.280
0.276
0.273
0.276
0.283
0.279
0.294
0.295
0.301
0.295
0.287
0.285
0.285
0.281
0.314
0.296
0.296
0.302
0.310
0.315
0.315
0.306
0.297
0.298
0.321
0.292
0.296
0.306
0.301
0.288
0.262
0.279
0.296
0.296
0.281
0.281
0.281
0.257
0.266
0.270
0.263
0.279
0.277
0.282
0.303
0.276
0.276
0.279
0.279
0.289
0.266
0.282
0.282
0.274
0.286
0.287
0.284
0.297
0.296
0.280
0.279
0.279
0.266
0.266
0.190
0.190
* 0.251
0.251
0.264
0.272
0.263
0.284
0.264
0.292
0.274
0.260
0.270
0.278
0.271
0.275
0.276
0.253
0.242
0.263
0.254
0.287
0.266
0.251
0.251
0.274
0.274
0.276
0.276
0.264
0.264
0.261
0.236
0.211
0.211
* 0.287
0.287
0.291
0.291
0.290
0.294
0.287
0.286
0.277
0.288
0.285
0.264
0.278
0.288
0.275
0.264
0.258
0.283
0.283
0.288
0.287
0.266
0.275
0.274
0.274
0.308
0.322
0.309
0.309
0.320
0.319
0.321
0.303
0.329
0.338
0.330
0.263
0.302
0.270
0.252
0.266
0.299
0.287
0.287
0.283
0.316
0.336
0.340
0.334
0.335
0.274
0.324
0.313
0.347
0.329
0.313
0.314
0.328
0.313
0.297
0.297
0.311
0.306
0.293
0.293
0.289
0.266
0.288
0.294
0.302
0.312
0.301
0.287
0.294
0.319
0.319
0.293
0.293
0.285
0.322
0.296
0.330
0.314
0.303
0.331
0.331
0.305
0.314
0.311
0.293
0.303
0.307
0.305
0.326
0.326
0.324
0.324
0.310
0.310
0.305
0.319
0.318
0.315
0.323
0.323
0.302
0.319
0.312
0.310
0.310
0.316
0.314
0.307
0.307
0.297
0.297
0.280
0.280
0.288
0.293
0.281
0.291
0.288
0.292
0.292
0.288
0.300
0.290
0.290
0.296
0.283
0.296
0.291
0.300
0.297
0.296
0.304
0.293
0.277
0.196
0.269
0.234
0.282
0.291
0.302
0.282
0.291
0.271
0.285
0.270
0.295
0.295
0.319
0.298
0.323
0.323
0.276
0.307
0.288
0.285
0.263
0.315
0.278
0.276
0.286
0.299
0.287
0.276
0.295
0.295
0.295
0.279
0.211
0.248
0.248
0.289
0.315
0.306
0.284
0.295
0.300
0.265
0.290
0.295
0.291
0.300
0.304
0.286
0.284
0.305
0.297
0.297
0.280
0.280
0.309
0.309
0.289
0.275
0.286
0.295
0.309
0.289
0.308
0.327
0.327
0.331
0.344
0.337
0.341
0.366
0.339
0.353
0.342
0.339
0.371
0.313
0.313
0.325
0.325
0.316
0.316
0.292
0.292
0.316
0.281
0.307
0.312
0.310
0.271
0.233
0.248
0.285
0.280
0.280
0.215
0.210
0.230
* 0.292
0.270
0.270
0.276
0.276
0.312
0.304
0.296
0.285
0.287
0.285
0.265
0.256
0.256
0.280
0.280
0.270
0.264
0.266
0.266
0.271
0.271
0.275
0.263
0.277
0.245
0.257
0.267
0.267
0.253
0.253
0.260
0.260
0.209
0.233
0.192
0.192
* 0.246
0.262
0.285
0.271
0.301
0.301
0.277
0.283
0.290
0.284
0.298
0.305
0.305
0.302
0.302
0.293
0.298
0.306
0.280
0.307
0.287
0.269
0.281
0.291
0.287
0.291
0.292
0.278
0.288
0.270
0.263
0.248
0.284
0.284
0.257
0.257
0.296
0.296
0.302
0.309
0.318
0.309
0.304
0.314
0.280
0.287
0.280
0.290
0.280
0.280
0.280
0.288
0.288
0.254
0.254
0.218
0.218
* 0.240
0.240
0.276
0.274
0.283
0.283
0.268
0.266
0.263
0.269
0.278
0.289
0.271
0.268
0.274
0.285
0.250
0.250
0.258
0.257
0.257
0.267
0.274
0.270
0.270
0.275
0.297
0.288
0.300
0.279
0.270
0.305
0.305
0.282
0.275
0.286
0.286
0.278
0.278
0.301
0.289
0.285
0.318
0.324
0.291
0.281
0.299
0.303
0.290
0.281
0.305
0.303
0.302
0.282
0.295
0.284
0.284
0.278
0.278
0.287
0.251
0.256
0.277
0.289
0.289
0.263
0.287
0.296
0.264
0.297
0.281
0.286
0.299
0.293
0.276
0.276
0.263
0.263
0.268
0.257
0.284
0.276
0.293
0.281
0.268
0.276
0.268
0.266
0.266
0.267
0.269
0.269
0.254
0.253
0.266
0.268
0.259
0.265
0.265
0.275
0.275
0.303
0.342
0.302
0.326
0.278
0.290
0.284
0.272
0.306
0.274
0.286
0.270
0.281
0.271
0.271
0.268
0.268
0.276
0.276
0.284
0.277
0.301
0.293
0.287
0.315
0.315
0.310
0.320
0.316
0.306
0.317
0.299
0.316
0.316
0.304
0.306
0.314
0.314
0.294
0.321
0.317
0.312
0.309
0.292
0.306
0.306
0.306
0.316
0.316
0.310
0.306
0.307
0.301
0.294
0.294
0.276
0.286
0.288
0.291
0.278
0.280
0.238
0.281
0.281
0.284
0.284
0.310
0.310
0.302
0.302
0.300
0.300
0.287
0.260
0.278
0.268
0.275
0.272
0.272
0.281
0.284
0.290
0.285
0.258
0.258
0.257
0.257
0.263
0.263
0.260
0.260
0.263
0.263
0.251
0.282
0.261
0.230
0.240
* 0.261
0.276
0.258
0.281
0.273
0.271
0.290
0.274
0.286
0.286
0.288
0.288
0.312
0.312
0.327
0.327
0.301
0.294
0.291
0.284
0.296
0.290
0.261
0.256
0.256
0.276
0.257
0.272
0.248
0.286
0.286
0.245
0.245
0.257
0.257
0.257
0.266
0.271
0.264
0.227
0.262
0.259
0.273
0.267
0.256
0.256
0.264
0.282
0.293
0.312
0.306
0.306
0.277
0.277
0.300
0.293
0.285
0.303
0.271
0.302
0.283
0.277
0.292
0.295
0.288
0.324
0.314
0.312
0.293
0.282
0.293
0.292
0.296
0.277
0.285
0.275
0.285
0.270
0.246
0.263
0.263
0.279
0.272
0.260
0.283
0.268
0.268
0.194
0.194
* 0.241
0.241
0.248
0.278
0.243
0.243
0.243
0.247
0.270
0.241
0.245
0.257
0.264
0.261
0.261
0.244
0.244
0.245
0.245
0.254
0.254
0.260
0.274
0.283
0.280
0.285
0.292
0.299
0.279
0.269
0.269
0.274
0.312
0.317
0.305
0.309
0.306
0.297
0.270
0.277
0.295
0.295
0.286
0.286
0.261
0.261
0.287
0.271
0.286
0.289
0.300
0.280
0.298
0.282
0.267
0.277
0.277
0.294
0.293
0.292
0.292
0.294
0.272
0.274
0.274
0.264
0.266
0.256
0.256
0.301
0.321
0.293
0.305
0.293
0.303
0.285
0.297
0.316
0.297
0.302
0.287
0.287
0.311
0.311
0.245
0.245
0.291
0.284
0.285
0.285
0.321
0.293
0.321
0.277
0.303
0.290
0.315
0.282
0.282
0.293
0.293
0.289
0.289
0.294
0.294
0.251
0.269
0.263
0.284
0.275
0.286
0.308
0.306
0.302
0.312
0.296
0.315
0.308
0.278
0.310
0.297
0.313
0.310
0.307
0.279
0.279
0.300
0.300
0.290
0.290
0.267
0.294
0.287
0.274
0.289
0.277
0.307
0.326
0.303
0.323
0.289
0.307
0.330
0.321
0.303
0.301
0.300
0.300
0.291
0.288
0.278
0.295
0.269
0.283
0.285
0.315
0.290
0.293
0.289
0.289
0.256
0.256
0.289
0.267
0.253
0.204
0.297
0.259
0.284
0.287
0.282
0.284
0.281
0.275
0.288
0.241
0.264
0.243
0.243
0.279
0.251
0.256
0.243
0.269
0.259
0.271
0.271
0.283
0.263
0.276
0.265
0.276
0.281
0.276
0.282
0.282
0.276
0.263
0.277
0.277
0.260
0.277
0.254
0.254
0.269
0.251
0.261
0.261
0.275
0.289
0.264
0.288
0.285
0.277
0.289
0.274
0.274
0.266
0.266
0.283
0.283
0.266
0.274
0.266
0.266
0.282
0.292
0.286
0.295
0.272
0.280
0.297
0.278
0.258
0.291
0.261
0.276
0.283
0.280
0.297
0.279
0.270
0.279
0.295
0.284
0.281
0.299
0.294
0.294
0.296
0.296
0.278
0.278
0.306
0.287
0.268
0.288
0.286
0.301
0.290
0.304
0.284
0.283
0.303
0.307
0.269
0.290
0.290
0.286
0.286
0.284
0.280
0.286
0.260
0.295
0.276
0.287
0.290
0.253
0.279
0.297
0.287
0.287
0.299
0.299
0.290
0.295
0.305
0.305
0.296
0.271
0.292
0.277
0.285
0.276
0.293
0.274
0.295
0.274
0.295
0.288
0.272
0.300
0.300
0.285
0.290
0.299
0.299
0.274
0.300
0.271
0.271
0.294
0.287
0.287
0.287
0.290
0.304
0.295
0.295
0.306
0.306
0.273
0.302
0.302
0.299
0.299
0.297
0.297
0.302
0.299
0.292
0.292
0.282
0.284
0.298
0.272
0.282
0.289
0.287
0.276
0.279
0.271
0.279
0.276
0.287
0.284
0.268
0.281
0.281
0.271
0.271
0.279
0.282
0.266
0.271
0.274
0.283
0.268
0.253
0.263
0.271
0.274
0.297
0.284
0.278
0.299
0.281
0.281
0.292
0.292
0.289
0.289
0.294
0.294
0.313
0.303
0.307
0.307
0.285
0.232
0.279
0.283
0.251
0.250
0.250
0.244
0.221
0.256
0.256
0.260
0.236
0.241
0.230
0.313
0.313
0.296
0.291
0.291
0.295
0.308
0.305
0.264
0.189
0.218
* 0.268
0.273
0.275
0.278
0.278
0.273
0.283
0.267
0.281
0.281
0.281
0.267
0.267
0.279
0.279
0.273
0.273
0.270
0.296
0.276
0.286
0.276
0.273
0.298
0.262
0.271
0.285
0.267
0.276
0.262
0.270
0.261
0.267
0.267
0.273
0.273
0.239
0.196
* 0.261
0.292
0.306
0.308
0.301
0.303
0.294
0.319
0.316
0.298
0.327
0.292
0.292
0.289
0.289
0.286
0.286
0.291
0.280
0.288
0.286
0.291
0.288
0.278
0.300
0.269
0.288
0.270
0.275
0.281
0.280
0.274
0.289
0.283
0.284
0.275
0.275
0.286
0.301
0.292
0.292
0.283
0.283
0.283
0.288
0.286
0.284
0.294
0.294
0.294
0.226
0.201
0.240
0.240
0.202
0.220
* 0.303
0.307
0.226
0.212
* 0.249
0.249
0.247
0.274
0.274
0.301
0.301
0.272
0.272
0.294
0.294
0.278
0.278
0.258
0.279
0.253
0.269
0.272
0.266
0.262
0.295
0.286
0.277
0.291
0.262
0.262
0.272
0.272
0.286
0.286
0.285
0.286
0.275
0.289
0.297
0.286
0.286
0.286
0.290
0.215
0.215
* 0.293
0.289
0.267
0.217
0.264
0.318
0.302
0.323
0.318
0.334
0.318
0.330
0.330
0.306
0.306
0.303
0.303
0.284
0.288
0.295
0.314
0.307
0.304
0.286
0.295
0.295
0.275
0.275
0.303
0.303
0.275
0.285
0.295
0.295
0.284
0.284
0.293
0.305
0.294
0.289
0.280
0.271
0.292
0.275
0.281
0.299
0.299
0.288
0.288
0.300
0.264
0.297
0.289
0.283
0.306
0.295
0.295
0.284
0.285
0.289
0.267
0.299
0.303
0.306
0.278
0.278
0.284
0.284
0.280
0.256
0.273
0.222
0.222
* 0.254
0.253
0.256
0.256
0.253
0.272
0.278
0.283
0.261
0.280
0.290
0.283
0.281
0.275
0.286
0.294
0.292
0.311
0.284
0.307
0.307
0.316
0.316
0.320
0.320
0.270
0.273
0.272
0.264
0.273
0.290
0.307
0.289
0.297
0.316
0.316
0.283
0.283
0.286
0.286
0.284
0.284
0.292
0.289
0.281
0.275
0.272
0.276
0.292
0.284
0.264
0.256
0.286
0.273
0.289
0.286
0.217
0.212
0.236
* 0.261
0.270
0.302
0.264
0.264
0.259
0.259
0.256
0.256
0.264
0.307
0.289
0.291
0.272
0.303
0.303
0.295
0.295
0.275
0.264
0.287
0.287
0.285
0.278
0.292
0.289
0.294
0.292
0.275
0.275
0.281
0.283
0.281
0.281
0.283
0.281
0.281
0.261
0.261
0.295
0.286
0.289
0.289
0.272
0.297
0.284
0.276
0.278
0.296
0.297
0.294
0.294
0.279
0.279
0.259
0.273
0.269
0.272
0.262
0.254
0.303
0.292
0.279
0.289
0.270
0.262
0.262
0.242
0.268
0.275
0.256
0.247
0.259
0.248
0.256
0.267
0.250
0.284
0.275
0.289
0.286
0.286
0.291
0.291
0.294
0.294
0.277
0.277
0.292
0.272
0.298
0.278
0.290
0.306
0.295
0.289
0.308
0.275
0.275
0.284
0.284
0.270
0.292
0.292
0.292
0.290
0.290
0.292
0.292
0.314
0.290
0.284
0.289
0.301
0.290
0.290
0.284
0.268
0.281
0.281
0.270
0.282
0.276
0.279
0.256
0.265
0.280
0.316
0.289
0.279
0.263
0.283
0.290
0.301
0.294
0.289
0.289
0.289
0.286
0.293
0.300
0.291
0.304
0.283
0.291
0.315
0.305
0.281
0.298
0.298
0.302
0.302
0.277
0.277
0.291
0.316
0.310
0.310
0.274
0.275
0.278
0.291
0.299
0.275
0.306
0.295
0.295
0.287
0.287
0.282
0.313
0.300
0.289
0.304
0.286
0.282
0.286
0.290
0.304
0.284
0.282
0.285
0.304
0.304
0.215
0.215
* 0.276
0.291
0.296
0.288
0.295
0.297
0.290
0.278
0.292
0.285
0.285
0.292
0.270
0.295
0.295
0.266
0.266
0.283
0.252
0.274
0.275
0.267
0.288
0.272
0.272
0.274
0.255
0.286
0.297
0.285
0.287
0.287
0.260
0.260
0.266
0.266
0.274
0.266
0.280
0.276
0.277
0.256
0.264
0.260
0.285
0.288
0.267
0.270
0.270
0.272
0.275
0.281
0.289
0.265
0.275
0.291
0.270
0.264
0.268
0.273
0.266
0.266
0.260
0.260
0.292
0.279
0.288
0.288
0.310
0.307
0.216
0.187
0.225
* 0.296
0.296
0.256
0.268
0.293
0.293
0.288
0.291
0.274
0.284
0.280
0.296
0.291
0.283
0.268
0.280
0.280
0.274
0.274
0.296
0.248
0.264
0.282
0.286
0.283
0.298
0.296
0.270
0.300
0.300
0.293
0.303
0.274
0.274
0.290
0.261
0.272
0.279
0.274
0.249
0.280
0.290
0.301
0.275
0.276
0.253
0.298
0.285
0.285
0.288
0.276
0.276
0.278
0.282
0.268
0.264
0.274
0.274
0.252
0.282
0.273
0.273
0.284
0.293
0.286
0.286
0.263
0.289
0.277
0.277
0.297
0.289
0.281
0.275
0.275
0.295
0.253
0.284
0.284
0.269
0.269
0.295
0.283
0.269
0.291
0.314
0.297
0.306
0.284
0.279
0.287
0.287
0.308
0.291
0.297
0.268
0.292
0.269
0.253
0.269
0.275
0.282
0.263
0.274
0.270
0.271
0.271
0.300
0.279
0.276
0.301
0.291
0.276
0.284
0.280
0.292
0.300
0.288
0.294
0.294
0.291
0.291
0.275
0.286
0.288
0.298
0.287
0.301
0.256
0.276
0.306
0.298
0.301
0.310
0.312
0.331
0.331
0.324
0.332
0.302
0.288
0.293
0.289
0.280
0.282
0.330
0.326
0.319
0.316
0.313
0.323
0.331
0.342
0.342
0.342
0.307
0.308
0.308
0.287
0.290
0.293
0.293
0.291
0.288
0.263
0.276
0.280
0.253
0.283
0.287
0.287
0.297
0.298
0.300
0.300
0.320
0.320
0.316
0.316
0.326
0.326
0.316
0.316
0.334
0.311
0.344
0.320
0.310
0.295
0.304
0.299
0.299
0.295
0.295
0.305
0.266
0.322
0.317
0.308
0.298
0.298
0.286
0.278
0.294
0.300
0.311
0.287
0.283
0.284
0.289
0.289
0.289
0.289
0.293
0.293
0.297
0.309
0.309
0.290
0.275
0.304
0.275
0.283
0.289
0.275
0.284
0.276
0.269
0.272
0.275
0.282
0.284
0.274
0.273
0.290
0.290
0.300
0.300
0.292
0.292
0.261
0.269
0.277
0.275
0.255
0.263
0.288
0.232
0.248
0.257
0.257
0.248
0.263
0.275
0.275
0.260
0.269
0.269
0.272
0.270
0.224
0.220
0.220
* 0.287
0.298
0.291
0.299
0.278
0.277
0.291
0.277
0.284
0.283
0.290
0.290
0.295
0.308
0.274
0.325
0.294
0.282
0.282
0.289
0.299
0.334
0.334
0.298
0.302
0.288
0.274
0.166
0.190
* 0.251
0.270
0.293
0.253
0.190
0.244
0.263
0.284
0.284
0.269
0.278
0.264
0.290
0.279
0.265
0.287
0.283
0.289
0.280
0.277
0.286
0.281
0.279
0.273
0.309
0.309
0.320
0.320
0.294
0.294
0.314
0.317
0.334
0.328
0.326
0.335
0.312
0.321
0.310
0.325
0.304
0.318
0.318
0.290
0.290
0.323
0.323
0.346
0.346
0.318
0.318
0.330
0.337
0.339
0.335
0.318
0.342
0.331
0.335
0.328
0.341
0.328
0.354
0.322
0.300
0.318
0.317
0.353
0.311
0.322
0.336
0.326
0.340
0.339
0.320
0.340
0.342
0.340
0.317
0.313
0.308
0.229
0.216
0.216
* 0.276
0.285
0.276
0.278
0.263
0.270
0.285
0.264
0.262
0.255
0.226
0.239
* 0.260
0.269
0.270
0.242
0.268
0.284
0.264
0.266
0.256
0.256
0.236
0.236
* 0.266
0.209
0.247
0.247
0.258
0.274
0.282
0.282
0.258
0.325
0.303
0.276
0.280
0.280
0.312
0.279
0.287
0.275
0.253
0.271
0.309
0.286
0.263
0.263
0.296
0.270
0.310
0.291
0.279
0.317
0.276
0.191
0.191
0.213
* 0.247
0.259
0.276
0.284
0.266
0.254
0.254
0.257
0.277
0.248
0.230
0.240
0.275
0.244
0.275
0.278
0.262
0.270
0.268
0.276
0.275
0.276
0.262
0.262
0.259
0.255
0.272
0.271
0.266
0.185
0.182
0.192
0.202
0.216
0.201
0.183
0.198
0.192
0.195
0.195
0.204
0.182
0.214
0.201
0.203
0.211
0.203
0.202
0.191
0.173
0.214
0.202
0.201
0.195
0.195
0.219
0.219
0.239
0.205
* 0.254
0.198
0.205
* 0.255
0.245
0.227
0.220
* 0.307
0.316
0.313
0.251
0.215
0.251
0.300
0.300
0.295
0.295
0.287
0.287
0.290
0.293
0.294
0.296
0.300
0.273
0.282
0.270
0.273
0.281
0.281
0.269
0.269
0.281
0.254
0.215
0.263
0.261
0.276
0.269
0.266
0.272
0.256
0.256
0.291
0.282
0.212
0.210
0.205
* 0.253
0.272
0.260
0.260
0.268
0.284
0.273
0.273
0.272
0.280
0.284
0.284
0.287
0.257
0.262
0.281
0.265
0.272
0.281
0.274
0.274
0.277
0.270
0.297
0.297
0.269
0.293
0.282
0.282
0.293
0.275
0.293
0.269
0.281
0.266
0.272
0.297
0.297
0.291
0.271
0.277
0.277
0.293
0.284
0.209
0.243
0.269
0.270
0.275
0.266
0.269
0.257
0.269
0.276
0.276
0.267
0.267
0.277
0.277
0.289
0.285
0.306
0.292
0.265
0.275
0.268
0.268
0.286
0.272
0.281
0.265
0.276
0.278
0.278
0.245
0.245
0.267
0.267
0.256
0.283
0.260
0.268
0.256
0.272
0.269
0.259
0.271
0.265
0.274
0.263
0.266
0.265
0.265
0.262
0.265
0.257
0.281
0.257
0.251
0.289
0.251
0.251
0.292
0.292
0.290
0.290
0.269
0.277
0.278
0.277
0.291
0.280
0.271
0.283
0.283
0.284
0.272
0.286
0.242
0.297
0.297
0.288
0.280
0.286
0.256
0.302
0.349
0.316
0.305
0.305
0.328
0.313
0.314
0.314
0.312
0.302
0.280
0.294
0.299
0.275
0.275
0.295
0.295
0.281
0.298
0.281
0.242
0.266
0.266
0.243
0.261
0.276
0.238
0.209
0.197
0.197
* 0.252
0.252
0.239
0.282
0.260
0.249
0.280
0.281
0.293
0.281
0.308
0.291
0.291
0.268
0.268
0.258
0.261
0.263
0.292
0.284
0.271
0.284
0.292
0.290
0.296
0.299
0.263
0.271
0.260
0.250
0.269
0.269
0.244
0.244
0.261
0.261
0.257
0.257
0.274
0.262
0.283
0.269
0.275
0.254
0.260
0.269
0.272
0.254
0.274
0.272
0.272
0.254
0.254
0.281
0.289
0.307
0.330
0.307
0.307
0.298
0.298
0.269
0.277
0.277
0.295
0.270
0.278
0.278
0.307
0.307
0.274
0.288
0.296
0.282
0.290
0.291
0.256
0.283
0.283
0.284
0.278
0.276
0.276
0.289
0.297
0.284
0.299
0.281
0.268
0.276
0.279
0.279
0.266
0.271
0.282
0.282
0.271
0.287
0.294
0.277
0.289
0.263
0.279
0.279
0.291
0.286
0.256
0.261
0.304
0.269
0.269
0.242
0.242
0.233
0.239
* 0.304
0.232
0.278
0.255
0.282
0.301
0.263
0.269
0.261
0.301
0.290
0.290
0.275
0.275
0.280
0.280
0.261
0.248
0.281
0.265
0.243
0.267
0.273
0.272
0.256
0.262
0.283
0.259
0.259
0.278
0.278
0.292
0.277
0.275
0.275
0.287
0.287
0.286
0.275
0.289
0.285
0.294
0.282
0.279
0.287
0.287
0.279
0.293
0.269
0.269
0.276
0.277
0.266
0.273
0.292
0.281
0.264
0.264
0.289
0.258
0.277
0.285
0.271
0.298
0.287
0.259
0.259
0.292
0.273
0.285
0.278
0.275
0.278
0.272
0.272
0.265
0.268
0.273
0.256
0.248
0.267
0.262
0.251
0.251
0.256
0.292
0.261
0.261
0.267
0.270
0.254
0.253
0.274
0.267
0.251
0.256
0.263
0.270
0.266
0.266
0.266
0.277
0.277
0.269
0.264
0.289
0.279
0.283
0.279
0.288
0.282
0.301
0.271
0.286
0.262
0.266
0.289
0.276
0.298
0.298
0.265
0.265
0.277
0.277
0.268
0.268
0.277
0.284
0.263
0.264
0.264
0.283
0.256
0.258
0.267
0.258
0.258
0.266
0.266
0.282
0.282
0.286
0.286
0.292
0.292
0.302
0.282
0.282
0.272
0.277
0.289
0.273
0.295
0.289
0.274
0.256
0.271
0.274
0.258
0.274
0.277
0.266
0.258
0.258
0.269
0.276
0.263
0.263
0.274
0.274
0.256
0.269
0.259
0.269
0.260
0.248
0.264
0.263
0.263
0.260
0.260
0.266
0.290
0.263
0.264
0.274
0.274
0.274
0.287
0.281
0.287
0.303
0.274
0.274
0.263
0.272
0.284
0.280
0.293
0.293
0.261
0.261
0.260
0.268
0.266
0.266
0.274
0.274
0.263
0.294
0.271
0.252
0.260
0.292
0.261
0.274
0.283
0.285
0.285
0.281
0.273
0.282
0.276
0.280
0.274
0.287
0.296
0.292
0.310
0.279
0.273
0.293
0.275
0.289
0.307
0.307
0.307
0.295
0.325
0.308
0.297
0.298
0.320
0.301
0.301
0.283
0.270
0.266
0.290
0.273
0.273
0.266
0.266
0.291
0.297
0.288
0.288
0.309
0.296
0.275
0.298
0.282
0.271
0.280
0.280
0.280
0.275
0.263
0.279
0.270
0.290
0.290
0.264
0.264
0.256
0.259
0.275
0.278
0.269
0.270
0.281
0.291
0.300
0.295
0.293
0.309
0.309
0.303
0.303
0.279
0.286
0.286
0.286
0.269
0.269
0.267
0.278
0.280
0.290
0.285
0.282
0.272
0.278
0.268
0.286
0.286
0.215
0.273
0.283
0.285
0.271
0.271
0.272
0.248
0.277
0.283
0.293
0.290
0.306
0.345
0.334
0.332
0.347
0.329
0.297
0.301
0.314
0.301
0.294
0.287
0.272
0.289
0.292
0.292
0.258
0.258
0.283
0.283
0.296
0.296
0.280
0.280
0.277
0.267
0.288
0.297
0.269
0.283
0.286
0.267
0.286
0.261
0.280
0.291
0.291
0.277
0.284
0.283
0.280
0.269
0.269
0.283
0.288
0.258
0.271
0.305
0.305
0.280
0.280
0.313
0.277
0.281
0.250
0.261
0.277
0.268
0.269
0.285
0.261
0.300
0.305
0.305
0.280
0.292
0.300
0.300
0.309
0.311
0.294
0.294
0.275
0.271
0.275
0.275
0.287
0.272
0.232
0.183
0.214
0.223
* 0.257
0.275
0.269
0.283
0.287
0.287
0.287
0.288
0.288
0.275
0.292
0.282
0.282
0.247
0.280
0.281
0.225
0.222
* 0.250
0.263
0.302
0.292
0.293
0.245
0.271
0.275
0.260
0.253
0.220
0.218
* 0.269
0.285
0.293
0.319
0.333
0.320
0.319
0.319
0.314
0.314
0.284
0.284
0.296
0.296
0.292
0.302
0.283
0.279
0.293
0.287
0.293
0.319
0.312
0.312
0.302
0.325
0.351
0.327
0.330
0.330
0.369
0.369
0.324
0.319
0.343
0.343
0.334
0.353
0.342
0.361
0.319
0.345
0.328
0.319
0.319
0.328
0.339
0.325
0.311
0.341
0.332
0.321
0.321
0.310
0.329
0.322
0.322
0.347
0.355
0.343
0.350
0.355
0.351
0.329
0.343
0.347
0.347
0.347
0.334
0.334
0.329
0.343
0.355
0.355
0.350
0.337
0.315
0.328
0.348
0.343
0.346
0.311
0.311
0.300
0.300
0.301
0.301
0.309
0.309
0.327
0.299
0.319
0.319
0.296
0.335
0.304
0.313
0.317
0.307
0.292
0.292
0.300
0.287
0.272
0.279
0.239
0.251
0.257
0.269
0.269
0.271
0.272
0.273
0.273
0.278
0.278
0.284
0.325
0.291
0.291
0.314
0.301
0.319
0.319
0.271
0.271
0.305
0.305
0.322
0.315
0.304
0.304
0.327
0.300
0.314
0.307
0.300
0.299
0.299
0.287
0.287
0.301
0.281
0.268
0.268
0.254
0.284
0.283
0.286
0.301
0.289
0.288
0.280
0.321
0.321
0.282
0.282
0.303
0.292
0.278
0.278
0.300
0.287
0.317
0.289
0.278
0.303
0.283
0.277
0.236
0.256
0.270
0.282
0.266
0.254
0.254
0.316
0.316
0.302
0.302
0.306
0.306
0.280
0.280
0.290
0.290
0.260
0.283
0.302
0.276
0.265
0.267
0.282
0.263
0.275
0.273
0.293
0.275
0.272
0.282
0.282
0.263
0.263
0.280
0.282
0.275
0.275
0.271
0.266
0.259
0.293
0.275
0.282
0.283
0.283
0.275
0.280
0.278
0.283
0.228
0.270
0.258
0.258
0.292
0.246
0.246
0.248
0.261
0.259
0.263
0.256
0.186
0.256
0.267
0.267
0.251
0.241
0.268
0.268
0.264
0.252
0.265
0.265
0.249
0.256
0.282
0.276
0.258
0.258
0.284
0.229
0.259
0.259
0.253
0.253
0.241
0.237
0.232
0.232
* 0.273
0.270
0.254
0.242
0.299
0.249
0.239
0.247
0.247
0.286
0.286
0.279
0.279
0.239
0.299
0.286
0.292
0.289
0.273
0.263
0.280
0.279
0.268
0.291
0.291
0.255
0.280
0.286
0.266
0.293
0.288
0.265
0.271
0.271
0.264
0.264
0.281
0.281
0.263
0.275
0.269
0.265
0.307
0.266
0.260
0.299
0.284
0.269
0.274
0.268
0.268
0.284
0.284
0.272
0.272
0.280
0.256
0.283
0.274
0.265
0.268
0.268
0.272
0.272
0.231
0.255
0.282
0.282
0.280
0.296
0.258
0.275
0.273
0.275
0.286
0.278
0.278
0.304
0.304
0.309
0.309
0.306
0.306
0.308
0.288
0.308
0.308
0.310
0.295
0.300
0.310
0.294
0.300
0.299
0.299
0.305
0.296
0.306
0.281
0.283
0.292
0.274
0.266
0.269
0.287
0.267
0.266
0.266
0.279
0.279
0.283
0.283
0.268
0.258
0.266
0.283
0.256
0.271
0.271
0.254
0.254
0.264
0.264
0.266
0.260
0.273
0.263
0.263
0.270
0.201
0.233
* 0.258
0.296
0.281
0.309
0.309
0.290
0.290
0.285
0.285
0.286
0.286
0.283
0.298
0.288
0.315
0.314
0.297
0.309
0.303
0.302
0.286
0.276
0.281
0.281
0.278
0.290
0.290
0.283
0.321
0.299
0.291
0.286
0.286
0.294
0.305
0.300
0.300
0.281
0.287
0.247
0.247
0.262
0.280
0.273
0.273
0.277
0.275
0.288
0.273
0.268
0.268
0.262
0.268
0.277
0.275
0.273
0.260
0.260
0.241
0.241
0.247
0.247
0.265
0.268
0.281
0.272
0.281
0.286
0.288
0.299
0.298
0.294
0.316
0.313
0.313
0.309
0.309
0.295
0.295
0.290
0.290
0.281
0.281
0.273
0.273
0.275
0.292
0.287
0.309
0.307
0.304
0.315
0.298
0.314
0.295
0.270
0.271
0.271
0.275
0.275
0.283
0.283
0.250
0.268
0.271
0.314
0.321
0.312
0.308
0.294
0.297
0.274
0.274
0.266
0.268
0.245
0.245
0.263
0.263
0.268
0.268
0.235
0.236
* 0.273
0.295
0.285
0.273
0.289
0.297
0.292
0.312
0.266
0.292
0.292
0.298
0.290
0.281
0.281
0.271
0.247
0.284
0.285
0.286
0.273
0.273
0.258
0.258
0.242
0.260
0.242
0.258
0.270
0.270
0.268
0.263
0.260
0.243
0.270
0.253
0.265
0.259
0.259
0.254
0.256
0.296
0.293
0.303
0.295
0.281
0.298
0.270
0.263
0.267
0.271
0.272
0.280
0.279
0.263
0.263
0.265
0.257
0.272
0.283
0.256
0.262
0.278
0.278
0.274
0.280
0.280
0.268
0.286
0.283
0.280
0.277
0.277
0.283
0.283
0.271
0.292
0.278
0.280
0.297
0.283
0.280
0.280
0.289
0.289
0.289
0.304
0.289
0.260
0.292
0.273
0.283
0.316
0.280
0.280
0.290
0.290
0.283
0.290
0.284
0.284
0.265
0.265
0.277
0.306
0.318
0.310
0.316
0.304
0.293
0.308
0.325
0.304
0.286
0.285
0.303
0.292
0.292
0.286
0.281
0.270
0.301
0.292
0.295
0.274
0.304
0.304
0.289
0.289
0.277
0.295
0.291
0.283
0.278
0.278
0.281
0.283
0.275
0.276
0.276
0.276
0.278
0.310
0.314
0.294
0.256
0.278
0.265
0.280
0.280
0.253
0.278
0.268
0.268
0.272
0.276
0.272
0.291
0.290
0.277
0.272
0.272
0.275
0.263
0.263
0.263
0.268
0.260
0.266
0.266
0.256
0.271
0.268
0.266
0.266
0.258
0.258
0.271
0.271
0.268
0.263
0.290
0.271
0.285
0.258
0.258
0.258
0.248
0.258
0.253
0.250
0.266
0.276
0.276
0.243
0.243
0.253
0.253
0.245
0.255
0.274
0.270
0.256
0.250
0.271
0.269
0.276
0.250
0.245
0.273
0.255
0.255
0.255
0.255
0.255
0.260
0.268
0.263
0.263
0.263
0.263
0.265
0.275
0.268
0.273
0.281
0.263
0.304
0.299
0.314
0.200
0.255
0.255
0.255
0.267
0.258
0.253
0.263
0.275
0.269
0.271
0.271
0.286
0.292
0.270
0.245
0.248
0.245
0.265
0.262
0.255
0.275
0.258
0.277
0.277
0.258
0.261
0.255
0.270
0.298
0.255
0.263
0.263
0.241
0.250
0.260
0.280
0.256
0.258
0.255
0.255
0.263
0.253
0.243
0.280
0.280
0.235
0.235
* 0.312
0.316
0.306
0.281
0.275
0.326
0.291
0.312
0.319
0.317
0.325
0.376
0.376
0.292
0.292
0.307
0.305
0.276
0.274
0.275
0.263
0.262
0.274
0.258
0.265
0.286
0.265
0.284
0.272
0.275
0.281
0.268
0.275
0.270
0.270
0.255
0.272
0.260
0.260
0.280
0.280
0.244
0.283
0.274
0.268
0.263
0.268
0.263
0.253
0.243
0.265
0.263
0.253
0.255
0.255
0.255
0.276
0.276
0.248
0.248
0.260
0.260
0.240
0.258
0.258
0.260
0.260
0.248
0.250
0.273
0.258
0.260
0.260
0.255
0.260
0.276
0.270
0.255
0.248
0.260
0.245
0.260
0.248
0.260
0.258
0.258
0.255
0.240
0.261
0.261
0.233
0.255
0.253
0.250
0.260
0.273
0.250
0.265
0.265
0.261
0.261
0.270
0.270
0.273
0.278
0.250
0.273
0.260
0.275
0.265
0.275
0.266
0.276
0.260
0.261
0.261
0.251
0.255
0.255
0.261
0.255
0.255
0.255
0.299
0.274
0.271
0.280
0.271
0.309
0.277
0.277
0.291
0.297
0.290
0.274
0.283
0.283
0.318
0.318
0.287
0.277
0.272
0.253
0.260
0.285
0.260
0.289
0.289
0.279
0.291
0.302
0.299
0.299
0.271
0.277
0.277
0.272
0.302
0.301
0.326
0.271
0.310
0.284
0.221
0.221
* 0.253
0.282
0.221
0.242
0.272
0.272
0.235
0.262
0.276
0.291
0.273
0.273
0.307
0.299
0.249
0.218
0.244
0.244
0.244
0.254
0.254
0.248
0.248
0.149
0.149
* 0.258
0.258
0.256
0.256
0.258
0.258
0.256
0.256
0.259
0.259
0.264
0.264
0.267
0.267
0.303
0.303
0.288
0.273
0.315
0.315
0.267
0.267
0.301
0.301
0.298
0.289
0.276
0.324
0.261
0.318
0.283
0.259
0.271
0.328
0.328
0.296
0.329
0.339
0.278
0.250
0.250
0.264
0.264
0.278
0.309
0.289
0.311
0.324
0.325
0.311
0.317
0.317
0.300
0.304
0.309
0.286
0.288
0.288
0.304
0.270
0.285
0.275
0.275
0.275
0.262
0.262
0.305
0.305
0.292
0.289
0.310
0.326
0.326
0.304
0.311
0.311
0.255
0.277
0.281
0.289
0.310
0.306
0.332
0.355
0.317
0.280
0.281
0.281
0.305
0.305
0.187
0.218
* 0.283
0.285
0.294
0.283
0.280
0.296
0.315
0.311
0.297
0.298
0.311
0.305
0.306
0.273
0.273
0.312
0.312
0.298
0.296
0.275
0.270
0.276
0.275
0.256
0.278
0.272
0.260
0.282
0.298
0.284
0.295
0.295
0.279
0.292
0.278
0.284
0.300
0.276
0.273
0.272
0.283
0.283
0.281
0.250
0.269
0.275
0.271
0.259
0.278
0.285
0.273
0.262
0.246
0.266
0.293
0.299
0.314
0.298
0.326
0.324
0.304
0.281
0.306
0.317
0.325
0.325
0.271
0.279
0.278
0.282
0.288
0.315
0.289
0.287
0.287
0.297
0.297
0.300
0.275
0.278
0.272
0.269
0.269
0.276
0.290
0.303
0.274
0.266
0.282
0.292
0.289
0.289
0.283
0.270
0.299
0.299
0.252
0.275
0.284
0.277
0.287
0.270
0.254
0.256
0.273
0.274
0.275
0.278
0.278
0.270
0.272
0.275
0.248
0.256
0.259
0.245
0.266
0.258
0.288
0.288
0.307
0.326
0.341
0.319
0.343
0.321
0.307
0.334
0.324
0.326
0.298
0.298
0.281
0.307
0.298
0.298
0.305
0.280
0.298
0.280
0.281
0.282
0.295
0.279
0.273
0.264
0.264
0.351
0.292
0.298
0.349
0.286
0.277
0.348
0.344
0.271
0.271
0.287
0.296
0.272
0.266
0.266
0.283
0.270
0.289
0.270
0.269
0.269
0.264
0.264
0.287
0.286
0.270
0.301
0.282
0.275
0.275
0.272
0.329
0.313
0.326
0.325
0.321
0.316
0.336
0.328
0.338
0.326
0.318
0.318
0.297
0.307
0.296
0.291
0.299
0.295
0.301
0.269
0.281
0.293
0.294
0.303
0.269
0.287
0.292
0.289
0.289
0.253
0.253
0.294
0.294
0.305
0.313
0.359
0.292
0.287
0.304
0.321
0.311
0.306
0.309
0.300
0.291
0.295
0.295
0.315
0.326
0.275
0.278
0.301
0.313
0.311
0.316
0.297
0.249
0.249
0.267
0.285
0.288
0.288
0.272
0.272
0.279
0.280
0.292
0.295
0.317
0.318
0.294
0.308
0.276
0.271
0.281
0.307
0.321
0.307
0.290
0.309
0.312
0.323
0.299
0.281
0.295
0.277
0.277
0.296
0.296
0.285
0.285
0.303
0.303
0.319
0.318
0.334
0.335
0.313
0.324
0.321
0.312
0.312
0.322
0.322
0.354
0.354
0.340
0.340
0.323
0.323
0.333
0.322
0.304
0.286
0.332
0.321
0.347
0.352
0.334
0.333
0.333
0.344
0.299
0.299
0.313
0.284
0.284
0.289
0.302
0.302
0.297
0.297
0.296
0.296
0.278
0.307
0.283
0.283
0.292
0.299
0.283
0.283
0.298
0.279
0.332
0.255
0.271
0.269
0.266
0.266
0.260
0.253
0.261
0.274
0.291
0.269
0.287
0.277
0.264
0.278
0.278
0.299
0.299
0.320
0.335
0.314
0.311
0.304
0.281
0.294
0.322
0.295
0.272
0.282
0.283
0.289
0.288
0.304
0.312
0.312
0.300
0.300
0.302
0.302
0.292
0.274
0.283
0.310
0.314
0.327
0.332
0.296
0.281
0.283
0.279
0.283
0.288
0.295
0.267
0.298
0.275
0.290
0.290
0.290
0.312
0.306
0.304
0.291
0.296
0.296
0.357
0.357
0.319
0.294
0.307
0.320
0.326
0.319
0.319
0.339
0.339
0.337
0.337
0.359
0.327
0.336
0.336
0.330
0.331
0.347
0.313
0.331
0.329
0.320
0.326
0.333
0.317
0.318
0.356
0.356
0.349
0.349
0.361
0.323
0.307
0.286
0.238
0.251
0.299
0.306
0.318
0.321
0.308
0.308
0.320
0.313
0.331
0.313
0.330
0.334
0.299
0.330
0.352
0.336
0.326
0.309
0.325
0.286
0.335
0.307
0.304
0.301
0.307
0.308
0.308
0.318
0.313
0.298
0.326
0.326
0.314
0.299
0.312
0.312
0.341
0.339
0.339
0.312
0.312
0.310
0.308
0.308
0.299
0.285
0.292
0.280
0.301
0.306
0.306
0.287
0.308
0.308
0.301
0.311
0.297
0.314
0.302
0.302
0.302
0.308
0.305
0.308
0.308
0.318
0.318
0.289
0.305
0.311
0.317
0.317
0.338
0.338
0.306
0.328
0.313
0.281
0.309
0.309
0.276
0.276
0.308
0.326
0.335
0.282
0.303
0.290
0.273
0.260
0.276
0.293
0.279
0.272
0.272
0.242
0.245
0.245
0.292
0.292
0.267
0.325
0.282
0.282
0.294
0.286
0.286
0.266
0.247
0.289
0.334
0.334
0.301
0.304
0.287
0.295
0.309
0.309
0.303
0.317
0.321
0.312
0.303
0.301
0.311
0.307
0.296
0.282
0.296
0.292
0.293
0.281
0.313
0.266
0.260
0.336
0.328
0.263
0.300
0.283
0.282
0.282
0.241
0.241
0.268
0.263
0.263
0.261
0.253
0.269
0.315
0.302
0.288
0.302
0.321
0.325
0.290
0.290
0.340
0.340
0.285
0.310
0.243
0.280
0.282
0.282
0.300
0.285
0.270
0.300
0.280
0.280
0.269
0.269
0.271
0.254
0.254
0.291
0.337
0.332
0.305
0.284
0.261
0.293
0.296
0.296
0.280
0.278
0.299
0.261
0.295
0.307
0.307
0.311
0.300
0.300
0.290
0.290
0.290
0.295
0.305
0.320
0.317
0.294
0.301
0.265
0.265
0.259
0.269
0.269
0.258
0.282
0.253
0.263
0.255
0.281
0.279
0.268
0.297
0.283
0.293
0.278
0.311
0.311
0.306
0.322
0.289
0.311
0.311
0.318
0.328
0.308
0.289
0.309
0.308
0.314
0.314
0.314
0.314
0.352
0.311
0.304
0.298
0.305
0.317
0.316
0.316
0.300
0.300
0.294
0.307
0.307
0.305
0.305
0.307
0.307
0.275
0.275
0.269
0.269
0.260
0.277
0.282
0.276
0.287
0.317
0.317
0.306
0.236
0.240
0.240
* 0.257
0.257
0.275
0.281
0.281
0.247
0.257
0.278
0.294
0.267
0.284
0.301
0.248
0.254
0.233
0.235
0.235
0.228
0.228
* 0.281
0.246
0.280
0.281
0.257
0.261
0.313
0.322
0.349
0.349
0.282
0.266
0.260
0.296
0.296
0.312
0.264
0.264
0.253
0.263
0.251
0.228
0.228
* 0.271
0.246
0.243
0.228
0.228
0.238
* 0.243
0.243
0.255
0.253
0.300
0.251
0.257
0.248
0.287
0.287
0.247
0.299
0.299
0.271
0.284
0.308
0.300
0.300
0.289
0.289
0.298
0.287
0.206
0.190
0.190
0.211
0.223
* 0.250
0.212
0.212
0.225
0.225
* 0.246
0.246
0.247
0.256
0.259
0.190
0.190
0.226
0.226
0.226
0.226
* 0.249
0.249
0.249
0.246
0.268
0.268
0.263
0.254
0.287
0.320
0.320
0.288
0.281
0.309
0.240
0.240
0.250
0.261
0.261
0.281
0.318
0.318
0.303
0.303
0.324
0.329
0.329
0.291
0.291
0.302
0.302
0.306
0.268
0.268
0.264
0.264
0.299
0.307
0.307
0.318
0.318
0.313
0.293
0.284
0.296
0.264
0.290
0.285
0.285
0.266
0.279
0.276
0.276
0.290
0.290
0.287
0.287
0.279
0.296
0.289
0.276
0.318
0.318
0.279
0.283
0.293
0.292
0.292
0.292
0.266
0.277
0.296
0.292
0.279
0.268
0.268
0.280
0.295
0.311
0.275
0.275
0.236
0.250
0.236
0.231
0.231
0.232
0.232
* 0.261
0.238
0.246
0.268
0.268
0.277
0.277
0.283
0.311
0.311
0.289
0.289
0.342
0.299
0.272
0.279
0.279
0.273
0.273
0.280
0.271
0.260
0.298
0.298
0.285
0.256
0.286
0.228
0.219
* 0.259
0.259
0.248
0.276
0.276
0.276
0.271
0.279
0.279
0.222
0.255
0.248
0.245
0.245
0.271
0.284
0.306
0.306
0.284
0.284
0.269
0.260
0.260
0.308
0.261
0.192
0.192
0.202
* 0.251
0.257
0.280
0.280
0.256
0.272
0.286
0.286
0.260
0.260
0.300
0.294
0.300
0.307
0.307
0.220
0.243
0.203
0.243
0.243
0.272
0.278
0.301
0.266
0.266
0.240
0.274
0.267
0.267
0.304
0.272
0.272
0.272
0.233
0.230
0.219
0.181
0.181
0.223
0.227
* 0.241
0.246
0.246
0.265
0.269
0.268
0.268
0.261
0.246
0.241
0.291
0.291
0.296
0.275
0.298
0.298
0.221
0.221
0.239
* 0.253
0.251
0.251
0.253
