0.254
0.161
0.193
0.193
0.240
* 0.279
0.279
0.243
0.275
0.275
0.281
0.281
0.282
0.298
0.260
0.260
0.264
0.274
0.273
0.273
0.301
0.301
0.269
0.305
0.251
0.301
0.301
0.284
0.284
0.284
0.291
0.273
0.273
0.305
0.300
0.304
0.304
0.310
0.310
0.329
0.282
0.278
0.278
0.294
0.304
0.304
0.301
0.291
0.291
0.310
0.290
0.290
0.290
0.308
0.266
0.266
0.274
0.274
0.261
0.279
0.289
0.289
0.263
0.280
0.286
0.287
0.287
0.307
0.307
0.301
0.301
0.293
0.293
0.295
0.295
0.305
0.305
0.296
0.278
0.321
0.321
0.302
0.313
0.313
0.314
0.302
0.307
0.307
0.310
0.310
0.306
0.299
0.301
0.312
0.281
0.281
0.256
0.197
0.228
0.228
* 0.290
0.290
0.291
0.292
0.325
0.325
0.319
0.319
0.299
0.291
0.302
0.302
0.308
0.295
0.295
0.311
0.322
0.290
0.329
0.313
0.313
0.298
0.295
0.295
0.327
0.293
0.293
0.313
0.286
0.279
0.279
0.313
0.313
0.323
0.322
0.299
0.299
0.322
0.289
0.298
0.298
0.332
0.291
0.291
0.291
0.305
0.314
0.326
0.313
0.313
0.307
0.307
0.324
0.297
0.297
0.293
0.308
0.308
0.298
0.298
0.263
0.263
0.298
0.277
0.286
0.286
0.300
0.300
0.287
0.295
0.291
0.291
0.276
0.297
0.277
0.277
0.270
0.270
0.270
0.273
0.283
0.265
0.265
0.288
0.286
0.286
0.204
0.193
0.193
0.210
* 0.266
0.261
0.261
0.283
0.283
0.290
0.266
0.280
0.280
0.283
0.283
0.283
0.283
0.298
0.282
0.282
0.300
0.313
0.305
0.305
0.294
0.294
0.320
0.323
0.299
0.299
0.324
0.324
0.336
0.281
0.306
0.306
0.326
0.285
0.285
0.278
0.278
0.278
0.255
0.254
0.264
0.264
0.264
0.264
0.264
0.206
0.203
0.203
0.205
* 0.270
0.243
0.243
0.260
0.251
0.238
0.238
0.260
0.260
0.237
0.246
0.246
0.273
0.273
0.250
0.250
0.265
0.299
0.284
0.284
0.263
0.295
0.298
0.298
0.277
0.318
0.318
0.264
0.269
0.269
0.289
0.296
0.279
0.279
0.301
0.259
0.259
0.260
0.291
0.291
0.270
0.281
0.281
0.291
0.291
0.287
0.277
0.252
0.252
0.286
0.260
0.260
0.273
0.272
0.287
0.287
0.278
0.278
0.274
0.299
0.252
0.252
0.289
0.272
0.248
0.248
0.256
0.295
0.295
0.270
0.256
0.256
0.291
0.301
0.295
0.295
0.286
0.313
0.313
0.310
0.313
0.320
0.320
0.274
0.301
0.287
0.287
0.274
0.290
0.261
0.261
0.299
0.314
0.310
0.310
0.287
0.287
0.308
0.287
0.331
0.331
0.290
0.290
0.278
0.287
0.278
0.281
0.281
0.304
0.255
0.331
0.331
0.308
0.299
0.299
0.308
0.286
0.286
0.314
0.277
0.326
0.326
0.281
0.323
0.283
0.283
0.282
0.312
0.277
0.277
0.265
0.265
0.314
0.291
0.278
0.278
0.296
0.251
0.251
0.277
0.277
0.283
0.305
0.305
0.248
0.248
0.307
0.267
0.267
0.274
0.306
0.287
0.287
0.279
0.279
0.274
0.287
0.294
0.294
0.256
0.276
0.285
0.285
0.277
0.212
0.251
0.251
0.308
0.311
0.311
0.321
0.277
0.316
0.316
0.323
0.323
0.319
0.319
0.302
0.302
0.230
0.207
0.207
0.229
* 0.243
0.243
0.265
0.216
0.198
0.251
0.251
0.292
0.292
0.287
0.311
0.273
0.273
0.293
0.293
0.278
0.278
0.288
0.288
0.297
0.289
0.289
0.300
0.256
0.256
0.264
0.280
0.295
0.276
0.276
0.279
0.279
0.298
0.283
0.290
0.290
0.293
0.293
0.269
0.269
0.245
0.245
0.233
0.241
0.284
0.284
0.265
0.265
0.269
0.269
0.269
0.265
0.265
0.283
0.283
0.289
0.297
0.274
0.274
0.292
0.292
0.246
0.286
0.281
0.281
0.295
0.292
0.311
0.311
0.335
0.335
0.327
0.301
0.331
0.331
0.326
0.298
0.300
0.300
0.319
0.292
0.302
0.302
0.308
0.308
0.314
0.314
0.308
0.308
0.339
0.293
0.277
0.277
0.277
0.268
0.268
0.359
0.298
0.306
0.306
0.300
0.300
0.277
0.308
0.304
0.304
0.306
0.323
0.306
0.306
0.311
0.311
0.325
0.303
0.334
0.334
0.302
0.317
0.301
0.328
0.328
0.294
0.294
0.277
0.291
0.305
0.305
0.294
0.294
0.279
0.275
0.275
0.260
0.274
0.274
0.296
0.282
0.282
0.322
0.322
0.291
0.256
0.269
0.269
0.260
0.260
0.304
0.304
0.293
0.293
0.325
0.287
0.319
0.323
0.323
0.311
0.311
0.330
0.326
0.343
0.343
0.302
0.293
0.292
0.292
0.311
0.311
0.336
0.336
0.311
0.311
0.317
0.320
0.320
0.301
0.320
0.314
0.314
0.300
0.300
0.312
0.312
0.306
0.306
0.323
0.308
0.308
0.309
0.309
0.307
0.323
0.323
0.302
0.314
0.301
0.301
0.332
0.311
0.311
0.311
0.332
0.332
0.319
0.322
0.322
0.322
0.334
0.305
0.323
0.323
0.311
0.297
0.297
0.306
0.303
0.294
0.294
0.280
0.280
0.295
0.295
0.277
0.320
0.297
0.289
0.289
0.299
0.299
0.299
0.288
0.277
0.277
0.308
0.302
0.281
0.281
0.290
0.290
0.291
0.325
0.299
0.299
0.308
0.308
0.311
0.307
0.290
0.311
0.311
0.306
0.306
0.311
0.299
0.276
0.276
0.286
0.286
0.286
0.272
0.291
0.291
0.305
0.305
0.308
0.301
0.294
0.282
0.282
0.175
0.216
0.248
0.248
0.302
0.302
0.273
0.285
0.255
0.255
0.277
0.292
0.292
0.277
0.297
0.297
0.282
0.282
0.285
0.292
0.281
0.298
0.298
0.291
0.291
0.323
0.323
0.282
0.339
0.304
0.304
0.302
0.281
0.290
0.295
0.295
0.290
0.282
0.282
0.293
0.280
0.282
0.279
0.279
0.282
0.282
0.307
0.299
0.299
0.299
0.282
0.302
0.306
0.306
0.297
0.297
0.291
0.303
0.285
0.285
0.269
0.269
0.286
0.281
0.285
0.301
0.301
0.272
0.272
0.296
0.292
0.303
0.303
0.306
0.302
0.275
0.275
0.302
0.302
0.308
0.308
0.306
0.297
0.306
0.316
0.316
0.318
0.318
0.317
0.310
0.307
0.307
0.301
0.289
0.303
0.303
0.305
0.306
0.306
0.306
0.311
0.311
0.307
0.307
0.284
0.306
0.298
0.301
0.301
0.284
0.289
0.289
0.284
0.284
0.284
0.308
0.314
0.292
0.292
0.311
0.311
0.305
0.301
0.294
0.294
0.272
0.292
0.314
0.275
0.275
0.297
0.297
0.301
0.292
0.292
0.304
0.304
0.292
0.292
0.292
0.306
0.306
0.298
0.280
0.288
0.288
0.293
0.293
0.294
0.288
0.289
0.282
0.282
0.288
0.288
0.284
0.276
0.315
0.315
0.307
0.307
0.305
0.315
0.312
0.312
0.315
0.291
0.301
0.301
0.302
0.300
0.296
0.296
0.301
0.301
0.287
0.292
0.296
0.296
0.312
0.317
0.317
0.287
0.280
0.302
0.302
0.308
0.246
0.264
0.264
0.243
0.243
0.272
0.307
0.314
0.314
0.322
0.322
0.292
0.299
0.284
0.307
0.307
0.288
0.314
0.331
0.331
0.315
0.315
0.310
0.307
0.313
0.313
0.315
0.285
0.280
0.280
0.302
0.288
0.310
0.310
0.302
0.302
0.297
0.306
0.292
0.292
0.289
0.289
0.307
0.289
0.345
0.330
0.330
0.314
0.314
0.334
0.313
0.313
0.285
0.285
0.277
0.277
0.320
0.317
0.330
0.322
0.322
0.346
0.346
0.358
0.346
0.346
0.351
0.351
0.359
0.346
0.339
0.341
0.341
0.329
0.329
0.328
0.319
0.305
0.305
0.339
0.329
0.338
0.338
0.330
0.330
0.339
0.339
0.353
0.329
0.329
0.350
0.357
0.352
0.367
0.367
0.328
0.328
0.361
0.282
0.291
0.291
0.325
0.307
0.317
0.285
0.270
0.270
0.291
0.291
0.272
0.333
0.304
0.304
0.327
0.360
0.360
0.329
0.329
0.331
0.331
0.339
0.323
0.363
0.363
0.304
0.304
0.300
0.305
0.305
0.321
0.325
0.325
0.311
0.349
0.314
0.294
0.294
0.331
0.303
0.303
0.274
0.274
0.306
0.306
0.295
0.309
0.270
0.295
0.295
0.335
0.311
0.347
0.347
0.356
0.355
0.355
0.317
0.317
0.317
0.295
0.314
0.314
0.330
0.332
0.358
0.358
0.361
0.361
0.313
0.325
0.325
0.303
0.335
0.287
0.287
0.272
0.272
0.259
0.268
0.256
0.277
0.277
0.319
0.319
0.308
0.312
0.312
0.313
0.313
0.304
0.304
0.335
0.316
0.316
0.281
0.298
0.290
0.290
0.313
0.288
0.288
0.288
0.280
0.280
0.278
0.276
0.279
0.289
0.289
0.267
0.290
0.290
0.289
0.285
0.285
0.306
0.298
0.293
0.293
0.292
0.292
0.296
0.291
0.291
0.298
0.314
0.314
0.288
0.278
0.280
0.280
0.280
0.275
0.275
0.264
0.299
0.281
0.281
0.292
0.292
0.272
0.283
0.278
0.278
0.290
0.290
0.242
0.242
0.272
0.272
0.300
0.306
0.306
0.293
0.297
0.284
0.295
0.295
0.301
0.301
0.307
0.306
0.281
0.281
0.300
0.300
0.311
0.326
0.277
0.309
0.309
0.316
0.316
0.309
0.302
0.297
0.297
0.301
0.301
0.302
0.285
0.277
0.277
0.312
0.312
0.284
0.302
0.297
0.297
0.291
0.278
0.278
0.319
0.284
0.306
0.306
0.304
0.305
0.304
0.304
0.298
0.298
0.355
0.295
0.289
0.289
0.342
0.337
0.297
0.297
0.341
0.306
0.320
0.320
0.297
0.297
0.311
0.308
0.298
0.298
0.308
0.308
0.306
0.304
0.313
0.313
0.327
0.305
0.300
0.297
0.297
0.332
0.332
0.321
0.305
0.305
0.272
0.277
0.277
0.295
0.298
0.302
0.302
0.320
0.286
0.276
0.276
0.301
0.301
0.289
0.292
0.284
0.284
0.293
0.300
0.300
0.300
0.225
0.174
0.174
* 0.244
0.301
0.262
0.280
0.300
0.300
0.295
0.295
0.296
0.303
0.304
0.304
0.320
0.299
0.283
0.286
0.287
0.287
0.299
0.295
0.255
0.254
0.254
0.268
0.300
0.300
0.310
0.313
0.264
0.264
0.255
0.230
0.264
0.264
0.263
0.243
0.299
0.299
0.255
0.247
0.264
0.264
0.276
0.299
0.292
0.292
0.291
0.291
0.269
0.278
0.306
0.306
0.277
0.286
0.314
0.323
0.323
0.299
0.282
0.282
0.260
0.308
0.299
0.299
0.282
0.282
0.282
0.281
0.295
0.295
0.273
0.301
0.282
0.325
0.325
0.289
0.313
0.295
0.295
0.284
0.284
0.313
0.331
0.338
0.338
0.336
0.337
0.313
0.313
0.289
0.289
0.324
0.346
0.339
0.303
0.303
0.309
0.309
0.313
0.313
0.321
0.321
0.306
0.304
0.310
0.310
0.330
0.348
0.343
0.343
0.312
0.312
0.292
0.292
0.327
0.305
0.273
0.252
0.252
0.291
0.291
0.296
0.328
0.289
0.289
0.290
0.290
0.273
0.273
0.273
0.309
0.269
0.269
0.220
0.203
0.203
0.208
0.208
0.220
* 0.307
0.328
0.328
0.273
0.280
0.280
0.285
0.290
0.290
0.305
0.277
0.277
0.307
0.251
0.260
0.260
0.264
0.269
0.256
0.256
0.273
0.273
0.273
0.243
0.243
0.265
0.307
0.264
0.264
0.269
0.269
0.260
0.291
0.274
0.274
0.265
0.277
0.277
0.285
0.296
0.296
0.266
0.266
0.281
0.281
0.283
0.302
0.286
0.286
0.282
0.282
0.287
0.287
0.287
0.270
0.291
0.278
0.278
0.282
0.282
0.305
0.288
0.277
0.277
0.295
0.295
0.289
0.269
0.282
0.318
0.318
0.308
0.308
0.311
0.311
0.337
0.337
0.337
0.337
0.322
0.302
0.296
0.296
0.303
0.303
0.297
0.286
0.273
0.281
0.281
0.272
0.272
0.283
0.265
0.269
0.269
0.273
0.273
0.255
0.252
0.257
0.257
0.256
0.269
0.245
0.245
0.305
0.305
0.308
0.306
0.320
0.291
0.291
0.302
0.302
0.289
0.314
0.322
0.322
0.323
0.323
0.346
0.328
0.322
0.322
0.188
0.205
0.268
0.268
0.295
0.295
0.314
0.320
0.320
0.317
0.356
0.340
0.340
0.339
0.333
0.335
0.335
0.305
0.305
0.254
0.254
0.267
0.302
0.302
0.289
0.304
0.281
0.281
0.291
0.291
0.299
0.212
0.187
0.187
* 0.242
0.242
0.306
0.306
0.299
0.296
0.296
0.323
0.323
0.299
0.307
0.307
0.307
0.286
0.286
0.277
0.277
0.282
0.282
0.270
0.236
0.252
0.252
0.232
0.279
0.289
0.289
0.267
0.293
0.308
0.308
0.308
0.308
0.294
0.284
0.303
0.271
0.271
0.282
0.275
0.275
0.318
0.311
0.311
0.294
0.296
0.300
0.300
0.311
0.303
0.316
0.316
0.310
0.354
0.337
0.337
0.332
0.358
0.356
0.356
0.353
0.322
0.356
0.356
0.322
0.318
0.368
0.368
0.342
0.342
0.343
0.290
0.319
0.319
0.289
0.311
0.306
0.306
0.307
0.297
0.297
0.209
0.209
0.229
* 0.263
0.263
0.274
0.274
0.288
0.291
0.291
0.270
0.270
0.324
0.295
0.295
0.276
0.276
0.296
0.319
0.319
0.315
0.323
0.296
0.318
0.318
0.294
0.294
0.290
0.290
0.295
0.302
0.302
0.300
0.300
0.293
0.307
0.308
0.308
0.308
0.297
0.274
0.274
0.287
0.287
0.259
0.270
0.270
0.276
0.276
0.271
0.271
0.271
0.246
0.263
0.259
0.277
0.277
0.266
0.266
0.250
0.255
0.244
0.247
0.247
0.263
0.263
0.243
0.243
0.283
0.262
0.262
0.308
0.308
0.307
0.271
0.259
0.259
0.271
0.294
0.263
0.263
0.282
0.282
0.266
0.299
0.285
0.286
0.316
0.316
0.289
0.274
0.271
0.282
0.261
0.261
0.297
0.277
0.287
0.287
0.287
0.305
0.327
0.315
0.282
0.300
0.299
0.299
0.277
0.280
0.268
0.273
0.259
0.259
0.289
0.294
0.294
0.276
0.279
0.289
0.287
0.294
0.294
0.285
0.285
0.305
0.305
0.308
0.308
0.311
0.332
0.332
0.279
0.281
0.281
0.281
0.278
0.281
0.285
0.285
0.267
0.267
0.277
0.277
0.276
0.293
0.292
0.292
0.295
0.295
0.285
0.294
0.294
0.304
0.291
0.308
0.300
0.280
0.280
0.286
0.279
0.279
0.336
0.336
0.328
0.345
0.345
0.327
0.320
0.320
0.246
0.217
0.217
0.253
0.269
0.269
0.324
0.305
0.305
0.297
0.274
0.274
0.285
0.285
0.299
0.281
0.281
0.299
0.306
0.284
0.284
0.303
0.303
0.293
0.329
0.329
0.297
0.263
0.263
0.298
0.272
0.272
0.281
0.321
0.321
0.299
0.285
0.285
0.281
0.302
0.302
0.284
0.334
0.334
0.310
0.309
0.309
0.307
0.307
0.292
0.316
0.316
0.292
0.308
0.276
0.276
0.292
0.267
0.267
0.301
0.301
0.323
0.289
0.322
0.322
0.218
0.208
0.208
0.209
0.209
* 0.243
0.226
0.226
0.196
0.160
0.160
0.189
0.180
0.175
0.175
0.223
0.216
0.216
0.216
0.211
0.211
0.228
* 0.249
0.247
0.247
0.247
0.263
0.263
0.243
0.239
0.239
0.236
0.236
* 0.247
0.223
0.223
0.243
0.215
0.215
0.211
0.220
0.220
0.231
0.222
0.222
0.222
* 0.243
0.243
0.260
0.220
0.238
0.243
0.243
0.246
0.256
0.256
0.214
0.229
0.229
0.222
0.212
0.212
0.222
0.222
0.222
0.227
0.222
0.222
0.216
0.205
0.230
0.230
0.238
* 0.268
0.256
0.256
0.264
0.260
0.250
0.250
0.269
0.246
0.246
0.281
0.242
0.242
0.278
0.247
0.247
0.250
0.256
0.256
0.272
0.242
0.252
0.252
0.244
0.244
0.260
0.256
0.236
0.236
0.247
0.258
0.320
0.320
0.278
0.311
0.311
0.319
0.299
0.299
0.291
0.281
0.281
0.307
0.289
0.289
0.321
0.272
0.252
0.264
0.264
0.267
0.272
0.272
0.246
0.255
0.255
0.271
0.252
0.238
0.238
0.239
0.239
0.239
* 0.248
0.255
0.255
0.256
0.268
0.268
0.263
0.264
0.264
0.264
0.264
0.264
0.263
0.246
0.255
0.242
0.253
0.253
0.238
0.226
0.259
0.260
0.255
0.255
0.264
0.244
0.254
0.256
0.277
0.277
0.272
0.272
0.263
0.272
0.272
0.281
0.251
0.251
0.267
0.277
0.251
0.273
0.285
0.285
0.260
0.293
0.293
0.277
0.277
0.312
0.259
0.289
0.289
0.309
0.309
0.302
0.281
0.284
0.284
0.306
0.306
0.230
0.282
0.283
0.283
0.283
0.283
0.260
0.263
0.288
0.271
0.271
0.271
0.277
0.272
0.263
0.303
0.273
0.294
0.294
0.298
0.281
0.281
0.272
0.273
0.252
0.252
0.273
0.273
0.255
0.246
0.286
0.286
0.251
0.251
0.235
0.235
0.243
0.238
0.238
0.227
0.210
0.227
* 0.275
0.281
0.291
0.278
0.278
0.258
0.285
0.285
0.255
0.277
0.277
0.290
0.266
0.266
0.267
0.269
0.269
0.248
0.254
0.254
0.251
0.251
0.251
0.259
0.259
0.275
0.270
0.270
0.285
0.262
0.262
0.247
0.239
0.239
0.231
* 0.247
0.247
0.254
0.259
0.259
0.277
0.270
0.270
0.266
0.270
0.270
0.267
0.250
0.250
0.232
0.250
0.250
0.229
0.229
0.242
0.249
0.249
0.248
0.258
0.258
0.229
0.249
0.249
0.265
0.265
0.265
0.286
0.286
0.255
0.263
0.251
0.251
0.268
0.282
0.282
0.279
0.280
0.280
0.274
0.290
0.307
0.307
0.295
0.295
0.308
0.304
0.307
0.307
0.316
0.246
0.246
0.274
0.272
0.255
0.255
0.255
0.246
0.246
0.226
0.226
0.267
0.242
0.242
0.254
0.238
0.238
0.267
0.243
0.243
0.278
0.239
0.239
0.279
0.275
0.275
0.289
0.288
0.264
0.264
0.275
0.271
0.294
0.294
0.283
0.300
0.286
0.286
0.282
0.286
0.278
0.278
0.278
0.288
0.280
0.280
0.287
0.299
0.299
0.273
0.310
0.310
0.273
0.282
0.282
0.288
0.317
0.317
0.293
0.259
0.259
0.281
0.299
0.299
0.303
0.303
0.314
0.284
0.284
0.190
0.248
0.248
0.273
0.243
0.266
0.266
0.296
0.296
0.299
0.300
0.300
0.290
0.294
0.294
0.315
0.306
0.306
0.280
0.313
0.313
0.322
0.303
0.303
0.303
0.294
0.294
0.267
0.289
0.289
0.251
0.303
0.303
0.285
0.285
0.293
0.293
0.312
0.279
0.274
0.274
0.221
0.223
0.266
0.301
0.251
0.243
0.255
0.197
0.197
0.197
0.206
0.223
0.223
0.219
* 0.263
0.263
0.252
0.236
0.236
0.235
0.229
0.229
* 0.242
0.255
0.255
0.255
0.255
0.305
0.274
0.326
0.326
0.298
0.296
0.296
0.276
0.263
0.239
0.200
0.217
0.217
0.208
0.209
0.220
0.205
0.227
0.227
0.198
0.203
0.203
0.186
0.179
0.189
0.199
0.199
0.199
0.229
0.231
* 0.252
0.239
0.287
0.287
0.272
0.272
0.289
0.242
0.242
0.214
0.223
0.223
* 0.274
0.288
0.288
0.251
0.257
0.257
0.237
0.242
0.242
0.235
0.251
0.251
0.252
0.258
0.258
0.272
0.241
0.241
0.287
0.287
0.265
0.242
0.242
0.287
0.258
0.258
0.274
0.200
0.200
0.161
* 0.241
0.241
0.249
0.289
0.289
0.268
0.234
0.234
0.306
0.263
0.263
0.261
0.263
0.263
0.273
0.301
0.301
0.293
0.293
0.293
0.255
0.274
0.274
0.295
0.277
0.277
0.266
0.288
0.288
0.280
0.263
0.263
0.294
0.294
0.309
0.285
0.285
0.300
0.289
0.289
0.300
0.289
0.289
0.272
0.257
0.257
0.274
0.274
0.258
0.276
0.260
0.260
0.250
0.250
0.240
0.261
0.261
0.276
0.250
0.250
0.298
0.283
0.283
0.276
0.276
0.276
0.293
0.293
0.278
0.258
0.258
0.233
0.238
0.238
* 0.254
0.214
0.214
0.206
* 0.243
0.243
0.251
0.257
0.257
0.251
0.231
0.231
0.237
0.229
0.229
0.222
0.208
0.208
0.229
* 0.242
0.242
0.224
0.224
0.230
0.221
0.221
0.203
0.209
0.209
0.210
0.210
0.210
0.214
0.206
0.206
0.212
0.204
0.204
0.234
0.234
0.180
0.169
0.169
0.198
0.209
0.209
* 0.258
0.268
0.268
0.233
0.233
0.191
0.191
0.190
0.185
0.185
0.180
0.200
0.200
0.213
0.205
0.205
0.222
0.209
0.195
0.192
0.211
0.211
* 0.267
0.275
0.261
0.261
0.244
0.244
0.241
0.263
0.263
0.277
0.275
0.260
0.235
0.235
0.246
0.265
0.265
0.257
0.257
0.262
0.262
0.262
0.262
0.268
0.296
0.262
0.262
0.273
0.280
0.267
0.267
0.246
0.283
0.268
0.267
0.269
0.269
0.255
0.252
0.257
0.257
0.251
0.272
0.261
0.261
0.251
0.251
0.268
0.262
0.268
0.268
0.258
0.274
0.262
0.262
0.273
0.268
0.262
0.273
0.273
0.268
0.263
0.264
0.261
0.261
0.274
0.263
0.263
0.274
0.252
0.235
0.269
0.274
0.274
0.262
0.268
0.285
0.285
0.251
0.260
0.267
0.267
0.278
0.278
0.272
0.272
0.263
0.275
0.278
0.282
0.267
0.267
0.258
0.257
0.251
0.247
0.251
0.251
0.247
0.273
0.262
0.262
0.291
0.291
0.277
0.265
0.265
0.284
0.284
0.259
0.259
0.265
0.265
0.272
0.267
0.267
0.293
0.288
0.275
0.273
0.273
0.275
0.274
0.253
0.240
0.240
0.261
0.274
0.268
0.268
0.268
0.268
0.285
0.285
0.268
0.273
0.246
0.283
0.258
0.258
0.268
0.268
0.262
0.262
0.274
0.290
0.301
0.301
0.263
0.289
0.272
0.291
0.292
0.292
0.274
0.268
0.281
0.281
0.311
0.280
0.274
0.274
0.266
0.266
0.274
0.304
0.304
0.295
0.259
0.280
0.278
0.278
0.226
0.263
0.268
0.268
0.232
0.239
0.225
* 0.251
0.239
0.239
0.247
0.262
0.262
0.251
0.241
0.237
0.237
0.261
0.246
0.251
0.251
0.285
0.266
0.274
0.289
0.289
0.289
0.289
0.291
0.279
0.279
0.236
0.261
0.236
0.265
0.199
0.199
0.180
0.198
0.198
0.228
0.227
0.239
0.228
0.228
0.239
0.235
* 0.258
0.256
0.256
0.251
0.275
0.239
0.268
0.268
0.273
0.246
0.277
0.269
0.269
0.234
0.273
0.302
0.280
0.261
0.261
0.291
0.290
0.273
0.273
0.289
0.313
0.307
0.307
0.301
0.263
0.268
0.268
0.284
0.284
0.258
0.290
0.290
0.263
0.186
0.202
0.230
0.230
* 0.305
0.308
0.308
0.308
0.308
0.313
0.313
0.308
0.308
0.283
0.281
0.306
0.306
0.305
0.281
0.313
0.284
0.284
0.284
0.301
0.284
0.311
0.311
0.302
0.275
0.279
0.295
0.295
0.302
0.297
0.310
0.284
0.284
0.311
0.301
0.274
0.274
0.284
0.278
0.305
0.305
0.300
0.300
0.319
0.294
0.294
0.296
0.295
0.294
0.274
0.274
0.297
0.284
0.284
0.274
0.274
0.269
0.308
0.285
0.285
0.295
0.298
0.263
0.263
0.274
0.278
0.275
0.275
0.286
0.258
0.280
0.251
0.274
0.274
0.284
0.272
0.273
0.273
0.257
0.251
0.257
0.257
0.286
0.268
0.268
0.267
0.267
0.267
0.263
0.285
0.285
0.281
0.279
0.283
0.273
0.273
0.261
0.294
0.262
0.283
0.283
0.286
0.247
0.268
0.268
0.264
0.267
0.293
0.293
0.262
0.262
0.259
0.296
0.283
0.283
0.297
0.275
0.284
0.268
0.303
0.303
0.275
0.257
0.257
0.252
0.238
0.267
0.271
0.271
0.261
0.289
0.278
0.285
0.285
0.273
0.268
0.280
0.284
0.284
0.278
0.278
0.278
0.273
0.272
0.267
0.262
0.285
0.285
0.278
0.262
0.268
0.268
0.263
0.257
0.263
0.268
0.279
0.279
0.263
0.263
0.295
0.295
0.285
0.285
0.268
0.268
0.268
0.278
0.291
0.258
0.246
0.246
0.272
0.251
0.251
0.252
0.252
0.275
0.269
0.257
0.257
0.263
0.249
0.239
0.239
0.258
0.258
0.235
0.266
0.258
0.258
0.247
0.268
0.213
0.213
0.246
0.304
0.292
0.292
0.263
0.263
0.235
0.257
0.219
0.262
0.245
0.245
0.235
0.225
0.225
0.228
0.233
0.227
0.222
* 0.241
0.241
0.261
0.227
0.229
0.229
0.229
0.229
0.234
0.234
0.222
0.217
0.210
0.210
0.196
0.188
0.166
0.166
0.156
0.143
0.166
0.166
0.190
0.190
0.183
0.174
0.185
0.185
0.184
0.195
0.209
0.209
0.172
0.192
0.158
0.158
0.172
0.148
0.199
0.173
0.198
0.198
0.156
0.160
0.174
0.174
0.171
0.151
0.151
0.183
0.158
0.168
0.160
0.160
0.156
0.145
0.175
0.145
0.145
0.147
0.141
0.166
0.166
0.121
0.167
0.153
0.153
0.222
0.222
0.179
0.187
0.150
0.150
0.211
0.187
0.215
0.215
0.217
0.216
0.210
0.196
0.203
0.203
0.203
0.184
0.197
0.185
0.202
0.202
0.197
0.222
0.222
0.173
0.202
0.208
0.226
0.226
0.200
0.227
0.227
0.211
0.211
0.211
0.229
0.206
0.206
0.200
0.201
0.197
0.197
0.196
0.189
0.208
0.230
0.230
0.218
0.233
0.233
0.216
0.195
0.195
0.197
0.197
0.197
0.202
0.181
0.195
0.195
0.195
0.207
0.209
0.209
0.197
0.217
0.236
* 0.240
0.234
0.234
0.219
* 0.240
0.223
0.223
0.240
0.236
0.228
0.228
0.227
* 0.262
0.222
0.222
0.218
0.196
* 0.242
0.218
0.218
0.228
0.207
0.229
0.229
0.212
0.194
0.229
0.229
* 0.250
0.247
0.239
0.263
0.263
0.234
0.236
0.210
* 0.241
0.241
0.238
0.240
0.255
0.255
0.215
0.224
0.215
0.215
0.234
0.234
* 0.246
0.208
0.224
0.224
* 0.252
0.258
0.242
0.242
0.229
0.252
0.245
0.246
0.246
0.268
0.245
0.240
0.258
0.258
0.246
0.240
0.240
0.245
0.245
0.251
0.252
0.224
0.224
0.234
* 0.270
0.257
0.257
0.286
0.264
0.287
0.264
0.264
0.258
0.293
0.258
0.286
0.286
0.278
0.268
0.278
0.278
0.272
0.279
0.272
0.272
0.290
0.258
0.242
0.234
0.227
0.227
* 0.276
0.239
0.250
0.250
0.254
0.286
0.267
0.268
0.268
0.247
0.279
0.297
0.267
0.267
0.236
0.225
0.252
0.252
0.219
0.225
0.225
* 0.263
0.253
0.283
0.272
0.272
0.220
0.252
0.248
0.261
0.261
0.264
0.253
0.266
0.266
0.256
0.252
0.282
0.282
0.258
0.258
0.274
0.273
0.268
0.268
0.249
0.286
0.290
0.290
0.287
0.287
0.258
0.284
0.284
0.306
0.277
0.290
0.282
0.282
0.290
0.276
0.269
0.281
0.281
0.271
0.280
0.281
0.281
0.292
0.297
0.319
0.319
0.295
0.295
0.296
0.286
0.274
0.274
0.278
0.255
0.275
0.275
0.272
0.246
0.295
0.282
0.281
0.281
0.300
0.301
0.289
0.289
0.291
0.306
0.279
0.279
0.275
0.269
0.287
0.287
0.307
0.329
0.328
0.328
0.311
0.299
0.300
0.317
0.302
0.302
0.298
0.299
0.299
0.306
0.293
0.303
0.299
0.293
0.284
0.284
0.288
0.288
0.288
0.254
0.244
0.281
0.301
0.287
0.287
0.233
0.285
0.245
0.245
0.277
0.279
0.280
0.280
0.291
0.246
0.288
0.281
0.285
0.285
0.273
0.279
0.285
0.285
0.270
0.297
0.297
0.285
0.285
0.263
0.280
0.280
0.280
0.258
0.255
0.252
0.252
0.240
0.239
0.239
0.239
* 0.275
0.275
0.280
0.251
0.251
0.251
0.240
0.290
0.230
0.230
0.228
0.228
* 0.251
0.258
0.253
0.253
0.274
0.263
0.252
0.225
0.218
0.218
* 0.257
0.240
0.252
0.252
0.203
0.241
0.241
0.240
0.266
0.244
0.251
0.251
0.228
0.249
0.240
0.228
0.228
0.214
0.214
0.194
0.227
* 0.243
0.243
0.188
0.190
0.221
0.221
* 0.245
0.268
0.228
0.260
0.260
0.212
0.235
0.251
0.246
0.246
0.239
0.244
0.244
0.228
0.240
0.228
0.206
0.206
0.220
* 0.247
0.192
0.228
0.228
* 0.262
0.234
0.252
0.243
0.243
0.239
0.249
0.249
0.251
0.251
0.251
0.280
0.235
0.235
0.265
0.239
0.274
0.274
0.263
0.228
0.257
0.254
0.289
0.289
0.331
0.342
0.323
0.323
0.331
0.347
0.300
0.300
0.340
0.342
0.332
0.334
0.345
0.345
0.318
0.326
0.326
0.285
0.273
0.262
0.276
0.276
0.257
0.241
0.273
0.280
0.280
0.286
0.272
0.276
0.277
0.277
0.305
0.267
0.292
0.273
0.273
0.297
0.274
0.268
0.268
0.283
0.254
0.273
0.273
0.246
0.273
0.276
0.273
0.268
0.268
0.263
0.274
0.280
0.275
0.275
0.275
0.289
0.238
0.238
0.271
0.256
0.286
0.290
0.290
0.240
0.242
0.242
0.291
0.244
0.224
0.268
0.239
0.239
0.260
0.275
0.252
0.252
0.241
0.271
0.263
0.263
0.274
0.274
0.310
0.286
0.259
0.259
0.288
0.256
0.267
0.267
0.274
0.245
0.271
0.271
0.246
0.266
0.236
0.222
0.190
0.190
0.228
0.204
0.204
0.216
* 0.253
0.234
0.280
0.280
0.253
0.258
0.258
0.280
0.280
0.281
0.264
0.272
0.272
0.241
0.294
0.257
0.257
0.265
0.272
0.284
0.296
0.296
0.287
0.280
0.282
0.275
0.275
0.277
0.281
0.262
0.262
0.279
0.276
0.245
0.245
0.284
0.249
0.274
0.264
0.277
0.277
0.253
0.263
0.245
0.245
0.281
0.253
0.259
0.259
0.220
0.227
0.253
0.253
0.237
0.237
0.246
0.246
0.262
0.215
0.218
0.218
* 0.246
0.253
0.257
0.257
0.257
0.257
0.258
0.245
0.245
0.247
0.270
0.251
0.234
0.234
0.232
* 0.247
0.235
0.234
0.234
* 0.264
0.245
0.227
0.227
0.256
0.261
0.251
0.251
0.239
0.239
0.254
0.250
0.255
0.255
0.247
0.264
0.240
0.240
0.252
0.246
0.274
0.274
0.263
0.263
0.283
0.283
0.228
0.228
0.234
* 0.249
0.251
0.251
0.285
0.280
0.252
0.252
0.251
0.246
0.243
0.243
0.246
0.241
0.263
0.263
0.252
0.287
0.259
0.253
0.253
0.251
0.261
0.251
0.251
0.240
0.247
0.240
0.240
0.277
0.245
0.239
0.239
0.258
0.287
0.287
0.262
0.253
0.264
0.264
0.239
0.239
0.251
0.274
0.240
0.240
0.262
0.258
0.237
0.237
0.228
* 0.267
0.240
0.263
0.263
0.239
0.277
0.251
0.251
0.256
0.237
0.246
0.246
0.253
0.237
0.281
0.240
0.205
0.205
0.263
0.247
0.229
0.262
0.241
0.241
0.233
0.245
0.245
0.245
0.184
0.257
0.288
0.288
0.283
0.271
0.281
0.259
0.259
0.239
0.261
0.261
0.261
0.292
0.285
0.267
0.267
0.307
0.307
0.269
0.274
0.263
0.263
0.230
0.251
0.268
0.268
0.249
0.239
0.245
0.262
0.262
0.262
0.239
0.239
0.234
0.234
* 0.263
0.198
0.178
0.178
0.227
0.222
0.238
0.238
0.209
0.209
0.221
0.205
0.205
0.196
0.202
0.176
0.218
0.218
0.184
0.219
0.219
0.228
0.196
0.185
0.212
0.208
0.208
0.179
0.159
0.171
0.171
0.207
0.207
0.184
0.191
0.202
0.202
0.194
0.203
0.188
0.173
0.172
0.214
0.230
0.187
0.202
0.220
0.220
0.189
0.234
0.235
0.232
* 0.257
0.278
0.278
0.237
0.265
0.265
0.255
0.255
0.232
0.240
0.239
0.239
0.220
0.220
* 0.253
0.235
0.207
0.254
0.233
0.271
0.245
0.243
0.218
0.235
0.230
0.230
0.192
0.220
0.232
* 0.252
0.253
0.232
0.248
0.233
0.232
0.232
* 0.254
0.260
0.260
0.263
0.238
0.229
0.244
0.243
0.263
0.244
0.236
0.227
0.232
0.229
0.218
* 0.242
0.235
0.235
0.270
0.277
0.277
0.276
0.261
0.261
0.281
0.251
0.251
0.282
0.242
0.252
0.237
0.248
0.213
0.189
0.207
0.220
0.206
0.230
0.218
0.225
0.217
0.219
* 0.248
0.207
0.207
0.177
0.164
0.164
0.204
0.206
0.206
0.206
0.219
* 0.246
0.257
0.232
0.222
0.222
* 0.243
0.230
0.188
0.178
0.152
0.205
0.204
0.232
* 0.277
0.218
0.236
0.216
0.229
0.229
* 0.290
0.276
0.257
0.257
0.234
0.240
0.262
0.221
0.221
0.228
0.226
0.224
* 0.268
0.302
0.302
0.295
0.280
0.237
0.178
0.177
0.177
0.215
* 0.260
0.249
0.260
0.271
0.271
0.276
0.264
0.310
0.241
0.166
0.217
0.244
0.292
0.288
0.251
0.280
0.280
0.280
0.305
0.283
0.283
0.271
0.262
0.289
0.267
0.267
0.268
0.272
0.270
0.263
0.234
0.234
0.260
0.245
0.304
0.261
0.266
0.266
0.268
0.276
0.255
0.255
0.271
0.271
0.234
0.238
0.262
0.262
0.246
0.263
0.267
0.268
0.288
0.255
0.256
0.268
0.258
0.228
0.269
0.307
0.253
0.286
0.276
0.260
0.282
0.289
0.261
0.282
0.279
0.284
0.297
0.297
0.283
0.278
0.278
0.246
0.229
0.229
0.251
0.246
0.246
0.213
0.235
0.207
* 0.279
0.263
0.261
0.252
0.248
0.257
0.266
0.262
0.237
0.262
0.234
0.258
0.238
0.212
0.212
0.212
0.200
0.200
0.201
0.229
0.229
0.218
* 0.257
0.257
0.247
0.265
0.226
0.256
0.288
0.308
0.257
0.272
0.273
0.263
0.274
0.252
0.252
0.300
0.265
0.223
0.196
0.242
0.242
0.285
0.273
0.281
0.281
0.311
0.311
0.280
0.292
0.280
0.280
0.269
0.269
0.262
0.269
0.235
0.294
0.284
0.301
0.234
0.225
0.280
0.229
0.257
0.245
0.265
0.235
0.229
0.236
* 0.246
0.276
0.247
0.252
0.264
0.264
0.292
0.268
0.268
0.229
0.229
0.240
0.241
0.255
0.247
0.273
0.273
0.268
0.257
0.263
0.273
0.275
0.275
0.289
0.291
0.263
0.281
0.305
0.305
0.259
0.282
0.257
0.257
0.244
0.244
0.246
0.280
0.260
0.250
0.238
0.257
0.261
0.234
0.233
0.228
* 0.266
0.246
0.258
0.257
0.257
0.228
0.251
0.247
0.222
0.254
0.257
0.257
0.260
0.281
0.281
0.252
0.237
0.237
0.241
0.261
0.261
0.234
0.281
0.281
0.257
0.281
0.200
0.236
0.257
0.245
0.242
0.251
0.244
0.233
0.238
0.239
* 0.240
0.232
0.221
0.223
0.221
0.217
0.200
* 0.246
0.246
0.240
0.249
0.249
0.257
0.252
0.252
0.244
0.244
0.244
0.244
0.232
0.245
0.216
0.244
0.221
0.238
0.243
0.229
0.239
0.245
0.235
0.239
0.264
0.239
0.256
0.238
0.238
0.256
0.274
0.257
0.286
0.266
0.266
0.245
0.272
0.255
0.255
0.290
0.285
0.251
0.249
0.290
0.290
0.257
0.240
0.236
0.267
0.258
0.258
0.267
0.268
0.268
0.257
0.228
0.234
0.245
0.257
0.262
0.281
0.282
0.282
0.260
0.228
0.228
0.234
0.234
* 0.256
0.246
0.251
0.257
0.276
0.276
0.234
0.262
0.281
0.260
0.253
0.253
0.253
0.257
0.256
0.256
0.268
0.268
0.234
0.237
0.262
0.262
0.257
0.268
0.268
0.278
0.270
0.253
0.228
0.267
0.252
0.300
0.277
0.278
0.239
0.268
0.273
0.273
0.245
0.273
0.280
0.237
0.277
0.277
0.289
0.289
0.188
0.299
0.299
0.301
0.304
0.304
0.302
0.335
0.274
0.253
0.282
0.292
0.283
0.286
0.293
0.275
0.323
0.297
0.291
0.247
0.280
0.283
0.233
0.209
0.257
0.257
0.244
0.270
0.270
0.261
0.276
0.276
0.290
0.294
0.276
0.299
0.287
0.279
0.283
0.285
0.263
0.256
0.258
0.240
0.256
0.250
0.264
0.269
0.251
0.251
0.276
0.239
0.239
0.264
0.210
0.275
0.275
0.265
0.265
0.253
0.220
0.264
0.264
0.261
0.275
0.268
0.290
0.290
0.269
0.252
0.261
0.233
0.234
0.234
0.206
0.206
* 0.295
0.233
0.239
0.239
0.214
0.216
0.198
0.236
0.196
0.211
0.210
* 0.245
0.230
0.237
0.238
0.177
0.169
0.185
0.185
0.184
0.159
0.179
0.186
0.186
0.185
0.184
0.188
0.194
0.187
0.187
0.197
0.159
0.149
0.191
0.195
0.195
0.180
0.164
0.171
0.171
0.185
0.185
0.184
0.169
0.162
0.162
0.191
0.183
0.178
0.184
0.180
0.180
0.161
0.186
0.203
0.191
0.209
0.210
0.194
0.192
0.198
0.193
0.209
0.203
0.200
0.190
0.189
0.227
0.199
0.202
0.190
0.187
0.174
0.174
0.173
0.158
0.158
0.170
0.164
0.164
0.178
0.199
0.199
0.162
0.174
0.176
0.206
0.176
0.176
0.209
0.209
0.209
0.189
0.181
0.181
0.189
0.218
0.192
0.169
0.175
0.175
0.186
0.169
0.169
0.189
0.191
0.191
0.195
0.167
0.167
0.199
0.157
0.203
0.185
0.168
0.152
0.169
0.180
0.189
0.169
0.170
0.174
0.158
0.165
0.214
0.194
0.224
0.165
0.181
0.181
0.166
0.161
0.186
0.160
0.197
0.178
0.178
0.168
0.160
0.180
0.154
0.154
0.154
0.160
0.160
0.180
0.176
0.193
0.193
0.191
0.193
0.202
0.202
0.202
0.201
0.181
0.186
0.171
0.184
0.184
0.117
0.168
0.181
0.189
0.170
0.170
0.185
0.207
0.172
0.185
0.181
0.181
0.202
0.182
0.185
0.186
0.175
0.175
0.201
0.221
0.204
0.187
0.188
0.188
0.179
0.181
0.188
0.188
0.229
* 0.241
0.240
0.240
0.240
0.240
0.240
0.233
0.245
0.245
0.246
0.246
0.245
0.240
0.223
0.208
0.231
0.231
0.232
0.228
0.221
0.163
0.139
0.139
0.207
0.199
0.212
0.212
0.199
0.211
0.211
* 0.245
0.209
0.209
0.238
0.152
0.152
0.172
0.208
0.192
0.218
* 0.248
0.239
0.237
0.244
0.233
0.249
0.240
0.213
0.236
0.225
0.225
0.232
0.208
0.208
0.215
0.208
0.208
0.230
0.229
0.229
0.236
* 0.242
0.257
0.223
0.251
0.242
0.240
0.265
0.253
0.276
0.244
0.270
0.252
0.269
0.255
0.254
0.250
0.250
0.219
0.219
0.221
0.221
* 0.246
0.246
0.269
0.251
0.259
0.246
0.282
0.261
0.287
0.264
0.289
0.276
0.276
0.262
0.266
0.282
0.270
0.257
0.257
0.195
0.196
0.205
0.205
* 0.253
0.253
0.211
0.253
0.249
0.249
0.228
0.241
0.256
0.243
0.249
0.249
0.245
0.254
0.270
0.247
0.242
0.242
0.256
0.243
0.254
0.262
0.244
0.241
0.240
0.236
0.226
* 0.242
0.242
0.212
0.257
0.252
0.252
0.255
0.255
0.262
0.249
0.266
0.262
0.259
0.259
0.248
0.249
0.242
0.217
0.159
0.159
0.200
0.236
0.199
0.199
0.176
0.227
0.239
* 0.241
0.240
0.219
0.236
* 0.243
0.257
0.250
0.252
0.231
0.226
0.229
0.239
* 0.249
0.248
0.256
0.221
0.241
0.193
0.181
0.181
0.215
0.226
0.233
* 0.249
0.263
0.258
0.258
0.157
0.175
0.175
0.226
0.215
0.215
* 0.243
0.253
0.268
0.250
0.243
0.233
0.262
0.265
0.233
0.233
0.223
0.215
0.210
0.227
0.239
* 0.250
0.273
0.227
0.257
0.254
0.254
0.260
0.243
0.243
0.247
0.280
0.280
0.265
0.258
0.242
0.282
0.260
0.249
0.250
0.253
0.162
0.198
0.207
* 0.274
0.267
0.251
0.260
0.281
0.250
0.250
0.252
0.281
0.281
0.267
0.271
0.246
0.233
0.271
0.271
0.262
0.259
0.252
0.252
0.253
0.253
0.256
0.253
0.253
0.275
0.251
0.275
0.268
0.244
0.244
0.255
0.270
0.259
0.271
0.298
0.298
0.293
0.294
0.313
0.313
0.258
0.314
0.257
0.297
0.285
0.294
0.301
0.297
0.258
0.258
0.280
0.302
0.296
0.336
0.325
0.357
0.358
0.353
0.332
0.356
0.352
0.351
0.313
0.312
0.364
0.337
0.337
0.302
0.320
0.332
0.325
0.343
0.341
0.355
0.334
0.346
0.338
0.340
0.346
0.344
0.344
0.299
0.299
0.316
0.312
0.308
0.308
0.320
0.307
0.312
0.319
0.287
0.292
0.301
0.277
0.290
0.284
0.292
0.281
0.283
0.293
0.308
0.279
0.282
0.278
0.293
0.286
0.288
0.266
0.295
0.295
0.281
0.248
0.248
0.243
0.304
0.304
0.292
0.301
0.269
0.265
0.289
0.296
0.269
0.270
0.270
0.285
0.276
0.251
0.303
0.332
0.332
0.311
0.298
0.284
0.284
0.316
0.316
0.275
0.270
0.295
0.295
0.249
0.247
0.266
0.250
0.250
0.261
0.279
0.284
0.283
0.241
0.251
0.277
0.250
0.254
0.276
0.275
0.275
0.260
0.267
0.252
0.295
0.279
0.245
0.276
0.272
0.262
0.244
0.244
0.269
0.248
0.248
0.290
0.290
0.278
0.295
0.306
0.276
0.292
0.304
0.262
0.290
0.310
0.286
0.293
0.293
0.278
0.271
0.298
0.298
0.324
0.324
0.286
0.287
0.287
0.308
0.287
0.282
0.307
0.298
0.304
0.304
0.333
0.254
0.305
0.300
0.319
0.305
0.305
0.309
0.306
0.306
0.299
0.329
0.275
0.306
0.302
0.257
0.235
0.241
0.234
0.254
0.236
0.269
0.284
0.250
0.286
0.282
0.257
0.257
0.286
0.286
0.286
0.282
0.282
0.292
0.296
0.292
0.288
0.295
0.288
0.288
0.263
0.306
0.294
0.305
0.278
0.308
0.308
0.296
0.271
0.271
0.289
0.265
0.268
0.270
0.275
0.279
0.308
0.303
0.300
0.321
0.321
0.270
0.322
0.284
0.304
0.304
0.323
0.310
0.296
0.326
0.326
0.320
0.298
0.320
0.303
0.320
0.322
0.293
0.263
0.291
0.291
0.296
0.286
0.305
0.276
0.276
0.286
0.267
0.267
0.289
0.264
0.284
0.284
0.268
0.295
0.298
0.255
0.286
0.286
0.294
0.272
0.272
0.272
0.257
0.257
0.270
0.288
0.297
0.297
0.295
0.254
0.281
0.320
0.293
0.299
0.295
0.307
0.340
0.329
0.321
0.297
0.282
0.304
0.304
0.287
0.298
0.298
0.309
0.286
0.291
0.242
0.268
0.302
0.293
0.269
0.308
0.257
0.239
0.229
0.246
0.280
0.266
0.268
0.295
0.305
0.296
0.285
0.282
0.240
0.257
0.240
0.242
0.232
0.192
0.243
0.266
0.261
0.271
0.271
0.289
0.280
0.280
0.277
0.265
0.265
0.279
0.253
0.253
0.291
0.237
0.237
0.275
0.291
0.270
0.270
0.265
0.288
0.276
0.289
0.289
0.249
0.242
0.245
0.278
0.301
0.301
0.293
0.279
0.271
0.297
0.306
0.306
0.293
0.282
0.282
0.285
0.275
0.275
0.283
0.289
0.300
0.304
0.280
0.279
0.287
0.272
0.294
0.313
0.280
0.242
0.249
0.243
0.239
0.251
0.269
0.269
0.228
0.275
0.238
0.238
0.245
0.245
0.252
0.247
0.236
0.236
0.207
0.207
0.205
0.212
0.234
0.234
0.193
0.205
0.233
0.228
0.228
0.240
0.195
0.217
0.207
0.229
0.229
0.186
0.217
0.199
0.199
0.218
0.218
0.205
0.182
0.196
0.196
0.203
0.203
0.192
0.191
0.196
0.196
* 0.246
0.246
0.227
0.218
0.201
0.222
0.224
0.224
0.210
0.216
0.227
0.207
0.223
0.215
0.230
* 0.243
0.214
0.227
0.239
* 0.267
0.256
0.223
0.220
0.261
0.236
0.206
0.223
0.231
0.230
* 0.259
0.247
0.224
0.224
0.314
0.301
0.307
0.285
0.182
0.231
0.257
0.263
0.263
0.278
0.275
0.286
0.286
0.266
0.266
0.297
0.293
0.293
0.277
0.284
0.289
0.282
0.273
0.274
0.275
0.274
0.279
0.271
0.290
0.290
0.181
0.194
0.194
* 0.272
0.280
0.280
0.280
0.284
0.292
0.292
0.259
0.293
0.280
0.271
0.296
0.272
0.280
0.279
0.288
0.304
0.280
0.270
0.263
0.283
0.299
0.290
0.238
0.197
0.264
0.264
0.264
0.285
0.285
0.270
0.282
0.288
0.275
0.307
0.307
0.287
0.298
0.286
0.286
0.305
0.226
0.197
0.235
0.235
* 0.282
0.324
0.286
0.299
0.310
0.310
0.291
0.290
0.290
0.290
0.274
0.274
0.266
0.258
0.243
0.243
0.219
0.250
0.215
0.243
0.243
0.260
0.246
0.263
0.251
0.228
0.274
0.270
0.274
0.274
0.274
0.286
0.269
0.266
0.258
0.258
0.258
0.266
0.235
0.235
0.267
0.250
0.270
0.260
0.260
0.266
0.250
0.278
0.278
0.248
0.212
0.270
0.287
0.269
0.269
0.273
0.275
0.267
0.266
0.278
0.278
0.256
0.255
0.255
0.242
0.244
0.255
0.246
0.258
0.251
0.282
0.282
0.263
0.280
0.274
0.266
0.264
0.294
0.276
0.256
0.256
0.313
0.306
0.292
0.318
0.233
0.264
0.273
0.282
0.276
0.276
0.275
0.279
0.263
0.297
0.297
0.291
0.303
0.303
0.297
0.306
0.306
0.288
0.278
0.231
0.286
0.286
0.288
0.287
0.299
0.321
0.304
0.304
0.296
0.291
0.272
0.272
0.283
0.283
0.287
0.293
0.293
0.287
0.312
0.312
0.297
0.265
0.265
0.288
0.290
0.290
0.319
0.302
0.297
0.321
0.319
0.319
0.334
0.308
0.302
0.295
0.316
0.316
0.282
0.281
0.281
0.262
0.262
0.289
0.289
0.237
0.268
0.250
0.256
0.288
0.288
0.248
0.271
0.288
0.270
0.270
0.264
0.254
0.246
0.299
0.266
0.251
0.251
0.253
0.285
0.285
0.227
0.254
0.277
0.285
0.285
0.244
0.226
0.269
0.247
0.255
0.269
0.265
0.246
0.272
0.272
0.232
0.254
0.269
0.268
0.268
0.254
0.239
0.255
0.235
0.271
0.277
0.277
0.281
0.281
0.266
0.294
0.261
0.261
0.264
0.289
0.260
0.270
0.264
0.264
0.274
0.263
0.263
0.270
0.270
0.289
0.271
0.265
0.265
0.290
0.282
0.263
0.262
0.279
0.279
0.270
0.287
0.285
0.281
0.291
0.291
0.287
0.285
0.292
0.266
0.286
0.286
0.246
0.283
0.294
0.323
0.297
0.297
0.307
0.306
0.301
0.313
0.262
0.262
0.290
0.263
0.263
0.293
0.262
0.270
0.263
0.263
0.308
0.315
0.266
0.288
0.311
0.311
0.305
0.305
0.285
0.290
0.290
0.297
0.275
0.314
0.343
0.297
0.297
0.281
0.331
0.331
0.319
0.319
0.319
0.293
0.312
0.256
0.256
0.245
0.270
0.298
0.293
0.293
0.275
0.299
0.305
0.294
0.222
0.279
0.288
0.313
0.313
0.289
0.275
0.275
0.273
0.278
0.278
0.291
0.291
0.252
0.299
0.304
0.314
0.314
0.269
0.269
0.317
0.317
0.276
0.283
0.309
0.291
0.299
0.280
0.280
0.278
0.307
0.266
0.266
0.272
0.267
0.185
0.181
0.181
0.210
0.224
* 0.241
0.270
0.233
0.233
0.232
* 0.277
0.277
0.259
0.237
0.259
0.259
0.242
0.242
0.242
0.230
0.230
0.230
0.222
0.219
0.215
0.222
0.222
0.216
0.232
0.230
0.216
0.202
0.202
0.204
0.233
0.233
0.231
0.197
0.144
0.144
0.153
0.169
0.203
0.198
* 0.241
0.241
0.194
0.212
0.212
0.220
0.220
0.220
0.220
0.238
0.238
0.230
0.228
0.229
0.213
0.213
0.220
* 0.247
0.217
0.217
0.238
0.209
0.225
0.227
0.235
0.235
0.235
* 0.260
0.234
0.247
0.247
0.280
0.288
0.280
0.263
0.248
0.279
0.279
0.302
0.302
0.264
0.304
0.323
0.323
0.337
0.337
0.342
0.323
0.298
0.314
0.300
0.327
0.329
0.325
0.325
0.325
0.293
0.306
0.306
0.302
0.321
0.312
0.292
0.319
0.319
0.324
0.317
0.317
0.327
0.306
0.332
0.326
0.305
0.305
0.330
0.297
0.325
0.300
0.321
0.321
0.308
0.308
0.314
0.322
0.314
0.314
0.305
0.348
0.348
0.334
0.314
0.314
0.306
0.313
0.313
0.315
0.331
0.331
0.333
0.331
0.331
0.312
0.309
0.322
0.340
0.312
0.312
0.323
0.328
0.328
0.319
0.318
0.318
0.313
0.325
0.230
0.196
0.222
0.222
* 0.258
0.274
0.274
0.214
0.204
0.204
0.231
* 0.244
0.295
0.319
0.324
0.321
0.321
0.310
0.310
0.309
0.313
0.334
0.296
0.324
0.322
0.322
0.302
0.302
0.273
0.323
0.323
0.285
0.276
0.276
0.286
0.275
0.222
0.225
0.221
0.208
0.208
0.207
0.213
0.218
0.234
0.234
0.219
0.214
0.226
0.234
0.235
0.235
* 0.247
0.217
0.217
0.260
0.251
0.251
0.239
0.234
0.251
0.239
0.234
0.225
0.234
0.238
0.238
* 0.247
0.239
0.252
0.255
0.260
0.263
0.263
0.259
0.259
0.259
0.246
0.251
0.262
0.251
0.251
0.259
0.255
0.251
0.238
0.202
0.194
0.194
0.204
0.204
0.216
0.199
* 0.263
0.263
0.254
0.238
0.243
0.258
0.224
0.224
0.238
0.221
0.201
0.203
0.203
0.222
0.193
0.212
0.222
0.228
0.233
0.233
0.227
0.177
0.177
0.176
0.181
0.192
0.209
0.226
* 0.240
0.258
0.243
0.268
0.253
0.257
0.257
0.268
0.267
0.231
0.228
0.228
0.228
* 0.242
0.228
0.228
0.238
0.230
0.230
0.232
* 0.259
0.251
0.235
0.227
0.239
* 0.272
0.263
0.263
0.276
0.243
0.256
0.266
0.284
0.284
0.243
0.275
0.267
0.271
0.286
0.286
0.281
0.322
0.289
0.284
0.292
0.292
0.300
0.312
0.310
0.283
0.332
0.332
0.304
0.300
0.284
0.247
0.243
0.243
0.238
0.212
0.239
0.235
0.226
0.226
0.232
0.231
0.231
0.204
0.211
0.211
0.231
0.219
0.218
0.232
0.223
0.223
0.227
0.208
0.208
0.230
0.223
0.223
0.231
* 0.272
0.272
0.280
0.286
0.286
0.313
0.308
0.308
0.313
0.279
0.303
0.315
0.301
0.267
0.267
0.316
0.292
0.320
0.275
0.275
0.277
0.321
0.310
0.291
0.306
0.306
0.302
0.291
0.291
0.315
0.298
0.296
0.326
0.287
0.287
0.227
0.162
0.162
* 0.289
0.280
0.329
0.329
0.290
0.290
0.318
0.302
0.302
0.278
0.306
0.278
0.278
0.310
0.294
0.267
0.289
0.302
0.302
0.271
0.277
0.285
0.270
0.270
0.274
0.270
0.287
0.274
0.318
0.318
0.270
0.286
0.286
0.302
0.299
0.289
0.289
0.317
0.290
0.295
0.313
0.323
0.323
0.316
0.326
0.319
0.319
0.319
0.326
0.342
0.310
0.310
0.298
0.308
0.318
0.298
0.298
0.286
0.303
0.313
0.313
0.318
0.319
0.310
0.271
0.271
0.263
0.277
0.280
0.280
0.283
0.286
0.286
0.279
0.279
0.267
0.277
0.269
0.269
0.330
0.298
0.298
0.275
0.275
0.272
0.260
0.290
0.272
0.287
0.320
0.320
0.270
0.270
0.298
0.272
0.268
0.267
0.289
0.290
0.290
0.258
0.258
0.300
0.296
0.290
0.290
0.287
0.293
0.292
0.306
0.281
0.281
0.292
0.317
0.317
0.292
0.318
0.307
0.324
0.294
0.294
0.291
0.314
0.327
0.314
0.292
0.292
0.291
0.285
0.306
0.309
0.247
0.247
0.229
0.242
0.242
0.206
0.238
0.218
* 0.251
0.235
0.235
0.239
* 0.247
0.260
0.232
0.255
0.255
0.254
0.267
0.267
0.275
0.279
0.263
0.272
0.264
0.264
0.259
0.267
0.256
0.267
0.266
0.266
0.295
0.306
0.293
0.302
0.315
0.315
0.310
0.303
0.299
0.323
0.326
0.326
0.325
0.324
0.324
0.317
0.300
0.300
0.320
0.291
0.323
0.300
0.315
0.315
0.324
0.314
0.316
0.313
0.297
0.297
0.327
0.303
0.294
0.294
0.225
0.225
0.304
0.318
0.318
0.303
0.311
0.315
0.332
0.336
0.336
0.331
0.324
0.324
0.339
0.332
0.332
0.318
0.337
0.337
0.307
0.333
0.333
0.307
0.331
0.331
0.307
0.299
0.328
0.307
0.331
0.332
0.332
0.309
0.242
0.272
0.307
0.307
0.323
0.317
0.317
0.328
0.307
0.307
0.339
0.309
0.309
0.309
0.331
0.325
0.325
0.323
0.328
0.304
0.321
0.337
0.337
0.313
0.355
0.307
0.296
0.296
0.298
0.285
0.286
0.328
0.331
0.331
0.313
0.332
0.332
0.350
0.307
0.351
0.342
0.320
0.320
0.205
0.205
0.205
* 0.317
0.284
0.329
0.329
0.297
0.289
0.292
0.279
0.287
0.287
0.282
0.300
0.300
0.309
0.304
0.276
0.301
0.267
0.267
0.226
0.230
0.276
0.277
0.277
0.312
0.291
0.300
0.300
0.293
0.292
0.271
0.292
0.292
0.295
0.304
0.256
0.275
0.267
0.251
0.251
0.264
0.264
0.293
0.280
0.293
0.293
0.318
0.320
0.320
0.294
0.294
0.334
0.319
0.306
0.306
0.210
0.201
0.201
0.238
0.238
* 0.285
0.268
0.296
0.296
0.284
0.292
0.292
0.301
0.297
0.297
0.284
0.280
0.254
0.259
0.264
0.278
0.272
0.258
0.258
0.263
0.254
0.254
0.264
0.267
0.263
0.262
0.261
0.261
0.267
0.268
0.268
0.274
0.260
0.262
0.263
0.288
0.288
0.286
0.251
0.251
0.283
0.263
0.242
0.212
0.229
0.229
* 0.251
0.247
0.247
0.268
0.276
0.276
0.272
0.239
0.239
0.288
0.284
0.284
0.296
0.287
0.287
0.281
0.272
0.272
0.272
0.293
0.293
0.296
0.284
0.284
0.309
0.311
0.311
0.297
0.292
0.276
0.276
0.271
0.312
0.283
0.275
0.275
0.292
0.296
0.301
0.301
0.313
0.313
0.280
0.271
0.271
0.287
0.317
0.262
0.262
0.287
0.287
0.268
0.278
0.278
0.274
0.262
0.271
0.315
0.275
0.259
0.267
0.258
0.279
0.279
0.263
0.290
0.285
0.268
0.268
0.246
0.275
0.272
0.272
0.216
0.216
0.239
* 0.260
0.260
0.255
0.243
0.243
0.227
0.222
0.197
0.192
0.195
0.195
0.207
0.202
0.226
0.226
0.234
0.228
* 0.244
0.213
0.213
0.197
0.238
0.238
0.238
0.213
0.215
0.215
0.158
0.197
* 0.298
0.298
0.275
0.310
0.310
0.328
0.320
0.305
0.311
0.311
0.299
0.304
0.314
0.304
0.308
0.286
0.286
0.293
0.304
0.297
0.297
0.300
0.300
0.293
0.293
0.293
0.281
0.278
0.255
0.262
0.270
0.270
0.301
0.281
0.282
0.298
0.271
0.271
0.286
0.283
0.270
0.267
0.294
0.282
0.298
0.286
0.275
0.275
0.269
0.288
0.278
0.275
0.275
0.299
0.280
0.286
0.282
0.277
0.277
0.283
0.266
0.278
0.264
0.277
0.275
0.292
0.292
0.292
0.275
0.267
0.282
0.278
0.280
0.280
0.225
0.187
0.187
* 0.256
0.266
0.266
0.272
0.260
0.277
0.269
0.267
0.269
0.284
0.261
0.261
0.264
0.268
0.268
0.272
0.276
0.276
0.269
0.265
0.288
0.267
0.276
0.283
0.297
0.282
0.282
0.276
0.280
0.280
0.268
0.276
0.276
0.281
0.251
0.268
0.267
0.243
0.267
0.267
0.258
0.284
0.260
0.277
0.277
0.268
0.254
0.242
0.267
0.263
0.263
0.259
0.258
0.258
0.246
0.263
0.238
0.238
0.289
0.255
0.277
0.273
0.277
0.243
0.243
0.243
0.296
0.262
0.262
0.268
0.247
0.272
0.272
0.260
0.256
0.292
0.264
0.255
0.255
0.259
0.280
0.271
0.234
0.234
0.281
0.250
0.234
0.285
0.246
0.247
0.259
0.228
0.264
0.264
0.255
0.281
0.260
0.263
0.263
0.255
0.268
0.192
0.192
0.211
* 0.243
0.286
0.226
0.236
0.236
0.238
0.225
* 0.248
0.260
0.260
0.277
0.199
0.249
0.238
0.238
0.244
0.244
0.250
0.250
0.271
0.238
0.222
0.222
* 0.245
0.217
0.236
0.236
* 0.264
0.264
0.235
0.273
0.270
0.261
0.261
0.250
0.286
0.278
0.240
0.251
0.272
0.272
0.258
0.258
0.275
0.259
0.260
0.260
0.252
0.277
0.258
0.262
0.295
0.295
0.259
0.257
0.279
0.276
0.253
0.253
0.265
0.254
0.258
0.236
0.275
0.275
0.260
0.287
0.276
0.281
0.279
0.279
0.279
0.281
0.268
0.271
0.272
0.272
0.279
0.272
0.255
0.270
0.268
0.268
0.267
0.260
0.260
0.251
0.261
0.285
0.275
0.258
0.258
0.265
0.284
0.301
0.284
0.252
0.252
0.266
0.270
0.286
0.275
0.282
0.282
0.290
0.264
0.267
0.286
0.294
0.294
0.307
0.295
0.304
0.288
0.302
0.282
0.282
0.296
0.289
0.291
0.271
0.271
0.297
0.275
0.289
0.271
0.294
0.279
0.276
0.296
0.272
0.272
0.268
0.287
0.270
0.276
0.276
0.263
0.284
0.306
0.284
0.278
0.278
0.275
0.282
0.282
0.298
0.254
0.254
0.287
0.290
0.263
0.267
0.284
0.264
0.264
0.280
0.266
0.278
0.270
0.270
0.284
0.270
0.270
0.270
0.269
0.269
0.257
0.281
0.271
0.271
0.260
0.261
0.267
0.268
0.268
0.276
0.279
0.280
0.268
0.288
0.288
0.273
0.285
0.285
0.263
0.276
0.277
0.277
0.273
0.275
0.291
0.286
0.295
0.295
0.285
0.296
0.300
0.277
0.277
0.287
0.288
0.282
0.286
0.287
0.287
0.301
0.301
0.301
0.296
0.291
0.292
0.292
0.300
0.280
0.294
0.280
0.296
0.296
0.280
0.279
0.286
0.279
0.279
0.285
0.298
0.292
0.292
0.290
0.296
0.283
0.291
0.280
0.287
0.302
0.278
0.278
0.262
0.262
0.268
0.279
0.288
0.288
0.296
0.296
0.270
0.294
0.279
0.283
0.282
0.270
0.270
0.280
0.280
0.297
0.288
0.284
0.284
0.262
0.260
0.284
0.279
0.287
0.287
0.288
0.302
0.296
0.277
0.267
0.267
0.296
0.300
0.295
0.280
0.270
0.270
0.288
0.277
0.288
0.291
0.299
0.299
0.292
0.291
0.284
0.281
0.268
0.268
0.290
0.287
0.286
0.275
0.303
0.303
0.263
0.279
0.302
0.282
0.283
0.283
0.287
0.285
0.319
0.282
0.275
0.275
0.286
0.280
0.280
0.276
0.297
0.291
0.274
0.270
0.270
0.278
0.287
0.292
0.283
0.292
0.292
0.283
0.279
0.279
0.283
0.291
0.291
0.287
0.301
0.271
0.291
0.286
0.293
0.293
0.292
0.296
0.268
0.283
0.283
0.265
0.307
0.260
0.267
0.296
0.296
0.267
0.256
0.256
0.250
0.261
0.269
0.269
0.256
0.251
0.292
0.274
0.266
0.266
0.282
0.260
0.259
0.278
0.278
0.277
0.278
0.205
0.211
0.227
0.227
* 0.251
0.252
0.290
0.290
0.291
0.291
0.247
0.267
0.268
0.285
0.271
0.284
0.284
0.303
0.295
0.263
0.279
0.279
0.291
0.263
0.283
0.283
0.291
0.291
0.283
0.287
0.287
0.279
0.293
0.267
0.268
0.295
0.275
0.281
0.263
0.298
0.298
0.256
0.256
0.231
0.255
0.252
0.252
0.273
0.179
0.201
0.194
0.239
0.239
0.222
0.201
* 0.259
0.250
0.250
0.251
0.263
0.243
0.243
0.229
0.219
0.213
* 0.251
0.258
0.258
0.251
0.246
0.246
0.242
0.259
0.237
0.258
0.239
0.239
0.263
0.229
0.246
0.237
0.277
0.277
0.244
0.220
0.256
0.230
0.273
0.242
0.263
0.274
0.274
0.318
0.270
0.270
0.288
0.258
0.278
0.278
0.243
0.243
0.251
0.251
0.267
0.255
0.258
0.258
0.256
0.272
0.282
0.296
0.296
0.296
0.276
0.255
0.255
0.268
0.267
0.255
0.255
0.275
0.275
0.307
0.276
0.267
0.296
0.271
0.271
0.291
0.250
0.260
0.262
0.267
0.247
0.277
0.263
0.263
0.291
0.251
0.251
0.269
0.267
0.267
0.269
0.272
0.268
0.263
0.287
0.275
0.295
0.263
0.263
0.285
0.292
0.292
0.270
0.264
0.264
0.287
0.296
0.291
0.279
0.263
0.259
0.259
0.272
0.297
0.255
0.278
0.278
0.267
0.270
0.259
0.300
0.278
0.226
0.236
0.291
0.287
0.287
0.292
0.287
0.278
0.312
0.312
0.297
0.289
0.272
0.255
0.277
0.277
0.268
0.272
0.272
0.280
0.234
0.263
0.273
0.276
0.276
0.271
0.276
0.272
0.276
0.274
0.263
0.255
0.264
0.263
0.263
0.242
0.246
0.263
0.311
0.311
0.258
0.307
0.337
0.337
0.305
0.324
0.281
0.272
0.301
0.301
0.332
0.315
0.289
0.304
0.304
0.312
0.317
0.306
0.306
0.234
0.211
0.230
* 0.254
0.229
0.229
0.289
0.272
0.276
0.235
0.235
0.246
0.255
0.281
0.259
0.272
0.247
0.247
0.293
0.293
0.255
0.279
0.260
0.288
0.301
0.301
0.275
0.269
0.265
0.268
0.260
0.270
0.290
0.253
0.277
0.277
0.269
0.268
0.268
0.268
0.264
0.264
0.259
0.255
0.260
0.247
0.250
0.250
0.251
0.243
0.263
0.272
0.247
0.247
0.267
0.268
0.268
0.251
0.276
0.259
0.259
0.247
0.263
0.281
0.280
0.298
0.256
0.251
0.280
0.302
0.310
0.292
0.317
0.302
0.312
0.299
0.242
0.313
0.280
0.259
0.259
0.200
0.222
0.259
0.280
0.257
0.261
0.261
0.234
0.243
0.266
0.260
0.260
0.287
0.256
0.299
0.268
0.252
0.252
0.261
0.251
0.264
0.270
0.251
0.268
0.268
0.242
0.242
0.268
0.256
0.251
0.251
0.227
0.227
0.245
0.274
0.261
0.261
0.279
0.279
0.250
0.250
0.250
0.255
0.291
0.273
0.277
0.250
0.250
0.265
0.273
0.229
0.247
0.255
0.255
0.278
0.288
0.230
0.230
0.204
0.204
0.211
0.215
0.237
0.232
0.216
0.216
* 0.252
0.263
0.251
0.229
0.238
0.238
0.237
0.237
0.224
0.224
* 0.241
0.228
0.228
0.252
0.237
0.237
0.227
0.222
0.222
0.174
0.172
0.172
0.200
0.199
0.199
0.216
0.212
0.223
* 0.249
0.234
0.216
0.251
0.239
0.245
0.270
0.285
0.251
0.261
0.261
0.243
0.252
0.259
0.262
0.237
0.282
0.254
0.269
0.273
0.277
0.293
0.267
0.294
0.249
0.275
0.258
0.260
0.294
0.294
0.251
0.288
0.288
0.301
0.313
0.313
0.278
0.277
0.277
0.238
0.279
0.279
0.294
0.300
0.300
0.292
0.315
0.315
0.274
0.294
0.294
0.261
0.266
0.266
0.272
0.269
0.269
0.283
0.264
0.247
0.248
0.266
0.266
0.273
0.268
0.273
0.274
0.270
0.268
0.268
0.246
0.246
0.273
0.234
0.243
0.243
0.251
0.251
0.251
0.243
0.269
0.217
0.242
0.293
0.276
0.216
0.216
0.219
* 0.256
0.265
0.281
0.341
0.341
0.296
0.306
0.300
0.300
0.302
0.302
0.312
0.293
0.293
0.304
0.303
0.299
0.315
0.294
0.311
0.310
0.281
0.299
0.322
0.269
0.269
0.264
0.288
0.272
0.277
0.256
0.255
0.255
0.255
0.268
0.268
0.268
0.277
0.277
0.235
0.256
0.256
0.254
0.254
0.243
0.204
0.225
0.211
0.212
0.228
0.205
0.213
0.230
0.213
0.221
0.221
* 0.250
0.234
0.215
0.217
0.229
0.234
0.234
0.204
0.224
0.224
0.235
* 0.244
0.244
0.216
0.234
0.234
0.202
0.178
0.204
0.215
0.206
* 0.255
0.263
0.241
0.242
0.267
0.267
0.267
0.288
0.289
0.309
0.264
0.284
0.284
0.178
0.176
0.176
0.153
0.182
0.182
0.188
0.179
0.209
0.203
0.185
0.212
0.214
0.220
0.188
0.193
0.211
0.212
0.196
0.184
0.152
0.158
0.154
0.179
0.174
0.153
0.153
0.164
0.165
0.165
0.160
0.158
0.158
0.143
0.184
0.184
0.150
0.173
0.162
0.157
0.177
0.165
0.146
0.166
0.171
0.145
0.201
0.181
0.198
0.172
0.177
0.176
0.190
0.190
0.180
0.213
0.190
0.190
0.189
0.189
0.179
0.204
0.187
0.187
0.183
0.200
0.179
0.178
0.177
0.177
0.178
0.178
0.176
0.155
0.161
0.161
0.192
0.153
0.185
0.196
0.199
0.199
0.201
0.195
0.217
0.179
0.179
0.210
0.192
0.186
0.214
0.231
0.231
0.197
0.204
0.217
0.209
0.193
0.193
0.214
0.183
0.220
0.220
0.193
0.193
0.181
0.193
0.230
0.193
0.202
0.225
0.188
0.167
0.166
0.172
0.179
0.224
0.206
0.212
0.195
0.186
0.212
0.202
0.201
0.182
0.218
0.218
0.229
* 0.264
0.264
0.165
0.164
0.164
0.206
0.214
0.191
0.153
0.153
0.190
0.206
0.170
0.160
0.218
0.218
0.187
0.190
0.179
0.182
0.215
0.210
0.211
0.191
0.211
0.211
0.192
0.186
0.186
0.192
0.150
0.150
0.167
0.156
0.180
0.152
0.173
0.179
0.146
0.187
0.168
0.185
0.212
0.172
0.196
0.157
0.178
0.185
0.157
0.157
0.173
0.190
0.190
0.165
0.140
0.140
0.149
0.155
0.155
0.218
0.222
0.222
0.182
0.210
0.210
0.218
0.185
0.209
0.215
0.221
* 0.267
0.249
0.211
0.231
0.247
0.246
0.246
0.216
0.211
0.211
0.220
0.233
0.233
0.189
0.200
0.200
0.189
0.208
0.222
0.218
* 0.263
0.190
0.195
0.214
0.189
0.189
0.216
0.218
0.212
0.220
* 0.252
0.235
0.220
0.220
0.216
* 0.244
0.235
0.241
0.246
0.246
0.225
0.241
0.221
0.221
0.205
* 0.240
0.215
0.226
0.238
0.238
0.219
0.218
0.230
0.197
0.197
0.199
* 0.310
0.184
0.216
0.180
0.180
0.215
0.222
0.222
0.236
0.236
0.231
* 0.250
0.259
0.243
0.243
0.272
0.233
0.243
0.227
0.265
0.265
0.209
0.251
0.258
0.268
0.293
0.293
0.296
0.254
0.256
0.260
0.228
0.228
0.238
0.216
* 0.243
0.220
0.251
0.251
0.243
0.238
0.256
0.215
0.205
0.205
0.193
0.211
0.216
0.237
0.221
0.221
0.224
0.236
0.204
0.229
0.224
0.221
0.221
0.220
0.207
0.214
0.233
* 0.255
0.237
0.237
0.227
* 0.274
0.228
0.283
0.279
0.278
0.278
0.265
0.229
0.201
0.219
* 0.246
0.210
0.210
0.220
0.214
0.214
0.224
0.237
0.237
0.205
* 0.246
0.247
0.264
0.251
0.215
0.233
0.224
0.227
0.202
0.222
0.188
0.201
0.228
0.238
0.224
0.206
0.206
0.205
0.206
0.206
0.233
* 0.241
0.241
0.238
0.201
0.212
0.212
0.237
0.213
* 0.251
0.241
0.241
0.203
0.198
0.192
0.202
0.181
0.181
0.204
0.185
0.179
0.187
0.181
0.181
0.187
0.200
0.186
0.205
0.179
0.190
0.182
0.153
0.210
0.182
0.183
0.183
0.194
0.185
0.168
0.174
0.160
0.160
0.198
0.193
0.202
0.202
0.163
0.163
0.202
0.219
0.219
0.191
0.187
0.185
0.171
0.155
0.158
0.156
0.150
0.184
0.161
0.186
0.186
0.180
0.178
0.187
0.194
0.195
0.166
0.166
0.186
0.179
0.179
0.184
0.176
0.176
0.168
0.186
0.186
0.196
0.149
0.195
0.179
0.192
0.145
0.185
0.185
0.200
0.213
0.196
0.186
0.187
0.187
0.170
0.198
0.180
0.180
0.209
0.191
0.191
0.187
0.217
0.217
0.172
0.217
0.217
0.215
0.207
0.219
0.205
0.185
0.213
0.177
0.206
0.205
0.202
0.195
0.223
0.205
0.163
0.176
0.192
0.201
0.194
0.205
0.170
0.170
0.195
0.182
0.182
0.184
0.187
0.187
0.187
0.179
0.167
0.151
0.179
0.189
0.188
0.198
0.187
0.168
0.192
0.199
0.207
0.179
0.184
0.200
0.210
0.183
0.206
0.210
0.210
0.219
0.212
0.212
0.223
0.238
0.238
* 0.246
0.251
0.232
0.217
0.215
0.219
0.218
0.200
0.223
0.220
0.203
0.237
0.237
0.233
0.203
0.233
0.224
* 0.245
0.220
0.260
0.260
0.256
0.246
0.211
0.211
0.216
0.216
0.194
* 0.257
0.257
0.241
0.259
0.224
0.238
0.237
0.237
0.237
* 0.264
0.237
0.242
0.226
0.226
0.258
0.229
0.255
0.233
0.234
0.234
0.219
0.238
0.219
0.219
* 0.292
0.243
0.287
0.265
0.247
0.255
0.251
0.252
0.224
0.236
0.223
* 0.246
0.192
0.229
0.237
* 0.257
0.230
0.220
0.265
0.265
0.227
0.244
0.264
0.264
0.268
0.282
0.282
0.268
0.268
0.215
0.233
0.226
0.226
0.229
0.229
* 0.242
0.252
0.213
0.282
0.259
0.259
0.296
0.317
0.276
0.314
0.276
0.276
0.269
0.242
0.230
0.227
0.227
* 0.270
0.277
0.299
0.299
0.309
0.309
0.281
0.346
0.293
0.293
0.287
0.288
0.269
0.286
0.284
0.266
0.260
0.229
0.261
0.356
0.356
0.314
0.346
0.346
0.312
0.328
0.317
0.297
0.297
0.292
0.277
0.284
0.307
0.290
0.316
0.292
0.300
0.294
0.285
0.296
0.293
0.306
0.280
0.298
0.298
0.285
0.310
0.307
0.305
0.290
0.290
0.311
0.327
0.303
0.303
0.311
0.359
0.302
0.310
0.319
0.319
0.305
0.312
0.294
0.270
0.315
0.276
0.318
0.307
0.319
0.339
0.350
0.333
0.318
0.309
0.289
0.314
0.305
0.321
0.327
0.336
0.337
0.332
0.313
0.313
0.326
0.321
0.300
0.300
0.312
0.312
0.328
0.316
0.293
0.293
0.302
0.312
0.286
0.279
0.279
0.311
0.340
0.333
0.340
0.320
0.320
0.309
0.314
0.289
0.272
0.305
0.305
0.317
0.287
0.292
0.292
0.272
0.272
0.272
0.307
0.292
0.292
0.262
0.214
0.228
0.195
0.220
* 0.247
0.271
0.247
0.264
0.255
0.272
0.273
0.274
0.264
0.282
0.255
0.278
0.260
0.274
0.286
0.286
0.255
0.273
0.273
0.242
0.255
0.255
0.270
0.275
0.275
0.255
0.256
0.255
0.261
0.265
0.251
0.252
0.273
0.229
0.265
0.251
0.278
0.270
0.264
0.277
0.277
0.263
0.260
0.269
0.260
0.260
0.274
0.251
0.251
0.270
0.277
0.277
0.275
0.295
0.295
0.279
0.251
0.251
0.276
0.252
0.256
0.255
0.247
0.266
0.279
0.275
0.239
0.263
0.296
0.272
0.277
0.277
0.277
0.269
0.282
0.282
0.264
0.264
0.260
0.264
0.272
0.271
0.248
0.277
0.277
0.280
0.291
0.296
0.276
0.301
0.260
0.268
0.301
0.272
0.263
0.271
0.281
0.272
0.293
0.272
0.238
0.308
0.303
0.271
0.280
0.291
0.291
0.299
0.284
0.300
0.300
0.306
0.296
0.283
0.301
0.301
0.296
0.294
0.296
0.315
0.299
0.299
0.307
0.293
0.305
0.308
0.291
0.291
0.315
0.291
0.297
0.288
0.276
0.276
0.280
0.297
0.292
0.292
0.314
0.314
0.309
0.312
0.320
0.320
0.324
0.282
0.263
0.269
0.269
0.285
0.284
0.292
0.271
0.255
0.271
0.279
0.278
0.279
0.259
0.282
0.267
0.267
0.278
0.307
0.312
0.284
0.282
0.282
0.260
0.234
0.234
0.250
0.251
0.251
0.262
0.273
0.273
0.281
0.282
0.282
0.280
0.226
0.226
0.256
0.256
0.284
0.284
0.284
0.214
0.205
0.205
* 0.265
0.264
0.305
0.260
0.317
0.317
0.315
0.337
0.320
0.317
0.312
0.304
0.304
0.320
0.303
0.303
0.318
0.281
0.301
0.308
0.299
0.276
0.292
0.280
0.277
0.296
0.315
0.304
0.277
0.308
0.296
0.303
0.280
0.301
0.310
0.293
0.302
0.309
0.323
0.323
0.300
0.287
0.287
0.301
0.300
0.300
0.299
0.299
0.287
0.288
0.300
0.300
0.304
0.291
0.279
0.296
0.256
0.317
0.304
0.306
0.311
0.288
0.300
0.305
0.297
0.289
0.289
0.315
0.297
0.309
0.305
0.292
0.292
0.305
0.299
0.275
0.275
0.305
0.288
0.300
0.280
0.318
0.318
0.320
0.313
0.321
0.314
0.314
0.305
0.300
0.310
0.306
0.310
0.310
0.301
0.300
0.272
0.255
0.267
0.267
0.267
0.272
0.272
0.276
0.263
0.263
0.279
0.284
0.242
0.242
0.237
0.252
0.250
0.251
0.271
0.274
0.267
0.259
0.276
0.271
0.276
0.289
0.276
0.267
0.284
0.293
0.247
0.287
0.276
0.276
0.300
0.315
0.315
0.300
0.288
0.357
0.331
0.323
0.323
0.332
0.338
0.294
0.313
0.316
0.316
0.256
0.229
0.275
0.275
0.305
0.305
0.306
0.304
0.302
0.302
0.307
0.306
0.305
0.283
0.285
0.325
0.328
0.254
0.208
0.226
0.267
0.267
0.256
0.311
0.311
0.319
0.319
0.288
0.323
0.328
0.328
0.301
0.301
0.292
0.304
0.284
0.241
0.284
0.284
0.258
0.226
0.225
0.255
0.287
0.311
0.272
0.317
0.297
0.271
0.297
0.311
0.311
0.276
0.265
0.213
0.216
0.297
0.297
0.299
0.310
0.340
0.349
0.373
0.373
0.343
0.317
0.317
0.261
0.255
0.255
0.206
0.247
0.247
0.243
0.284
0.284
0.297
0.264
0.264
0.290
0.285
0.309
0.304
0.298
0.264
0.264
0.284
0.301
0.328
0.320
0.320
0.303
0.318
0.211
0.225
0.268
0.268
0.284
0.314
0.314
0.246
0.272
0.275
0.267
0.285
0.285
0.265
0.292
0.292
0.276
0.295
0.293
0.248
0.259
0.259
0.250
0.258
0.286
0.270
0.286
0.286
0.296
0.351
0.351
0.342
0.321
0.334
0.334
0.331
0.331
0.310
0.301
0.301
0.300
0.288
0.292
0.292
0.287
0.319
0.313
0.316
0.283
0.283
0.313
0.307
0.311
0.300
0.300
0.304
0.312
0.295
0.295
0.290
0.292
0.299
0.299
0.299
0.305
0.323
0.310
0.293
0.298
0.298
0.318
0.308
0.308
0.313
0.313
0.320
0.304
0.295
0.299
0.299
0.273
0.273
0.302
0.289
0.274
0.274
0.323
0.282
0.282
0.298
0.298
0.290
0.278
0.273
0.273
0.308
0.291
0.286
0.278
0.302
0.302
0.285
0.315
0.315
0.318
0.247
0.257
0.261
0.298
0.298
0.297
0.316
0.316
0.305
0.297
0.281
0.297
0.285
0.285
0.264
0.273
0.251
0.264
0.264
0.266
0.282
0.279
0.279
0.290
0.311
0.263
0.297
0.311
0.311
0.311
0.311
0.327
0.323
0.296
0.296
0.293
0.311
0.311
0.294
0.293
0.275
0.294
0.282
0.282
0.290
0.297
0.287
0.255
0.203
0.203
0.273
0.278
0.278
0.285
0.283
0.304
0.305
0.313
0.313
0.301
0.312
0.333
0.303
0.302
0.302
0.318
0.334
0.311
0.323
0.291
0.291
0.251
0.262
0.281
0.282
0.293
0.293
0.299
0.306
0.306
0.308
0.290
0.318
0.304
0.329
0.329
0.313
0.293
0.311
0.307
0.308
0.308
0.311
0.334
0.334
0.332
0.324
0.306
0.331
0.311
0.311
0.302
0.309
0.309
0.251
0.250
0.301
0.301
0.300
0.300
0.313
0.326
0.313
0.311
0.319
0.326
0.326
0.303
0.303
0.336
0.316
0.328
0.324
0.334
0.328
0.328
0.250
0.292
0.282
0.296
0.296
0.278
0.304
0.311
0.318
0.306
0.306
0.328
0.315
0.315
0.326
0.313
0.326
0.299
0.319
0.319
0.306
0.331
0.331
0.314
0.298
0.323
0.287
0.230
0.230
0.236
* 0.254
0.254
0.303
0.299
0.319
0.319
0.281
0.292
0.309
0.318
0.303
0.303
0.341
0.306
0.304
0.304
0.304
0.306
0.308
0.323
0.300
0.246
0.246
0.270
0.277
0.277
0.308
0.318
0.308
0.308
0.309
0.309
0.328
0.314
0.314
0.318
0.341
0.329
0.329
0.321
0.277
0.305
0.243
0.240
0.240
0.278
0.296
0.318
0.321
0.321
0.326
0.299
0.326
0.316
0.329
0.306
0.306
0.304
0.304
0.282
0.273
0.311
0.311
0.319
0.316
0.316
0.311
0.309
0.309
0.315
0.321
0.311
0.317
0.317
0.346
0.304
0.304
0.304
0.319
0.331
0.315
0.291
0.291
0.246
0.231
0.243
0.314
0.332
0.323
0.323
0.323
0.323
0.327
0.331
0.308
0.308
0.320
0.220
0.282
0.255
0.273
0.273
0.270
0.316
0.316
0.328
0.314
0.316
0.313
0.313
0.313
0.323
0.314
0.314
0.314
0.316
0.238
0.227
0.243
0.243
0.274
0.299
0.296
0.299
0.284
0.284
0.298
0.319
0.319
0.314
0.324
0.320
0.308
0.308
0.308
0.306
0.331
0.331
0.319
0.321
0.223
0.285
0.314
0.308
0.299
0.317
0.317
0.327
0.316
0.310
0.327
0.333
0.333
0.314
0.304
0.304
0.329
0.315
0.334
0.278
0.239
0.281
0.285
0.322
0.322
0.302
0.320
0.320
0.309
0.307
0.307
0.304
0.328
0.328
0.314
0.314
0.313
0.296
0.316
0.316
0.304
0.313
0.311
0.285
0.316
0.334
0.311
0.316
0.316
0.323
0.273
0.273
0.329
0.296
0.296
0.341
0.321
0.321
0.310
0.231
0.271
0.271
0.274
0.301
0.321
0.334
0.334
0.318
0.328
0.304
0.318
0.313
0.313
0.319
0.314
0.314
0.325
0.329
0.254
0.224
0.270
0.270
0.287
0.321
0.321
0.319
0.326
0.326
0.300
0.311
0.324
0.312
0.302
0.311
0.311
0.294
0.326
0.326
0.311
0.299
0.306
0.313
0.321
0.321
0.306
0.313
0.313
0.295
0.303
0.288
0.301
0.328
0.328
0.321
0.342
0.316
0.316
0.316
0.323
0.346
0.339
0.339
0.330
0.300
0.306
0.323
0.323
0.308
0.313
0.288
0.288
0.306
0.307
0.326
0.303
0.303
0.294
0.331
0.339
0.334
0.313
0.313
0.328
0.319
0.319
0.292
0.303
0.292
0.323
0.310
0.305
0.331
0.308
0.296
0.296
0.294
0.295
0.280
0.307
0.307
0.277
0.311
0.266
0.266
0.339
0.293
0.297
0.327
0.327
0.308
0.302
0.294
0.309
0.296
0.274
0.274
0.250
0.250
0.286
0.292
0.300
0.300
0.308
0.274
0.269
0.298
0.314
0.314
0.278
0.301
0.275
0.315
0.315
0.304
0.281
0.294
0.284
0.281
0.269
0.269
0.204
0.259
0.259
0.273
0.334
0.304
0.317
0.316
0.316
0.328
0.310
0.234
0.239
0.225
0.225
0.206
* 0.242
0.290
0.308
0.313
0.313
0.306
0.289
0.289
0.282
0.301
0.301
0.282
0.248
0.248
0.225
0.228
0.278
0.275
0.283
0.292
0.292
0.279
0.298
0.291
0.310
0.310
0.298
0.306
0.307
0.306
0.308
0.308
0.284
0.313
0.313
0.262
0.242
0.242
0.214
0.242
0.242
0.258
0.219
0.219
0.251
0.298
0.305
0.297
0.304
0.304
0.316
0.315
0.315
0.318
0.309
0.309
0.326
0.298
0.309
0.308
0.323
0.254
0.254
0.244
0.297
0.311
0.321
0.321
0.296
0.290
0.274
0.351
0.328
0.328
0.321
0.310
0.310
0.171
0.250
0.222
0.222
0.262
0.304
0.290
0.302
0.329
0.329
0.295
0.320
0.320
0.323
0.302
0.307
0.331
0.316
0.316
0.304
0.303
0.331
0.299
0.299
0.305
0.310
0.303
0.297
0.271
0.271
0.297
0.205
0.205
0.197
0.228
* 0.266
0.262
0.338
0.313
0.313
0.287
0.287
0.302
0.307
0.311
0.316
0.312
0.321
0.321
0.307
0.307
0.306
0.274
0.235
0.235
0.214
* 0.244
0.266
0.270
0.281
0.281
0.270
0.254
0.282
0.270
0.270
0.303
0.297
0.293
0.293
0.283
0.281
0.262
0.289
0.289
0.262
0.274
0.315
0.303
0.282
0.259
0.259
0.284
0.284
0.326
0.318
0.320
0.320
0.328
0.300
0.256
0.246
0.242
0.242
0.251
0.241
0.245
0.298
0.246
0.246
0.256
0.243
0.241
0.237
0.247
0.247
0.276
0.259
0.265
0.266
0.292
0.292
0.242
0.251
0.246
0.256
0.282
0.282
0.267
0.268
0.267
0.264
0.271
0.271
0.255
0.308
0.308
0.286
0.268
0.264
0.251
0.316
0.316
0.291
0.277
0.247
0.221
0.226
0.226
* 0.257
0.265
0.265
0.286
0.291
0.294
0.290
0.274
0.274
0.274
0.288
0.288
0.317
0.323
0.331
0.267
0.297
0.297
0.251
0.337
0.336
0.342
0.342
0.321
0.330
0.330
0.368
0.339
0.339
0.344
0.316
0.342
0.333
0.335
0.305
0.305
0.284
0.284
0.300
0.294
0.326
0.321
0.292
0.268
0.268
0.313
0.349
0.318
0.302
0.302
0.318
0.269
0.319
0.319
0.311
0.294
0.316
0.284
0.284
0.283
0.276
0.277
0.272
0.297
0.297
0.296
0.272
0.272
0.301
0.264
0.276
0.276
0.252
0.252
0.264
0.280
0.280
0.293
0.300
0.343
0.343
0.296
0.296
0.276
0.292
0.292
0.326
0.296
0.321
0.321
0.313
0.313
0.320
0.296
0.296
0.271
0.269
0.301
0.301
0.256
0.256
0.267
0.279
0.267
0.273
0.293
0.293
0.274
0.299
0.299
0.312
0.334
0.309
0.309
0.284
0.284
0.258
0.320
0.320
0.302
0.310
0.296
0.284
0.305
0.346
0.346
0.291
0.291
0.315
0.310
0.311
0.334
0.296
0.283
0.283
0.295
0.295
0.291
0.303
0.280
0.280
0.297
0.286
0.286
0.304
0.304
0.284
0.291
0.300
0.300
0.280
0.298
0.298
0.318
0.318
0.276
0.288
0.298
0.298
0.298
0.299
0.288
0.313
0.304
0.304
0.298
0.280
0.280
0.293
0.280
0.301
0.269
0.282
0.282
0.286
0.281
0.281
0.271
0.289
0.289
0.281
0.255
0.255
0.248
0.271
0.271
0.294
0.286
0.254
0.238
0.263
0.263
0.293
0.288
0.288
0.292
0.302
0.302
0.288
0.312
0.305
0.326
0.274
0.274
0.274
0.260
0.301
0.312
0.317
0.317
0.315
0.292
0.314
0.322
0.320
0.320
0.318
0.317
0.317
0.291
0.306
0.277
0.298
0.312
0.312
0.299
0.289
0.306
0.303
0.297
0.297
0.298
0.308
0.288
0.277
0.272
0.272
0.284
0.267
0.267
0.280
0.306
0.298
0.296
0.281
0.281
0.288
0.302
0.302
0.296
0.289
0.308
0.283
0.276
0.276
0.260
0.289
0.289
0.284
0.263
0.263
0.289
0.298
0.298
0.313
0.292
0.292
0.315
0.314
0.314
0.300
0.282
0.282
0.272
0.289
0.289
0.283
0.317
0.317
0.280
0.306
0.306
0.305
0.303
0.303
0.295
0.305
0.305
0.301
0.272
0.272
0.287
0.276
0.276
0.304
0.292
0.292
0.279
0.276
0.276
0.277
0.296
0.289
0.289
0.288
0.288
0.309
0.288
0.304
0.297
0.306
0.295
0.295
0.283
0.300
0.302
0.309
0.309
0.304
0.289
0.335
0.328
0.320
0.320
0.260
0.239
0.239
0.286
0.318
0.317
0.317
0.321
0.340
0.305
0.323
0.345
0.345
0.332
0.355
0.353
0.353
0.353
0.343
0.365
0.341
0.355
0.348
0.344
0.352
0.359
0.352
0.352
0.381
0.369
0.348
0.357
0.357
0.344
0.355
0.356
0.380
0.315
0.348
0.348
0.365
0.365
0.334
0.362
0.361
0.361
0.329
0.329
0.318
0.314
0.330
0.306
0.287
0.279
0.279
0.283
0.282
0.282
0.293
0.251
0.231
0.234
0.234
0.201
0.208
0.218
0.224
0.217
0.203
0.203
0.229
0.229
0.232
0.237
0.233
0.233
0.224
0.212
0.195
0.221
0.231
0.231
* 0.256
0.255
0.223
0.259
0.288
0.288
0.292
0.283
0.279
0.250
0.289
0.289
0.250
0.234
0.259
0.259
0.281
0.281
0.268
0.267
0.267
0.289
0.260
0.272
0.251
0.311
0.311
0.290
0.260
0.260
0.272
0.285
0.295
0.320
0.285
0.320
0.320
0.285
0.315
0.310
0.312
0.312
0.301
0.286
0.293
0.293
0.268
0.268
0.284
0.301
0.280
0.280
0.288
0.261
0.279
0.275
0.275
0.268
0.272
0.295
0.281
0.280
0.280
0.289
0.296
0.296
0.259
0.280
0.289
0.280
0.287
0.287
0.287
0.259
0.259
0.268
0.243
0.246
0.271
0.303
0.303
0.306
0.317
0.317
0.257
0.287
0.274
0.274
0.284
0.284
0.289
0.272
0.272
0.267
0.280
0.286
0.286
0.287
0.275
0.288
0.311
0.290
0.290
0.277
0.267
0.286
0.287
0.287
0.296
0.298
0.292
0.242
0.257
0.285
0.295
0.291
0.270
0.270
0.260
0.286
0.273
0.286
0.286
0.316
0.283
0.264
0.264
0.282
0.297
0.297
0.278
0.278
0.264
0.238
0.247
0.272
0.260
0.268
0.268
0.267
0.267
0.281
0.278
0.277
0.261
0.256
0.259
0.259
0.230
0.230
0.255
0.284
0.239
0.292
0.256
0.264
0.264
0.264
0.264
0.246
0.252
0.255
0.276
0.260
0.255
0.255
0.268
0.268
0.276
0.292
0.251
0.267
0.229
0.248
0.248
0.264
0.264
0.250
0.239
0.255
0.226
0.264
0.256
0.256
0.236
0.260
0.243
0.246
0.231
0.231
0.263
0.232
0.232
0.235
* 0.266
0.247
0.260
0.259
0.259
0.255
0.279
0.259
0.275
0.283
0.283
0.278
0.296
0.296
0.282
0.287
0.270
0.279
0.275
0.275
0.268
0.256
0.256
0.260
0.272
0.236
0.255
0.267
0.267
0.260
0.283
0.252
0.282
0.274
0.290
0.252
0.260
0.260
0.288
0.281
0.281
0.287
0.297
0.297
0.291
0.270
0.254
0.267
0.259
0.259
0.282
0.264
0.251
0.271
0.255
0.255
0.263
0.272
0.270
0.286
0.300
0.316
0.308
0.300
0.300
0.318
0.297
0.297
0.302
0.295
0.295
0.312
0.282
0.300
0.234
0.230
0.242
0.268
0.293
0.292
0.292
0.301
0.272
0.275
0.306
0.276
0.282
0.308
0.267
0.275
0.286
0.263
0.267
0.254
0.262
0.259
0.263
0.263
0.281
0.281
0.277
0.276
0.287
0.287
0.289
0.318
0.295
0.307
0.283
0.283
0.278
0.251
0.263
0.263
0.272
0.271
0.255
0.267
0.267
0.259
0.248
0.276
0.267
0.283
0.283
0.283
0.267
0.268
0.255
0.280
0.280
0.276
0.299
0.268
0.268
0.280
0.280
0.272
0.263
0.247
0.247
0.268
0.272
0.259
0.267
0.283
0.244
0.235
0.238
0.217
* 0.246
0.243
0.284
0.280
0.279
0.251
0.272
0.248
0.248
0.255
0.234
0.234
0.276
0.296
0.296
0.279
0.250
0.250
0.289
0.289
0.259
0.266
0.251
0.243
0.242
0.242
0.259
0.267
0.258
0.255
0.260
0.272
0.251
0.259
0.300
0.300
0.256
0.262
0.262
0.250
0.242
0.235
0.233
0.238
0.238
0.226
0.234
0.234
0.238
0.225
0.238
* 0.265
0.264
0.233
0.264
0.247
0.265
0.250
0.247
0.261
0.272
0.274
0.273
0.267
0.277
0.272
0.259
0.255
0.247
0.255
0.252
0.231
0.234
0.247
0.247
0.246
0.281
0.281
0.272
0.251
0.251
0.238
0.264
0.246
0.246
0.218
0.238
0.224
* 0.256
0.256
0.261
0.256
0.301
0.255
0.290
0.290
0.267
0.255
0.255
0.282
0.264
0.264
0.272
0.224
0.224
0.251
0.257
0.229
0.227
0.255
0.217
0.230
0.238
* 0.244
0.217
0.222
0.221
0.234
0.201
0.201
0.186
* 0.244
0.239
0.239
0.199
0.199
0.169
* 0.247
0.294
0.294
0.263
0.263
0.247
0.243
0.259
0.259
0.243
0.243
0.238
0.227
0.236
0.236
* 0.255
0.255
0.292
0.284
0.263
0.263
0.287
0.287
0.309
0.318
0.288
0.288
0.259
0.267
0.243
0.264
0.264
0.243
0.243
0.239
0.243
0.251
0.251
0.230
0.259
0.288
0.296
0.312
0.312
0.300
0.292
0.278
0.278
0.296
0.296
0.289
0.268
0.251
0.251
0.254
0.262
0.247
0.251
0.217
0.222
0.221
0.233
0.234
* 0.242
0.231
0.242
0.237
0.229
0.238
* 0.255
0.255
0.259
0.233
0.263
0.263
0.252
0.214
0.214
0.233
* 0.246
0.246
0.213
0.268
0.268
0.277
0.259
0.238
0.250
0.217
0.227
0.233
0.211
0.208
* 0.242
0.221
0.255
0.200
0.220
0.220
* 0.259
0.229
0.229
0.228
0.225
0.225
0.231
* 0.254
0.243
0.243
0.254
0.255
0.226
0.233
0.233
* 0.243
0.217
0.226
0.225
0.200
0.200
* 0.242
0.246
0.244
0.254
0.206
0.206
0.228
0.234
0.234
0.229
* 0.243
0.243
0.238
0.289
0.289
0.303
0.303
0.298
0.285
0.286
0.291
0.285
0.285
0.285
0.265
0.281
0.306
0.310
0.310
0.290
0.288
0.283
0.281
0.310
0.310
0.292
0.297
0.280
0.291
0.300
0.259
0.279
0.280
0.269
0.275
0.256
0.290
0.288
0.273
0.285
0.272
0.291
0.298
0.311
0.285
0.272
0.289
0.289
0.264
0.250
0.250
0.245
0.271
0.271
0.289
0.259
0.251
0.296
0.297
0.289
0.320
0.298
0.288
0.260
0.204
0.308
0.278
0.288
0.303
0.280
0.284
0.266
0.295
0.289
0.297
0.280
0.289
0.289
0.284
0.295
0.285
0.289
0.309
0.284
0.300
0.260
0.268
0.273
0.283
0.256
0.282
0.274
0.274
0.293
0.251
0.251
0.250
0.247
0.247
0.260
0.238
0.238
0.264
0.264
0.264
0.273
0.287
0.287
0.277
0.278
0.285
0.281
0.277
0.281
0.265
0.269
0.268
0.274
0.251
0.262
0.281
0.247
0.247
0.228
0.273
0.270
0.270
0.255
0.255
0.264
0.255
0.224
0.224
0.256
0.243
0.241
0.259
0.259
0.260
0.274
0.264
0.238
0.242
0.242
0.242
0.257
0.290
0.252
0.265
0.265
0.265
0.283
0.286
0.255
0.283
0.283
0.246
0.275
0.260
0.264
0.281
0.281
0.286
0.259
0.251
0.251
0.268
0.265
0.237
0.247
0.273
0.251
0.274
0.227
0.251
0.256
0.219
0.251
0.260
0.279
0.237
0.227
0.255
0.264
0.246
0.237
0.214
0.179
0.237
0.237
0.217
* 0.243
0.243
0.265
0.265
0.247
0.247
0.246
0.263
0.246
0.246
0.246
0.228
0.269
0.259
0.259
0.259
0.242
0.250
0.251
0.251
0.230
0.246
0.255
0.229
0.246
0.246
0.238
0.273
0.273
0.259
0.286
0.286
0.290
0.272
0.281
0.277
0.269
0.277
0.271
0.247
0.245
0.256
0.237
0.234
0.252
0.259
0.224
0.246
0.247
0.247
0.238
0.242
0.242
0.263
0.256
0.256
0.256
0.246
0.274
0.228
0.246
0.250
0.256
0.256
0.237
0.237
0.252
0.243
0.260
0.261
0.256
0.252
0.225
0.242
0.251
0.260
0.260
0.246
0.255
0.255
0.251
0.274
0.274
0.261
0.255
0.234
0.247
0.242
0.250
0.229
0.187
0.216
0.206
0.219
0.220
0.228
0.220
0.220
0.238
0.219
0.228
0.219
0.219
0.219
* 0.247
0.246
0.246
0.246
0.269
0.269
0.277
0.286
0.281
0.281
0.281
0.294
0.272
0.254
0.254
0.247
0.247
0.260
0.289
0.290
0.290
0.277
0.289
0.272
0.290
0.263
0.263
0.267
0.295
0.272
0.277
0.300
0.300
0.251
0.285
0.264
0.260
0.243
0.264
0.288
0.198
0.204
0.207
0.237
* 0.247
0.298
0.292
0.282
0.255
0.303
0.303
0.281
0.268
0.273
0.273
0.300
0.270
0.270
0.287
0.287
0.264
0.246
0.234
0.265
0.264
0.264
0.246
0.285
0.242
0.265
0.268
0.268
0.260
0.264
0.237
0.237
0.247
0.247
0.242
0.274
0.260
0.260
0.281
0.291
0.254
0.280
0.294
0.281
0.280
0.256
0.263
0.264
0.250
0.277
0.260
0.255
0.273
0.278
0.252
0.252
0.246
0.246
0.246
0.246
0.272
0.272
0.285
0.276
0.282
0.281
0.290
0.296
0.284
0.272
0.300
0.281
0.286
0.277
0.289
0.242
0.269
0.268
0.270
0.269
0.256
0.286
0.286
0.264
0.277
0.281
0.281
0.261
0.261
0.267
0.255
0.255
0.242
0.273
0.281
0.242
0.254
0.254
0.251
0.277
0.263
0.250
0.248
0.248
0.252
0.247
0.247
0.276
0.263
0.263
0.237
0.250
0.251
0.283
0.242
0.242
0.255
0.213
0.238
0.220
* 0.246
0.246
0.238
0.242
0.251
0.251
0.242
0.246
0.211
0.230
0.226
* 0.286
0.285
0.283
0.277
0.256
0.251
0.242
0.256
0.255
0.273
0.296
0.274
0.264
0.281
0.281
0.268
0.269
0.247
0.247
0.250
0.221
0.221
0.218
0.213
0.221
0.237
0.237
0.213
0.208
0.217
0.218
0.203
0.203
0.227
* 0.249
0.222
0.259
0.279
0.279
0.258
0.259
0.260
0.262
0.253
0.253
0.261
0.256
0.283
0.283
0.288
0.264
0.264
0.285
0.288
0.267
0.279
0.266
0.288
0.276
0.262
0.270
0.272
0.252
0.242
0.271
0.253
0.247
0.254
0.249
0.280
0.252
0.252
0.252
0.253
0.239
0.239
0.248
0.264
0.264
0.252
0.251
0.232
0.240
0.246
0.266
0.303
0.264
0.284
0.282
0.238
0.254
0.256
0.260
0.257
0.240
0.277
0.277
0.252
0.234
0.234
0.256
0.255
0.255
0.259
0.234
0.234
0.240
0.268
0.252
0.248
0.235
0.268
0.277
0.240
0.272
0.312
0.283
0.265
0.261
0.242
0.242
0.234
0.239
0.259
0.239
0.249
0.249
0.257
0.242
0.244
0.244
0.257
0.243
0.245
0.269
0.269
0.251
0.245
0.241
0.248
0.264
0.264
0.267
0.275
0.280
0.282
0.273
0.273
0.263
0.277
0.277
0.272
0.278
0.282
0.268
0.276
0.273
0.267
0.250
0.250
0.240
0.234
0.250
0.250
0.251
0.280
0.233
0.269
0.274
0.251
0.244
0.227
0.250
0.223
0.214
0.228
0.213
0.186
0.194
* 0.243
0.222
0.201
0.221
0.197
0.225
0.227
0.215
0.208
0.205
0.188
0.194
0.201
0.221
0.221
0.204
0.200
0.200
0.188
0.188
0.199
0.183
0.188
0.186
0.179
0.179
0.188
0.174
0.192
0.194
0.191
0.191
0.180
0.177
0.203
0.177
0.178
0.178
0.214
0.191
0.189
0.192
0.178
0.178
0.191
0.194
0.208
0.209
0.196
0.196
0.218
0.205
0.194
0.194
0.192
0.180
0.204
0.178
0.185
0.199
0.186
0.182
0.185
0.208
0.218
0.215
0.194
0.186
0.187
0.196
0.195
0.229
0.215
0.199
0.199
0.206
0.209
0.209
0.218
0.210
0.210
0.225
0.210
0.208
0.187
0.179
0.195
0.218
0.190
0.213
0.222
0.234
0.208
0.217
0.205
0.202
0.185
0.214
0.190
0.220
0.210
0.222
0.198
0.193
0.213
0.218
0.219
0.211
0.226
0.213
0.213
0.202
0.218
0.218
0.222
0.217
0.217
0.202
0.198
0.209
0.183
0.212
0.202
0.198
0.168
0.190
0.182
0.192
0.204
0.204
0.201
0.173
0.192
0.221
0.190
0.195
0.201
0.201
0.211
0.209
0.208
0.208
0.193
0.193
0.186
0.188
0.188
0.191
0.199
0.221
0.209
0.200
0.200
0.230
0.206
0.217
0.217
0.204
0.202
0.202
0.230
0.205
0.205
* 0.242
0.230
0.242
0.242
0.233
0.222
0.227
0.226
* 0.255
0.242
0.226
0.229
0.234
0.234
0.238
0.236
0.213
0.213
0.229
0.229
0.226
0.221
0.221
0.196
0.234
0.234
0.217
0.202
0.202
0.211
0.217
0.216
0.212
0.233
0.233
0.208
0.226
0.203
0.203
0.207
0.208
0.183
0.190
0.204
0.200
0.221
0.208
0.209
0.213
0.201
0.229
0.230
0.199
0.238
0.212
0.213
0.200
0.208
0.191
0.179
0.200
0.200
0.199
0.215
0.191
0.193
0.179
0.185
0.185
0.214
0.231
* 0.251
0.231
0.227
0.227
0.227
0.239
0.239
0.228
0.225
0.225
0.209
0.224
0.234
0.239
0.234
0.238
0.239
0.221
* 0.247
0.234
0.233
0.234
0.233
0.212
0.231
0.219
0.226
0.214
0.221
0.226
0.226
0.227
0.213
0.213
0.209
0.238
0.238
0.220
0.217
0.209
0.209
0.238
* 0.264
0.234
0.214
0.192
0.202
0.218
0.218
0.214
0.210
0.210
* 0.250
0.234
0.230
0.229
0.234
0.234
0.238
0.238
0.225
0.225
0.235
* 0.248
0.247
0.231
0.242
0.242
0.230
0.236
0.256
0.242
0.239
0.243
0.258
0.235
0.238
0.259
0.255
0.258
0.234
0.234
0.251
0.251
0.259
0.259
0.267
0.277
0.260
0.218
0.218
0.232
0.230
* 0.254
0.267
0.291
0.291
0.271
0.263
0.255
0.235
0.249
0.249
0.259
0.270
0.261
0.277
0.274
0.279
0.268
0.266
0.247
0.271
0.254
0.243
0.277
0.263
0.264
0.247
0.251
0.269
0.275
0.216
0.252
0.239
0.236
0.260
0.232
0.252
0.247
0.237
0.255
0.247
0.267
0.246
0.230
0.207
0.267
0.259
0.312
0.300
0.295
0.295
0.280
0.304
0.304
0.304
0.308
0.308
0.304
0.272
0.272
0.255
0.298
0.280
0.268
0.276
0.268
0.299
0.279
0.305
0.307
0.292
0.302
0.319
0.322
0.296
0.307
0.295
0.295
0.271
0.267
0.267
0.303
0.291
0.289
0.282
0.296
0.288
0.284
0.290
0.313
0.287
0.277
0.277
0.252
0.267
0.267
0.292
0.277
0.277
0.277
0.291
0.291
0.316
0.301
0.289
0.285
0.281
0.281
0.295
0.281
0.281
0.293
0.314
0.314
0.332
0.301
0.297
0.305
0.305
0.270
0.277
0.292
0.273
0.272
0.272
0.259
0.284
0.284
0.290
0.296
0.296
0.277
0.308
0.308
0.293
0.313
0.310
0.301
0.308
0.324
0.294
0.316
0.290
0.326
0.318
0.279
0.279
0.285
0.259
0.219
0.213
0.224
* 0.303
0.288
0.288
0.246
0.262
0.281
0.304
0.301
0.301
0.277
0.301
0.301
0.302
0.307
0.307
0.302
0.262
0.292
0.292
0.267
0.255
0.278
0.291
0.266
0.257
0.309
0.309
0.295
0.301
0.258
0.258
0.300
0.302
0.302
0.284
0.287
0.287
0.297
0.283
0.298
0.300
0.300
0.306
0.276
0.255
0.233
0.239
0.239
* 0.240
0.258
0.240
0.270
0.250
0.250
0.213
0.207
0.201
0.239
* 0.265
0.292
0.292
0.281
0.298
0.298
0.281
0.302
0.302
0.298
0.276
0.276
0.277
0.254
0.254
0.244
0.274
0.283
0.282
0.289
0.304
0.279
0.285
0.289
0.314
0.293
0.293
0.282
0.305
0.305
0.310
0.278
0.289
0.285
0.315
0.295
0.293
0.305
0.312
0.302
0.285
0.277
0.291
0.280
0.275
0.286
0.274
0.254
0.296
0.298
0.286
0.287
0.296
0.296
0.276
0.279
0.279
0.301
0.289
0.289
0.258
0.265
0.265
0.277
0.303
0.276
0.257
0.246
0.273
0.273
0.254
0.271
0.254
0.232
0.239
0.236
0.225
0.225
0.221
* 0.243
0.228
0.220
0.228
0.228
0.220
0.203
0.219
0.219
0.196
0.196
0.220
0.200
0.200
0.228
0.212
0.228
0.218
0.220
0.220
0.192
* 0.252
0.202
0.202
0.211
0.213
0.213
* 0.255
0.231
0.231
0.215
0.237
0.237
0.227
0.212
0.212
0.230
0.208
0.208
0.208
0.208
0.212
0.185
0.185
0.201
0.206
0.206
0.189
0.203
0.203
0.230
0.206
0.206
0.227
0.240
0.240
* 0.243
0.260
0.260
0.264
0.264
0.281
0.290
0.290
0.284
0.284
0.188
0.249
0.249
0.281
0.274
0.274
0.287
0.287
0.269
0.265
0.265
0.255
0.260
0.260
0.291
0.291
0.265
0.286
0.286
0.270
0.286
0.286
0.259
0.259
0.259
0.247
0.295
0.243
0.267
0.267
0.235
0.235
0.244
0.282
0.282
0.277
0.280
0.243
0.268
0.268
0.284
0.277
0.277
0.267
0.273
0.259
0.275
0.275
0.269
0.267
0.274
0.275
0.277
0.277
0.261
0.280
0.311
0.278
0.307
0.307
0.268
0.290
0.267
0.264
0.280
0.280
0.289
0.284
0.251
0.251
0.251
0.256
0.271
0.271
0.256
0.275
0.294
0.294
0.298
0.295
0.307
0.321
0.321
0.284
0.306
0.312
0.290
0.285
0.285
0.279
0.295
0.290
0.287
0.287
0.287
0.288
0.287
0.282
0.275
0.296
0.296
0.296
0.301
0.295
0.305
0.283
0.283
0.291
0.294
0.287
0.284
0.294
0.294
0.288
0.288
0.306
0.313
0.278
0.278
0.247
0.247
0.224
0.184
0.189
0.193
* 0.276
0.276
0.257
0.254
0.268
0.273
0.261
0.261
0.250
0.273
0.273
0.263
0.285
0.268
0.267
0.263
0.263
0.331
0.300
0.300
0.296
0.319
0.319
0.327
0.292
0.326
0.304
0.332
0.302
0.302
0.337
0.324
0.364
0.317
0.298
0.298
0.311
0.311
0.303
0.301
0.342
0.342
0.326
0.326
0.327
0.321
0.316
0.316
0.308
0.281
0.281
0.326
0.321
0.321
0.338
0.318
0.318
0.296
0.296
0.313
0.293
0.284
0.284
0.280
0.280
0.334
0.371
0.371
0.360
0.346
0.346
0.353
0.304
0.304
0.345
0.333
0.333
0.371
0.371
0.337
0.328
0.328
0.299
0.270
0.270
0.304
0.332
0.332
0.343
0.343
0.334
0.366
0.366
0.343
0.349
0.355
0.355
0.381
0.381
0.357
0.353
0.353
0.364
0.370
0.370
0.360
0.367
0.367
0.352
0.385
0.385
0.404
0.404
0.356
0.356
0.356
0.373
0.366
0.366
0.356
0.364
0.364
0.330
0.364
0.364
0.363
0.363
0.354
0.349
0.349
0.349
0.356
0.324
0.324
0.317
0.339
0.339
0.289
0.289
0.317
0.320
0.320
0.310
0.310
0.349
0.349
0.353
0.322
0.322
0.325
0.295
0.295
0.293
0.312
0.312
0.200
0.237
0.237
* 0.266
0.266
0.285
0.265
0.265
0.288
0.286
0.286
0.312
0.297
0.297
0.292
0.301
0.301
0.310
0.288
0.292
0.265
0.265
0.276
0.277
0.277
0.278
0.299
0.299
0.286
0.287
0.287
0.269
0.277
0.277
0.277
0.268
0.268
0.280
0.263
0.263
0.252
0.268
0.268
0.269
0.264
0.264
0.251
0.261
0.261
0.258
0.260
0.260
0.264
0.264
0.248
0.257
0.264
0.242
0.293
0.293
0.282
0.282
0.262
0.262
0.272
0.288
0.288
0.286
0.286
0.281
0.281
0.277
0.263
0.263
0.263
0.263
0.238
0.260
0.260
0.267
0.243
0.249
0.247
0.247
0.244
0.244
0.268
0.268
0.264
0.268
0.246
0.259
0.259
0.289
0.289
0.257
0.257
0.252
0.316
0.316
0.324
0.324
0.294
0.294
0.288
0.290
0.241
0.241
0.216
0.227
0.232
0.232
* 0.248
0.255
0.255
0.252
0.292
0.275
0.275
0.301
0.301
0.303
0.274
0.274
0.288
0.288
0.280
0.280
0.254
0.254
0.288
0.259
0.300
0.300
0.300
0.291
0.280
0.291
0.291
0.275
0.275
0.291
0.302
0.282
0.282
0.251
0.243
0.243
0.235
0.235
0.223
0.223
* 0.243
0.243
0.232
0.230
0.230
0.228
0.232
0.232
0.232
* 0.240
0.240
0.274
0.240
0.271
0.271
0.281
0.285
0.286
0.287
0.287
0.313
0.313
0.327
0.327
0.288
0.288
0.285
0.308
0.308
0.295
0.295
0.284
0.286
0.286
0.286
0.295
0.287
0.287
0.276
0.292
0.292
0.287
0.287
0.287
0.289
0.286
0.287
0.287
0.283
0.283
0.295
0.279
0.279
0.275
0.275
0.267
0.267
0.266
0.251
0.251
0.259
0.259
0.276
0.276
0.274
0.277
0.277
0.284
0.284
0.289
0.289
0.301
0.287
0.287
0.310
0.310
0.255
0.234
0.234
0.243
0.243
0.242
0.242
0.272
0.291
0.291
0.305
0.305
0.309
0.309
0.284
0.291
0.291
0.314
0.315
0.315
0.247
0.247
0.259
0.259
0.235
0.251
0.251
0.240
0.240
0.240
0.240
0.235
* 0.247
0.247
0.222
