0.291
0.289
0.298
0.300
0.297
0.294
0.323
0.290
0.291
0.284
0.353
0.264
0.266
0.268
0.282
0.329
0.266
0.301
0.301
0.285
0.320
0.249
0.257
0.263
0.275
0.271
0.299
0.269
0.301
0.311
0.262
0.246
0.266
0.285
0.292
0.304
0.291
0.329
0.329
0.279
0.305
0.305
0.305
0.307
0.307
0.283
0.295
0.281
0.304
0.270
0.288
0.298
0.320
0.243
0.305
0.284
0.273
0.261
0.282
0.264
0.284
0.260
0.265
0.272
0.274
0.274
0.245
0.289
0.302
0.237
0.225
0.173
0.231
* 0.245
0.211
0.256
0.258
0.295
0.254
0.284
0.276
0.296
0.324
0.289
0.293
0.283
0.306
0.229
0.302
0.310
0.294
0.283
0.271
0.262
0.272
0.272
0.259
0.286
0.255
0.259
0.239
0.272
0.323
0.267
0.263
0.281
0.245
0.214
0.219
0.243
0.306
0.230
0.220
0.217
* 0.249
0.213
0.215
0.199
0.224
* 0.241
0.231
0.291
0.290
0.304
0.282
0.298
0.296
0.271
0.282
0.259
0.293
0.271
0.267
0.273
0.286
0.297
0.299
0.271
0.258
0.219
0.279
0.290
0.282
0.267
0.276
0.305
0.272
0.312
0.273
0.273
0.282
0.262
0.287
0.277
0.265
0.262
0.283
0.274
0.272
0.333
0.312
0.263
0.295
0.278
0.255
0.274
0.231
0.219
0.217
0.232
0.235
0.214
0.201
0.210
0.210
0.227
0.205
0.212
0.224
0.216
0.233
0.217
0.222
* 0.241
0.226
0.225
0.252
0.258
0.212
0.198
0.214
* 0.242
0.223
0.249
0.272
0.261
0.241
0.223
0.236
0.241
0.248
0.258
0.266
0.293
0.243
0.281
0.259
0.276
0.233
0.273
0.226
0.232
0.216
0.229
0.213
0.230
0.236
0.217
0.209
0.234
0.225
* 0.254
0.275
0.250
0.248
0.223
0.273
0.252
0.262
0.240
0.251
0.257
0.250
0.241
0.260
0.250
0.245
0.255
0.258
0.288
0.290
0.271
0.297
0.282
0.249
0.248
0.282
0.292
0.295
0.270
0.275
0.273
0.252
0.268
0.282
0.299
0.262
0.277
0.277
0.275
0.244
0.281
0.271
0.252
0.240
0.246
0.237
0.226
0.252
0.244
0.237
0.235
0.262
0.250
0.245
0.263
0.267
0.253
0.262
0.243
0.248
0.248
0.201
0.230
0.254
0.243
0.237
0.270
0.282
0.254
0.272
0.239
0.229
0.262
0.264
0.258
0.259
0.265
0.258
0.287
0.258
0.258
0.277
0.293
0.278
0.265
0.250
0.262
0.278
0.258
0.265
0.269
0.265
0.271
0.266
0.269
0.273
0.284
0.259
0.275
0.281
0.274
0.288
0.284
0.247
0.280
0.280
0.288
0.269
0.263
0.247
0.255
0.262
0.250
0.255
0.273
0.278
0.278
0.270
0.262
0.273
0.269
0.301
0.301
0.286
0.291
0.295
0.266
0.304
0.296
0.296
0.284
0.296
0.303
0.286
0.280
0.324
0.278
0.306
0.285
0.292
0.269
0.302
0.314
0.281
0.290
0.265
0.274
0.288
0.299
0.275
0.263
0.300
0.291
0.273
0.273
0.254
0.273
0.274
0.245
0.262
0.274
0.265
0.261
0.241
0.252
0.225
0.251
0.247
0.249
0.222
0.248
0.235
0.238
0.218
0.225
0.227
0.230
0.225
0.214
* 0.243
0.247
0.263
0.250
0.225
0.229
0.215
0.216
* 0.241
0.220
0.239
0.203
0.235
0.220
* 0.244
0.220
0.218
0.214
* 0.241
0.210
0.205
0.192
0.236
* 0.255
0.264
0.286
0.287
0.300
0.304
0.273
0.307
0.309
0.324
0.295
0.265
0.293
0.255
0.272
0.299
0.271
0.258
0.262
0.235
0.218
0.218
* 0.246
0.211
0.214
0.233
0.218
0.210
0.215
0.231
* 0.242
0.223
0.191
0.210
0.227
0.191
0.216
0.233
0.231
0.231
0.195
0.212
0.227
0.206
* 0.248
0.215
0.236
0.233
0.190
0.217
0.229
0.207
0.174
0.194
0.190
0.220
0.231
* 0.248
0.219
0.216
0.237
0.215
0.198
0.212
0.231
* 0.244
0.237
0.200
0.247
0.240
0.189
0.211
0.224
0.194
0.195
0.217
0.216
0.209
0.236
0.239
0.224
0.213
0.223
0.237
0.238
* 0.257
0.241
0.244
0.288
0.296
0.286
0.236
0.240
0.265
0.262
0.271
0.269
0.237
0.278
0.255
0.263
0.259
0.238
0.272
0.259
0.240
0.260
0.244
0.252
0.255
0.243
0.229
0.215
0.206
0.219
0.212
0.215
0.213
0.219
0.216
0.211
0.211
* 0.243
0.226
0.216
0.216
0.197
0.187
0.202
0.180
0.200
0.186
0.209
0.227
0.207
0.213
0.204
0.198
0.198
0.191
0.199
0.219
0.201
0.199
0.201
0.236
* 0.244
0.263
0.172
0.191
0.178
0.171
0.188
0.156
0.163
0.170
0.185
0.180
0.185
0.221
0.202
0.199
0.191
0.188
0.178
0.191
0.211
0.185
0.188
0.163
0.188
0.188
0.195
0.203
0.168
0.201
0.161
0.185
0.166
0.192
0.240
0.222
0.201
0.206
0.206
0.195
0.222
0.208
0.194
0.195
0.216
0.223
0.211
* 0.249
0.227
0.197
0.224
0.200
0.223
0.238
0.234
0.233
0.219
0.230
* 0.240
0.230
0.238
0.229
0.226
0.226
0.224
0.231
0.220
* 0.240
0.218
0.216
0.210
0.212
0.190
0.231
* 0.249
0.259
0.220
0.222
0.224
0.224
0.207
0.211
0.213
0.216
* 0.263
0.223
0.236
0.223
0.220
0.232
* 0.248
0.208
0.248
0.266
0.184
0.249
0.272
0.276
0.297
0.258
0.287
0.300
0.299
0.283
0.273
0.280
0.269
0.290
0.290
0.320
0.282
0.286
0.276
0.288
0.269
0.287
0.297
0.298
0.273
0.296
0.278
0.280
0.260
0.273
0.300
0.273
0.311
0.294
0.321
0.310
0.277
0.297
0.269
0.303
0.292
0.300
0.292
0.283
0.303
0.296
0.289
0.299
0.289
0.299
0.308
0.284
0.296
0.284
0.277
0.307
0.296
0.285
0.281
0.311
0.291
0.271
0.293
0.321
0.282
0.278
0.285
0.270
0.269
0.273
0.274
0.280
0.261
0.270
0.256
0.315
0.295
0.285
0.302
0.317
0.312
0.280
0.328
0.288
0.302
0.280
0.299
0.302
0.305
0.290
0.314
0.305
0.315
0.297
0.307
0.291
0.291
0.312
0.290
0.284
0.277
0.297
0.258
0.258
0.281
0.332
0.313
0.310
0.308
0.298
0.297
0.301
0.290
0.296
0.290
0.288
0.306
0.292
0.286
0.323
0.320
0.317
0.294
0.294
0.290
0.319
0.287
0.328
0.294
0.316
0.314
0.291
0.248
0.285
0.305
0.304
0.303
0.307
0.297
0.305
0.301
0.295
0.329
0.307
0.276
0.280
0.291
0.261
0.300
0.299
0.277
0.283
0.299
0.303
0.298
0.301
0.267
0.293
0.279
0.278
0.278
0.305
0.287
0.289
0.271
0.271
0.251
0.254
0.272
0.270
0.263
0.255
0.266
0.276
0.254
0.277
0.271
0.277
0.286
0.303
0.298
0.287
0.274
0.286
0.278
0.302
0.298
0.247
0.279
0.287
0.309
0.280
0.286
0.290
0.263
0.262
0.255
0.270
0.278
0.287
0.262
0.262
0.282
0.254
0.263
0.262
0.266
0.269
0.270
0.262
0.259
0.298
0.281
0.276
0.262
0.262
0.266
0.263
0.286
0.255
0.263
0.232
0.201
0.235
0.218
0.227
0.209
0.217
0.219
0.201
0.210
0.227
0.198
0.195
0.206
0.209
0.226
0.224
0.232
0.223
0.225
0.233
0.218
0.229
0.225
0.207
* 0.252
0.196
0.224
0.205
0.222
* 0.241
0.236
0.228
0.224
0.226
0.222
0.222
* 0.244
0.265
0.226
0.233
0.237
0.222
* 0.240
0.239
0.244
0.234
0.238
0.233
* 0.259
0.240
0.246
0.215
0.223
0.234
* 0.252
0.230
0.225
0.243
0.222
0.234
0.244
0.251
0.249
0.248
0.225
0.237
0.231
0.237
0.238
0.235
* 0.252
0.245
0.237
0.254
0.238
0.244
0.249
0.234
0.247
0.239
0.238
0.246
0.233
0.236
0.254
0.220
0.213
0.209
0.236
* 0.247
0.234
0.230
0.222
0.234
0.226
0.226
* 0.241
0.205
0.226
0.241
0.227
0.221
0.221
0.228
0.217
* 0.248
0.228
0.239
0.243
0.246
0.252
0.277
0.269
0.252
0.302
0.267
0.270
0.266
0.246
0.266
0.251
0.251
0.244
0.246
0.252
0.258
0.273
0.277
0.267
0.265
0.275
0.281
0.285
0.298
0.289
0.298
0.326
0.298
0.319
0.278
0.304
0.301
0.274
0.306
0.296
0.297
0.243
0.277
0.293
0.290
0.293
0.254
0.264
0.272
0.241
0.261
0.264
0.240
0.262
0.269
0.280
0.255
0.243
0.266
0.262
0.280
0.259
0.251
0.243
0.244
0.244
0.255
0.254
0.274
0.261
0.255
0.247
0.262
0.247
0.258
0.278
0.252
0.293
0.269
0.304
0.326
0.292
0.306
0.317
0.324
0.280
0.276
0.302
0.320
0.287
0.287
0.278
0.287
0.296
0.255
0.258
0.298
0.274
0.274
0.267
0.293
0.293
0.256
0.254
0.247
0.247
0.214
0.218
0.214
0.206
0.206
0.210
0.194
0.205
* 0.259
0.251
0.267
0.200
0.230
0.243
0.247
0.227
0.255
0.259
0.277
0.251
0.281
0.278
0.279
0.274
0.287
0.281
0.297
0.287
0.287
0.315
0.281
0.290
0.290
0.271
0.330
0.304
0.309
0.304
0.291
0.278
0.277
0.270
0.262
0.290
0.302
0.277
0.300
0.270
0.284
0.300
0.296
0.307
0.300
0.314
0.286
0.288
0.326
0.321
0.282
0.297
0.320
0.292
0.278
0.269
0.213
0.269
0.273
0.286
0.270
0.307
0.275
0.269
0.295
0.298
0.293
0.277
0.273
0.276
0.262
0.258
0.259
0.273
0.250
0.277
0.281
0.265
0.261
0.237
0.328
0.314
0.258
0.252
0.266
0.284
0.270
0.278
0.278
0.267
0.290
0.274
0.283
0.237
0.290
0.251
0.274
0.270
0.282
0.283
0.262
0.238
0.293
0.280
0.268
0.265
0.266
0.282
0.262
0.273
0.286
0.274
0.258
0.255
0.258
0.254
0.256
0.247
0.252
0.248
0.267
0.254
0.258
0.252
0.244
0.236
0.244
0.244
0.239
0.225
0.273
0.269
0.259
0.283
0.286
0.271
0.256
0.246
0.162
0.219
0.179
0.207
0.209
* 0.255
0.255
0.252
0.266
0.272
0.272
0.247
0.268
0.284
0.248
0.267
0.284
0.248
0.282
0.240
0.251
0.290
0.289
0.268
0.282
0.288
0.309
0.272
0.231
0.280
0.260
0.296
0.287
0.243
0.243
0.231
0.219
0.235
* 0.247
0.272
0.240
0.259
0.268
0.278
0.284
0.299
0.275
0.305
0.313
0.263
0.312
0.296
0.289
0.296
0.259
0.279
0.259
0.260
0.244
0.251
0.236
0.240
0.246
0.211
0.239
0.251
0.274
0.255
0.255
0.229
0.236
0.236
* 0.270
0.247
0.247
0.222
0.240
0.237
0.210
0.214
0.217
0.222
0.209
0.226
0.226
0.205
0.221
0.218
0.232
0.213
0.209
0.210
0.183
0.192
0.203
0.204
0.206
0.227
0.198
0.202
0.205
0.201
0.201
* 0.251
0.268
0.267
0.322
0.302
0.320
0.296
0.306
0.293
0.296
0.326
0.321
0.280
0.255
0.287
0.264
0.251
0.254
0.259
0.252
0.250
0.210
0.194
0.219
0.210
0.220
0.217
0.202
0.202
0.212
0.208
0.196
0.237
0.223
0.220
0.216
0.229
0.221
0.229
* 0.255
0.254
0.210
0.212
0.241
0.243
0.230
0.266
0.263
0.289
0.304
0.292
0.297
0.249
0.251
0.260
0.291
0.303
0.283
0.335
0.272
0.287
0.279
0.275
0.265
0.266
0.258
0.281
0.297
0.310
0.307
0.314
0.299
0.270
0.287
0.274
0.290
0.301
0.264
0.287
0.284
0.286
0.263
0.278
0.277
0.258
0.239
0.261
0.241
0.247
0.232
0.235
0.259
0.254
0.215
0.227
0.196
0.218
0.218
0.201
0.228
0.199
0.209
0.234
0.216
0.207
0.212
0.214
0.207
0.196
0.220
0.207
0.204
0.210
0.220
0.226
0.227
0.222
0.214
0.222
0.226
0.214
0.219
0.221
0.235
0.198
0.207
0.204
0.200
0.195
0.227
0.228
0.221
0.211
0.204
0.213
0.207
0.203
0.222
0.217
0.224
0.226
0.237
* 0.240
0.209
0.221
0.232
0.239
0.224
0.230
0.210
0.226
* 0.262
0.251
0.252
0.209
0.226
0.207
0.210
0.142
0.222
* 0.262
0.251
0.255
0.255
0.283
0.274
0.264
0.290
0.262
0.259
0.226
0.246
0.217
0.234
0.230
0.210
0.233
* 0.280
0.247
0.264
0.269
0.276
0.260
0.259
0.264
0.280
0.259
0.287
0.287
0.298
0.284
0.303
0.283
0.291
0.234
0.238
0.264
0.239
0.266
0.275
0.295
0.295
0.288
0.288
0.260
0.268
0.268
0.277
0.246
0.264
0.283
0.297
0.321
0.288
0.323
0.297
0.296
0.318
0.323
0.320
0.308
0.314
0.288
0.313
0.295
0.312
0.309
0.335
0.301
0.291
0.326
0.326
0.280
0.292
0.314
0.312
0.317
0.301
0.325
0.301
0.300
0.276
0.291
0.279
0.309
0.291
0.280
0.300
0.291
0.296
0.305
0.276
0.280
0.301
0.300
0.301
0.298
0.309
0.296
0.329
0.290
0.323
0.304
0.301
0.309
0.272
0.297
0.289
0.278
0.293
0.288
0.318
0.251
0.283
0.313
0.313
0.310
0.309
0.310
0.321
0.321
0.313
0.313
0.281
0.286
0.271
0.280
0.290
0.304
0.299
0.300
0.337
0.316
0.316
0.316
0.286
0.295
0.320
0.221
0.187
0.286
0.291
0.312
0.279
0.279
0.283
0.291
0.247
0.160
0.263
0.272
0.255
0.262
0.251
0.223
0.226
0.245
0.271
0.183
0.168
0.231
* 0.255
0.238
0.254
0.268
0.252
0.282
0.267
0.265
0.265
0.199
0.265
0.266
0.278
0.264
0.250
0.255
0.255
0.289
0.205
0.238
0.247
0.258
0.259
0.230
0.250
0.250
0.247
0.268
0.258
0.243
0.271
0.272
0.264
0.264
0.248
0.248
0.186
0.247
0.269
0.268
0.272
0.285
0.285
0.281
0.259
0.225
0.267
0.267
0.276
0.276
0.263
0.246
0.250
0.260
0.269
0.259
0.255
0.283
0.246
0.280
0.280
0.272
0.291
0.273
0.273
0.254
0.275
0.222
0.255
0.255
0.303
0.303
0.251
0.271
0.258
0.271
0.255
0.256
0.255
0.237
0.247
0.272
0.259
0.251
0.256
0.285
0.263
0.237
0.237
0.270
0.276
0.285
0.245
0.245
0.258
0.251
0.282
0.269
0.259
0.253
0.268
0.260
0.242
0.275
0.242
0.267
0.267
0.276
0.250
0.250
0.247
0.243
0.255
0.263
0.239
0.274
0.254
0.237
0.274
0.235
0.266
0.242
0.263
0.248
0.242
0.259
0.274
0.299
0.276
0.294
0.255
0.269
0.273
0.270
0.262
0.258
0.229
0.287
0.277
0.239
0.229
0.229
0.238
* 0.263
0.256
0.260
0.225
0.208
0.193
0.190
0.213
0.202
0.196
0.226
0.226
0.226
0.223
0.197
0.205
0.205
0.183
0.204
0.198
0.201
0.188
0.218
0.202
0.222
0.216
0.209
0.212
0.218
0.220
0.223
0.231
0.233
0.234
0.230
* 0.242
0.240
0.237
0.217
0.233
* 0.241
0.251
0.233
0.245
0.261
0.244
0.272
0.248
0.274
0.259
0.248
0.248
0.241
0.248
0.252
0.220
0.249
0.242
0.256
0.234
0.235
0.234
* 0.256
0.242
0.222
0.211
0.233
0.223
0.196
0.203
0.214
0.218
0.219
0.221
0.197
0.222
0.205
0.170
0.206
0.236
0.235
* 0.265
0.295
0.251
0.272
0.226
0.250
0.227
0.205
0.236
0.226
0.226
0.231
* 0.265
0.256
0.167
0.284
0.270
0.261
0.271
0.280
0.305
0.291
0.298
0.277
0.266
0.269
0.232
0.243
0.202
0.166
0.243
0.247
0.234
0.226
0.263
0.247
0.289
0.259
0.250
0.231
0.211
0.223
0.218
0.150
0.218
0.230
0.231
0.230
0.214
0.210
0.223
* 0.243
0.218
0.254
0.223
0.203
0.218
0.222
0.219
0.239
0.207
0.198
0.176
0.218
0.222
0.181
0.200
0.137
0.203
0.216
0.182
0.204
0.192
0.217
0.225
0.208
0.213
0.228
0.215
0.227
0.138
0.224
0.223
0.208
0.214
0.225
0.187
0.194
0.214
0.208
0.221
0.233
* 0.278
0.281
0.286
0.292
0.289
0.266
0.269
0.259
0.268
0.250
0.247
0.287
0.259
0.266
0.266
0.240
0.260
0.250
0.271
0.262
0.278
0.259
0.271
0.215
0.220
0.224
* 0.274
0.217
0.172
0.239
* 0.265
0.250
0.247
0.251
0.231
0.240
0.246
0.257
0.225
0.285
0.235
0.232
0.247
0.239
0.231
0.232
* 0.258
0.261
0.258
0.255
0.239
0.235
0.239
* 0.273
0.265
0.224
0.235
0.258
0.209
0.222
0.221
0.240
0.203
0.240
0.230
0.232
0.236
* 0.243
0.258
0.276
0.213
0.272
0.259
0.258
0.245
0.245
0.207
0.198
0.197
0.212
0.216
0.214
0.209
0.203
0.201
0.167
0.180
0.200
0.202
0.183
0.203
0.175
* 0.251
0.198
0.199
0.229
0.201
0.198
* 0.247
0.218
0.197
0.144
0.223
* 0.243
0.229
0.237
0.247
0.192
0.240
0.235
0.238
0.209
0.224
* 0.247
0.251
0.273
0.262
0.276
0.287
0.279
0.279
0.275
0.264
0.267
0.240
0.256
0.252
0.245
0.236
0.240
0.235
* 0.252
0.243
0.260
0.255
0.264
0.271
0.258
0.230
0.247
0.291
0.257
0.222
0.222
0.266
0.293
0.281
0.270
0.259
0.274
0.236
0.259
0.254
0.270
0.232
0.247
0.266
0.251
0.263
0.262
0.259
0.269
0.274
0.255
0.270
0.277
0.263
0.258
0.266
0.278
0.282
0.251
0.222
0.222
0.288
0.270
0.265
0.273
0.284
0.231
0.268
0.235
0.315
0.284
0.305
0.278
0.331
0.327
0.282
0.304
0.303
0.269
0.276
0.294
0.300
0.276
0.262
0.287
0.263
0.277
0.285
0.273
0.271
0.294
0.277
0.274
0.248
0.258
0.267
0.266
0.266
0.271
0.251
0.259
0.259
0.282
0.244
0.247
0.251
0.250
0.237
0.282
0.259
0.235
0.267
0.263
0.248
0.248
0.232
0.263
0.255
0.233
0.255
0.259
0.241
0.256
0.253
0.243
0.233
0.270
0.250
0.273
0.244
0.263
0.248
0.260
0.260
0.263
0.251
0.240
0.237
0.256
0.259
0.233
0.247
0.254
0.268
0.248
0.248
0.280
0.279
0.261
0.265
0.256
0.270
0.259
0.269
0.244
0.273
0.237
0.233
0.237
0.212
* 0.252
0.217
0.237
0.249
0.257
0.260
0.252
0.267
0.234
0.229
0.196
* 0.244
0.237
0.236
0.220
* 0.240
0.243
0.240
0.240
0.259
0.274
0.274
0.290
0.270
0.269
0.264
0.270
0.271
0.278
0.290
0.291
0.247
0.247
0.251
0.279
0.274
0.267
0.168
0.259
0.248
0.243
0.259
0.239
0.270
0.239
0.264
0.259
0.222
0.247
0.243
0.262
0.243
0.233
0.203
0.250
0.252
0.274
0.215
0.258
0.209
0.244
0.247
0.244
0.262
0.233
0.243
0.223
0.248
0.220
0.219
0.221
0.201
0.195
0.223
0.170
0.182
0.170
0.192
0.200
0.173
0.216
0.185
0.183
0.173
0.174
0.189
0.206
0.229
0.218
0.217
0.189
0.219
0.200
0.201
0.188
0.174
0.158
0.147
0.166
0.208
0.161
0.196
0.181
0.189
0.208
0.191
0.188
0.199
0.213
0.178
0.211
0.196
0.209
0.193
0.175
0.188
0.201
0.205
0.191
0.189
0.214
0.225
0.214
0.200
0.189
0.224
0.209
0.190
0.216
0.240
0.217
0.233
0.221
0.232
0.240
* 0.243
0.230
0.204
0.246
0.244
0.236
0.244
0.259
0.267
0.255
0.213
0.235
0.223
0.228
0.217
0.209
0.199
0.230
0.233
0.226
* 0.244
0.220
0.197
0.180
0.222
0.217
0.216
0.233
0.230
0.205
0.160
0.165
0.146
0.172
0.150
0.154
0.160
0.153
0.183
0.193
0.207
0.177
0.208
0.209
0.210
0.203
0.193
0.210
0.199
0.198
0.205
0.207
0.213
0.214
0.202
0.215
0.211
0.202
0.218
0.210
0.202
0.206
0.205
0.195
0.204
0.204
0.206
0.222
0.229
0.236
0.222
0.224
0.221
0.220
0.227
0.202
0.221
0.181
0.187
0.206
0.194
0.208
0.199
* 0.242
0.208
0.188
0.196
0.203
0.190
0.203
0.188
0.192
0.196
0.201
0.203
0.175
0.185
0.189
0.195
0.199
0.174
0.207
0.195
0.208
0.182
0.174
0.170
0.205
0.205
0.164
0.137
0.213
* 0.276
0.222
0.215
0.251
0.214
0.214
0.220
0.172
0.219
* 0.243
0.272
0.242
0.264
0.181
0.264
0.250
0.263
0.231
0.254
0.260
0.259
0.240
0.251
0.263
0.259
0.238
0.259
0.271
0.278
0.288
0.302
0.287
0.276
0.295
0.272
0.255
0.269
0.219
0.225
0.241
0.253
0.240
0.245
0.272
0.221
0.221
0.219
0.235
0.232
0.228
0.230
* 0.275
0.314
0.208
0.251
0.266
0.266
0.306
0.306
0.215
0.278
0.278
0.278
0.260
0.260
0.278
0.277
0.277
0.285
0.269
0.264
0.264
0.276
0.276
0.276
0.276
0.264
0.272
0.289
0.290
0.267
0.278
0.272
0.267
0.250
0.237
0.183
0.198
0.237
* 0.272
0.276
0.267
0.285
0.269
0.285
0.290
0.285
0.284
0.277
0.285
0.267
0.267
0.267
0.259
0.296
0.281
0.281
0.275
0.271
0.266
0.258
0.305
0.273
0.224
0.236
0.277
0.297
0.265
0.258
0.258
0.258
0.252
0.191
0.209
0.216
* 0.282
0.282
0.277
0.259
0.241
0.204
0.224
0.255
0.271
0.274
0.260
0.292
0.288
0.264
0.264
0.264
0.260
0.260
0.210
0.210
0.277
0.277
0.290
0.290
0.273
0.273
0.221
0.234
0.263
0.259
0.259
0.290
0.262
0.202
0.243
0.280
0.300
0.267
0.282
0.291
0.267
0.279
0.279
0.279
0.283
0.283
0.289
0.289
0.198
0.198
0.269
0.279
0.291
0.291
0.280
0.280
0.293
0.293
0.263
0.280
0.272
0.272
0.287
0.235
0.222
0.222
* 0.276
0.287
0.296
0.274
0.276
0.276
0.292
0.268
0.297
0.297
0.281
0.255
0.245
0.245
0.273
0.273
0.258
0.267
0.276
0.296
0.276
0.284
0.296
0.247
0.225
0.225
0.261
0.265
0.288
0.271
0.271
0.277
0.267
0.279
0.279
0.286
0.271
0.202
0.239
0.276
0.276
0.276
0.276
0.275
0.275
0.276
0.281
0.231
0.240
0.266
0.288
0.281
0.290
0.273
0.273
0.280
0.288
0.284
0.271
0.193
0.196
0.267
0.287
0.285
0.285
0.266
0.266
0.292
0.292
0.204
0.204
0.210
0.210
* 0.289
0.289
0.282
0.267
0.326
0.293
0.296
0.274
0.230
0.279
0.278
0.281
0.281
0.281
0.293
0.293
0.293
0.249
0.190
0.232
0.262
0.296
0.288
0.281
0.259
0.239
0.221
0.258
0.287
0.285
0.279
0.187
0.187
0.187
* 0.276
0.238
0.232
0.261
0.291
0.271
0.271
0.198
0.250
0.250
0.294
0.213
0.260
0.226
0.255
0.289
0.289
0.207
0.230
0.290
0.290
0.324
0.324
0.297
0.295
0.244
0.244
0.215
0.215
0.274
0.274
0.287
0.246
0.214
0.279
0.292
0.292
0.234
0.236
0.288
0.288
0.278
0.276
0.277
0.256
0.197
0.197
0.288
0.276
0.289
0.298
0.298
0.283
0.261
0.252
0.252
0.221
0.252
0.265
0.288
0.272
0.253
0.276
0.260
0.263
0.278
0.273
0.295
0.296
0.259
0.272
0.287
0.274
0.278
0.260
0.260
0.262
0.262
0.201
0.201
0.227
* 0.243
0.250
0.256
0.248
0.275
0.267
0.273
0.290
0.264
0.290
0.296
0.297
0.275
0.296
0.334
0.334
0.200
0.200
0.305
0.305
0.296
0.300
0.265
0.305
0.285
0.297
0.276
0.305
0.268
0.301
0.305
0.318
0.348
0.330
0.330
0.311
0.320
0.339
0.321
0.346
0.329
0.338
0.338
0.333
0.350
0.325
0.310
0.306
0.300
0.286
0.256
0.313
0.346
0.314
0.287
0.323
0.311
0.302
0.315
0.272
0.266
0.258
0.220
0.258
0.268
0.265
0.223
0.217
0.256
0.239
0.214
0.248
0.235
0.268
0.253
0.241
0.239
0.252
0.232
0.242
0.241
0.241
0.225
0.261
0.247
0.257
0.253
0.264
0.258
0.258
0.278
0.266
0.263
0.284
0.253
0.262
0.289
0.242
0.277
0.282
0.258
0.299
0.263
0.253
0.282
0.282
0.262
0.243
0.281
0.245
0.247
0.247
0.238
0.231
0.238
* 0.240
0.283
0.220
0.287
0.268
0.311
0.322
0.309
0.258
0.240
0.266
0.266
0.272
0.250
0.254
0.246
0.258
0.267
0.263
0.266
0.280
0.303
0.271
0.271
0.286
0.279
0.202
0.242
0.237
0.285
0.285
0.261
0.248
0.254
0.249
0.280
0.249
0.226
0.222
0.254
0.259
0.254
0.249
0.279
0.267
0.182
0.200
0.238
* 0.272
0.290
0.321
0.243
0.205
0.205
0.205
* 0.265
0.276
0.276
0.276
0.281
0.261
0.304
0.278
0.293
0.273
0.262
0.271
0.267
0.256
0.267
0.271
0.284
0.255
0.251
0.231
0.258
0.232
0.275
0.259
0.247
0.230
0.238
0.243
0.251
0.235
0.178
0.222
* 0.258
0.247
0.248
0.266
0.241
0.249
0.204
0.200
0.281
0.311
0.288
0.263
0.273
0.270
0.285
0.283
0.290
0.270
0.259
0.267
0.280
0.279
0.278
0.285
0.268
0.255
0.258
0.266
0.262
0.267
0.270
0.263
0.267
0.282
0.277
0.279
0.283
0.283
0.274
0.292
0.283
0.284
0.296
0.266
0.281
0.293
0.274
0.291
0.279
0.278
0.270
0.279
0.284
0.278
0.285
0.285
0.290
0.305
0.321
0.281
0.298
0.278
0.297
0.322
0.311
0.303
0.293
0.313
0.314
0.297
0.305
0.314
0.369
0.352
0.360
0.360
0.267
0.257
0.275
0.272
0.286
0.265
0.250
0.250
0.253
0.262
0.251
0.290
0.259
0.247
0.239
0.247
0.254
0.259
0.263
0.263
0.251
0.255
0.258
0.266
0.258
0.251
0.258
0.262
0.247
0.250
0.251
0.254
0.254
0.243
0.266
0.251
0.243
0.242
0.234
0.247
0.247
0.247
0.239
0.247
0.239
0.231
0.247
0.247
0.254
0.247
0.247
0.255
0.259
0.270
0.271
0.259
0.255
0.254
0.243
0.262
0.294
0.291
0.311
0.287
0.297
0.279
0.295
0.316
0.348
0.309
0.319
0.318
0.286
0.287
0.279
0.308
0.297
0.297
0.299
0.271
0.279
0.270
0.299
0.279
0.263
0.282
0.258
0.283
0.279
0.270
0.287
0.278
0.276
0.281
0.241
0.259
0.252
0.285
0.303
0.264
0.309
0.299
0.300
0.297
0.270
0.270
0.273
0.273
0.286
0.243
0.269
0.258
0.274
0.303
0.275
0.303
0.318
0.305
0.288
0.274
0.274
0.275
0.251
0.268
0.251
0.270
0.270
0.287
0.287
0.256
0.269
0.271
0.271
0.290
0.305
0.315
0.305
0.266
0.254
0.258
0.267
0.279
0.247
0.262
0.262
0.278
0.276
0.278
0.319
0.304
0.316
0.307
0.323
0.300
0.302
0.282
0.283
0.267
0.283
0.267
0.275
0.263
0.271
0.197
0.235
0.294
0.310
0.294
0.308
0.282
0.294
0.313
0.303
0.321
0.313
0.310
0.302
0.310
0.299
0.281
0.299
0.323
0.298
0.313
0.290
0.292
0.299
0.259
0.274
0.264
0.282
0.271
0.263
0.282
0.282
0.299
0.242
0.247
0.278
0.267
0.251
0.267
0.255
0.247
0.247
0.250
0.247
0.248
0.216
0.210
0.226
0.239
* 0.251
0.226
0.224
0.219
* 0.271
0.250
0.243
0.263
0.275
0.274
0.266
0.279
0.267
0.282
0.303
0.275
0.278
0.282
0.273
0.330
0.301
0.320
0.299
0.298
0.282
0.309
0.286
0.289
0.273
0.255
0.266
0.286
0.287
0.280
0.293
0.247
0.308
0.264
0.260
0.271
0.247
0.267
0.262
0.263
0.266
0.284
0.299
0.274
0.253
0.244
0.305
0.332
0.247
0.279
0.270
0.203
0.227
0.282
0.291
0.323
0.342
0.262
0.288
0.302
0.304
0.299
0.290
0.267
0.324
0.340
0.286
0.310
0.323
0.318
0.234
0.195
0.263
0.258
0.289
0.310
0.310
0.267
0.306
0.286
0.295
0.310
0.196
0.196
0.222
* 0.293
0.319
0.288
0.326
0.305
0.287
0.195
0.280
0.310
0.308
0.350
0.350
0.315
0.319
0.282
0.270
0.280
0.299
0.243
0.295
0.258
0.289
0.271
0.262
0.283
0.271
0.262
0.239
0.302
0.280
0.320
0.286
0.306
0.282
0.278
0.294
0.263
0.259
0.280
0.248
0.353
0.298
0.307
0.340
0.331
0.305
0.181
0.297
0.313
0.319
0.310
0.299
0.286
0.274
0.302
0.294
0.310
0.289
0.297
0.310
0.297
0.305
0.299
0.293
0.291
0.276
0.247
0.301
0.303
0.295
0.287
0.277
0.263
0.282
0.275
0.290
0.299
0.283
0.283
0.283
0.271
0.296
0.275
0.303
0.286
0.313
0.287
0.271
0.283
0.318
0.290
0.290
0.314
0.308
0.290
0.298
0.303
0.306
0.298
0.308
0.295
0.288
0.286
0.293
0.309
0.308
0.299
0.305
0.314
0.321
0.298
0.297
0.263
0.290
0.288
0.291
0.275
0.282
0.290
0.290
0.291
0.255
0.243
0.252
0.243
0.255
0.244
0.267
0.249
0.250
0.270
0.286
0.315
0.332
0.334
0.334
0.334
0.361
0.255
0.287
0.295
0.286
0.293
0.297
0.266
0.228
0.215
0.215
0.203
0.218
0.210
0.226
0.227
0.218
0.215
0.206
0.210
0.219
0.192
0.206
0.226
0.207
0.202
0.170
0.199
0.184
0.170
* 0.266
0.294
0.277
0.298
0.282
0.290
0.298
0.255
0.218
0.227
0.206
0.198
0.185
0.189
0.199
0.212
0.189
0.189
0.193
0.205
0.174
0.166
0.214
0.194
0.189
0.192
0.189
0.187
0.189
0.191
0.206
* 0.255
0.271
0.281
0.274
0.267
0.247
0.267
0.271
0.277
0.279
0.251
0.234
0.168
0.227
* 0.256
0.248
0.247
0.306
0.262
0.304
0.289
0.300
0.300
0.300
0.304
0.266
0.240
0.284
0.301
0.291
0.286
0.314
0.334
0.306
0.292
0.283
0.283
0.308
0.290
0.305
0.278
0.293
0.305
0.288
0.299
0.256
0.256
0.259
0.271
0.283
0.252
0.276
0.286
0.296
0.262
0.276
0.287
0.302
0.263
0.332
0.298
0.294
0.294
0.310
0.311
0.318
0.323
0.294
0.294
0.322
0.267
0.270
0.278
0.270
0.270
0.297
0.294
0.250
0.252
0.247
0.296
0.240
0.284
0.281
0.259
0.254
0.282
0.308
0.259
0.292
0.275
0.266
0.288
0.288
0.304
0.288
0.296
0.296
0.294
0.274
0.274
0.292
0.273
0.293
0.278
0.285
0.282
0.267
0.255
0.278
0.278
0.285
0.255
0.277
0.263
0.271
0.247
0.286
0.259
0.297
0.299
0.308
0.285
0.316
0.316
0.302
0.311
0.272
0.291
0.274
0.303
0.303
0.298
0.274
0.305
0.259
0.267
0.258
0.267
0.267
0.291
0.286
0.297
0.314
0.314
0.299
0.302
0.280
0.271
0.286
0.294
0.243
0.284
0.279
0.284
0.284
0.286
0.278
0.278
0.310
0.296
0.289
0.289
0.286
0.304
0.304
0.309
0.301
0.302
0.283
0.263
0.298
0.278
0.289
0.298
0.286
0.286
0.331
0.319
0.319
0.299
0.299
0.279
0.274
0.282
0.286
0.310
0.310
0.295
0.286
0.274
0.279
0.297
0.318
0.313
0.313
0.308
0.286
0.304
0.270
0.316
0.274
0.300
0.293
0.312
0.312
0.297
0.307
0.317
0.292
0.285
0.307
0.290
0.329
0.306
0.306
0.305
0.285
0.301
0.322
0.297
0.316
0.316
0.342
0.285
0.309
0.309
0.285
0.305
0.280
0.280
0.288
0.293
0.298
0.294
0.304
0.307
0.332
0.295
0.299
0.329
0.285
0.285
0.289
0.270
0.290
0.290
0.285
0.286
0.290
0.284
0.259
0.271
0.290
0.281
0.308
0.277
0.282
0.266
0.282
0.293
0.259
0.293
0.275
0.286
0.309
0.308
0.270
0.274
0.259
0.254
0.271
0.270
0.258
0.285
0.282
0.263
0.263
0.316
0.278
0.308
0.287
0.332
0.332
0.290
0.318
0.305
0.282
0.275
0.306
0.321
0.308
0.324
0.274
0.289
0.262
0.313
0.286
0.283
0.294
0.279
0.297
0.314
0.315
0.297
0.270
0.304
0.304
0.274
0.278
0.283
0.291
0.291
0.295
0.313
0.288
0.287
0.300
0.293
0.280
0.280
0.311
0.304
0.304
0.263
0.266
0.285
0.313
0.294
0.318
0.309
0.286
0.283
0.293
0.315
0.297
0.305
0.286
0.287
0.278
0.277
0.309
0.298
0.306
0.295
0.277
0.277
0.279
0.301
0.247
0.254
0.295
0.283
0.311
0.308
0.275
0.302
0.304
0.277
0.260
0.260
0.294
0.290
0.291
0.303
0.279
0.310
0.289
0.278
0.278
0.312
0.297
0.262
0.282
0.274
0.314
0.224
0.267
0.274
0.247
0.290
0.264
0.286
0.296
0.310
0.340
0.319
0.269
0.292
0.294
0.324
0.293
0.300
0.325
0.294
0.290
0.296
0.276
0.296
0.273
0.280
0.268
0.291
0.321
0.318
0.322
0.314
0.331
0.314
0.338
0.314
0.317
0.322
0.282
0.336
0.316
0.339
0.300
0.292
0.285
0.291
0.312
0.318
0.291
0.291
0.300
0.293
0.309
0.314
0.304
0.290
0.290
0.295
0.295
0.301
0.284
0.286
0.276
0.275
0.348
0.338
0.335
0.267
0.316
0.275
0.298
0.304
0.335
0.307
0.305
0.331
0.347
0.328
0.250
0.346
0.346
0.346
0.317
0.310
0.322
0.316
0.317
0.317
0.300
0.312
0.285
0.317
0.302
0.323
0.313
0.274
0.317
0.295
0.341
0.341
0.263
0.342
0.342
0.315
0.319
0.304
0.291
0.325
0.325
0.314
0.332
0.332
0.342
0.320
0.278
0.316
0.282
0.282
0.311
0.263
0.305
0.259
0.312
0.316
0.318
0.277
0.289
0.321
0.354
0.311
0.213
0.318
0.243
0.322
0.297
0.305
0.291
0.288
0.295
0.308
0.272
0.299
0.287
0.290
0.286
0.280
0.297
0.291
0.300
0.290
0.281
0.295
0.258
0.184
0.184
0.206
* 0.276
0.243
0.271
0.247
0.259
0.275
0.263
0.255
0.258
0.278
0.264
0.264
0.282
0.282
0.269
0.285
0.276
0.243
0.260
0.292
0.272
0.296
0.268
0.285
0.308
0.280
0.287
0.287
0.322
0.225
0.255
0.271
0.283
0.283
0.288
0.284
0.287
0.305
0.255
0.338
0.282
0.306
0.329
0.280
0.294
0.288
0.301
0.306
0.267
0.270
0.275
0.276
0.276
0.283
0.284
0.288
0.276
0.255
0.268
0.297
0.352
0.352
0.349
0.318
0.298
0.298
0.272
0.274
0.274
0.267
0.322
0.313
0.317
0.229
0.238
0.306
0.287
0.257
0.332
0.341
0.340
0.340
0.335
0.295
0.351
0.366
0.362
0.311
0.337
0.327
0.326
0.313
0.193
0.193
0.355
0.285
0.254
0.298
0.329
0.275
0.274
0.317
0.317
0.261
0.302
0.323
0.313
0.271
0.293
0.366
0.346
0.277
0.305
0.315
0.268
0.322
0.311
0.300
0.336
0.339
0.317
0.306
0.318
0.287
0.294
0.263
0.263
0.310
0.323
0.299
0.326
0.327
0.327
0.297
0.327
0.319
0.324
0.334
0.334
0.316
0.310
0.310
0.292
0.326
0.299
0.290
0.304
0.296
0.318
0.320
0.302
0.286
0.289
0.294
0.300
0.318
0.310
0.308
0.324
0.313
0.332
0.300
0.295
0.308
0.332
0.304
0.308
0.302
0.299
0.256
0.271
0.267
0.294
0.294
0.314
0.301
0.301
0.297
0.299
0.293
0.285
0.298
0.298
0.302
0.303
0.314
0.314
0.308
0.306
0.248
0.262
0.228
0.217
0.231
* 0.302
0.273
0.290
0.302
0.277
0.272
0.243
0.269
0.282
0.278
0.278
0.267
0.271
0.252
0.206
0.208
0.208
* 0.267
0.256
0.256
0.240
0.280
0.285
0.285
0.302
0.296
0.296
0.336
0.313
0.352
0.311
0.329
0.285
0.305
0.305
0.310
0.300
0.302
0.302
0.286
0.284
0.270
0.296
0.296
0.273
0.324
0.287
0.291
0.276
0.244
0.266
0.267
0.280
0.250
0.256
0.248
0.265
0.250
0.281
0.316
0.303
0.303
0.282
0.262
0.284
0.269
0.258
0.245
0.305
0.244
0.275
0.322
0.259
0.270
0.300
0.252
0.288
0.297
0.271
0.248
0.251
0.275
0.254
0.290
0.266
0.246
0.283
0.267
0.252
0.250
0.228
0.230
0.284
0.272
0.264
0.251
0.235
0.255
0.247
0.232
0.246
0.240
0.248
0.254
0.267
0.247
0.246
0.246
0.317
0.298
0.309
0.321
0.282
0.296
0.283
0.270
0.276
0.290
0.266
0.234
0.271
0.269
0.268
0.298
0.195
0.292
0.291
0.313
0.334
0.289
0.274
0.269
0.237
0.298
0.338
0.314
0.322
0.285
0.311
0.270
0.268
0.296
0.296
0.259
0.290
0.324
0.326
0.327
0.321
0.310
0.279
0.305
0.290
0.290
0.274
0.311
0.283
0.317
0.293
0.294
0.278
0.270
0.281
0.273
0.293
0.289
0.216
0.284
0.274
0.286
0.281
0.285
0.277
0.269
0.269
0.255
0.302
0.270
0.287
0.306
0.298
0.292
0.296
0.275
0.258
0.277
0.280
0.284
0.299
0.277
0.288
0.297
0.295
0.312
0.295
0.302
0.265
0.297
0.308
0.307
0.332
0.280
0.302
0.274
0.314
0.251
0.262
0.270
0.251
0.180
0.240
0.269
0.255
0.255
0.270
0.285
0.292
0.266
0.285
0.262
0.238
0.281
0.270
0.273
0.254
0.273
0.267
0.269
0.270
0.289
0.287
0.288
0.278
0.311
0.275
0.300
0.258
0.296
0.277
0.258
0.282
0.255
0.243
0.265
0.269
0.270
0.265
0.296
0.296
0.301
0.300
0.277
0.251
0.251
0.289
0.251
0.243
0.193
0.225
0.289
0.270
0.274
0.274
0.291
0.297
0.297
0.268
0.283
0.283
0.283
0.293
0.315
0.298
0.331
0.305
0.283
0.294
0.297
0.307
0.293
0.290
0.285
0.285
0.284
0.324
0.324
0.305
0.314
0.276
0.243
0.181
0.208
0.208
* 0.292
0.275
0.275
0.276
0.305
0.286
0.289
0.298
0.292
0.291
0.308
0.268
0.274
0.278
0.301
0.275
0.318
0.282
0.275
0.277
0.255
0.282
0.299
0.299
0.299
0.318
0.277
0.303
0.302
0.291
0.284
0.259
0.233
0.258
0.252
0.311
0.280
0.280
0.307
0.290
0.275
0.289
0.307
0.304
0.269
0.269
0.308
0.292
0.288
0.321
0.307
0.291
0.311
0.301
0.297
0.297
0.278
0.294
0.278
0.325
0.299
0.314
0.299
0.317
0.297
0.276
0.261
0.265
0.263
0.324
0.296
0.320
0.320
0.278
0.320
0.259
0.320
0.315
0.318
0.310
0.310
0.324
0.311
0.311
0.227
0.227
0.293
0.291
0.291
0.259
0.291
0.270
0.232
0.254
0.271
0.295
0.295
0.315
0.315
0.314
0.290
0.290
0.280
0.291
0.266
0.217
0.201
0.310
0.315
0.325
0.290
0.292
0.282
0.282
0.270
0.275
0.275
0.258
0.277
0.277
0.281
0.287
0.254
0.253
0.270
0.241
0.270
0.290
0.299
0.291
0.308
0.300
0.300
0.329
0.304
0.299
0.231
0.226
0.292
0.304
0.304
0.334
0.334
0.313
0.279
0.279
0.329
0.263
0.263
0.303
0.303
0.178
0.248
0.248
0.295
0.287
0.287
0.295
0.295
0.279
0.339
0.339
0.339
0.281
0.202
0.235
0.235
* 0.337
0.315
0.310
0.303
0.331
0.227
0.242
0.279
0.279
0.339
0.339
0.318
0.324
0.258
0.258
0.264
0.275
0.275
0.313
0.313
0.321
0.247
0.247
0.236
0.255
0.255
0.342
0.342
0.310
0.283
0.283
0.243
0.194
0.267
0.274
0.274
0.323
0.294
0.283
0.196
0.207
0.254
0.307
0.307
0.323
0.323
0.231
0.222
0.222
* 0.270
0.279
0.304
0.291
0.282
0.262
0.285
0.285
0.282
0.299
0.326
0.307
0.307
0.247
0.214
0.214
0.271
0.271
0.270
0.290
0.290
0.276
0.310
0.267
0.287
0.303
0.299
0.282
0.282
0.305
0.278
0.278
0.294
0.277
0.279
0.290
0.290
0.310
0.279
0.279
0.283
0.283
0.299
0.266
0.287
0.305
0.212
0.212
0.279
0.279
0.308
0.281
0.271
0.287
0.279
0.274
0.275
0.275
0.282
0.278
0.278
0.239
0.167
0.255
0.279
0.279
0.318
0.290
0.295
0.302
0.277
0.277
0.330
0.330
0.321
0.284
0.315
0.326
0.251
0.294
0.282
0.282
0.329
0.329
0.319
0.313
0.216
0.220
0.250
0.250
0.291
0.291
0.310
0.297
0.297
0.289
0.301
0.301
0.286
0.286
0.254
0.328
0.262
0.306
0.306
0.216
0.278
0.278
0.294
0.270
0.310
0.294
0.294
0.307
0.307
0.296
0.307
0.285
0.286
0.302
0.317
0.196
0.283
0.278
0.314
0.314
0.274
0.284
0.186
0.191
0.234
* 0.302
0.321
0.321
0.323
0.323
0.239
0.292
0.294
0.198
0.225
0.225
* 0.292
0.292
0.223
0.223
0.295
0.282
0.303
0.319
0.291
0.291
0.192
0.239
0.239
* 0.266
0.267
0.281
0.303
0.303
0.306
0.306
0.302
0.286
0.286
0.318
0.305
0.270
0.203
0.203
0.260
0.297
0.283
0.292
0.321
0.276
0.279
0.287
0.299
0.299
0.280
0.304
0.304
0.260
0.268
0.268
0.288
0.324
0.278
0.283
0.235
0.213
0.270
0.279
0.284
0.339
0.284
0.284
0.297
0.302
0.302
0.266
0.283
0.277
0.277
0.292
0.300
0.313
0.275
0.287
0.291
0.283
0.259
0.259
0.275
0.283
0.290
0.286
0.286
0.279
0.288
0.275
0.275
0.287
0.306
0.309
0.275
0.320
0.289
0.290
0.284
0.268
0.264
0.231
0.270
0.309
0.291
0.313
0.310
0.315
0.275
0.328
0.259
0.258
0.286
0.310
0.304
0.286
0.299
0.310
0.309
0.299
0.276
0.191
0.254
0.263
0.210
0.190
0.230
0.203
0.203
* 0.260
0.242
0.262
0.211
0.223
0.255
0.213
0.206
0.202
0.238
* 0.262
0.251
0.259
0.239
0.263
0.255
0.238
0.247
0.248
0.272
0.271
0.290
0.298
0.267
0.287
0.305
0.305
0.329
0.302
0.231
0.231
0.300
0.271
0.264
0.254
0.283
0.283
0.271
0.262
0.284
0.280
0.256
0.260
0.286
0.296
0.234
0.247
0.263
0.295
0.282
0.302
0.291
0.291
0.274
0.270
0.310
0.344
0.298
0.292
0.331
0.326
0.307
0.304
0.287
0.287
0.281
0.304
0.299
0.310
0.276
0.280
0.258
0.300
0.305
0.299
0.268
0.258
0.289
0.294
0.260
0.312
0.284
0.286
0.329
0.329
0.332
0.347
0.312
0.304
0.266
0.260
0.287
0.287
0.298
0.263
0.280
0.267
0.292
0.295
0.299
0.266
0.271
0.267
0.289
0.291
0.300
0.294
0.318
0.318
0.291
0.279
0.298
0.279
0.256
0.304
0.263
0.253
0.286
0.271
0.248
0.293
0.294
0.324
0.259
0.277
0.275
0.269
0.263
0.282
0.301
0.273
0.274
0.298
0.298
0.295
0.294
0.294
0.294
0.303
0.293
0.286
0.286
0.297
0.293
0.293
0.288
0.315
0.302
0.302
0.278
0.277
0.266
0.289
0.309
0.327
0.330
0.326
0.343
0.305
0.302
0.263
0.302
0.278
0.266
0.279
0.262
0.292
0.322
0.334
0.311
0.311
0.341
0.322
0.309
0.272
0.284
0.283
0.299
0.291
0.286
0.305
0.303
0.303
0.283
0.276
0.274
0.317
0.304
0.320
0.271
0.293
0.273
0.230
0.243
0.267
0.263
0.240
0.235
0.255
0.234
0.267
0.273
0.253
0.243
0.291
0.283
0.244
0.268
0.247
0.255
0.272
0.254
0.275
0.267
0.265
0.242
0.247
0.251
0.251
0.232
0.248
0.306
0.273
0.273
0.275
0.280
0.325
0.309
0.294
0.306
0.312
0.262
0.255
0.259
0.247
0.264
0.264
0.264
0.263
0.247
0.237
0.263
0.254
0.234
0.244
0.240
0.218
0.230
0.235
0.230
0.231
0.214
0.235
0.211
0.238
* 0.256
0.267
0.283
0.260
0.255
0.285
0.284
0.263
0.284
0.263
0.227
0.268
0.252
0.214
0.243
0.255
0.234
0.226
0.211
* 0.256
0.246
0.268
0.276
0.271
0.297
0.264
0.291
0.263
0.267
0.306
0.247
0.266
0.279
0.271
0.273
0.251
0.246
0.276
0.284
0.297
0.267
0.263
0.285
0.261
0.263
0.271
0.263
0.246
0.235
0.238
0.271
0.238
0.263
0.273
0.263
0.263
0.263
0.284
0.259
0.244
0.255
0.246
0.263
0.263
0.279
0.251
0.275
0.295
0.286
0.291
0.255
0.255
0.218
0.256
0.305
0.302
0.315
0.323
0.287
0.327
0.281
0.316
0.282
0.298
0.298
0.327
0.307
0.280
0.303
0.314
0.305
0.333
0.374
0.330
0.362
0.263
0.271
0.271
0.304
0.279
0.284
0.276
0.264
0.303
0.273
0.269
0.281
0.294
0.297
0.303
0.290
0.299
0.295
0.299
0.299
0.183
0.249
0.265
0.295
0.295
0.292
0.277
0.285
0.276
0.289
0.289
0.278
0.294
0.295
0.295
0.295
0.268
0.287
0.285
0.281
0.281
0.276
0.273
0.268
0.277
0.273
0.276
0.294
0.307
0.298
0.300
0.297
0.285
0.285
0.299
0.293
0.291
0.293
0.306
0.264
0.286
0.308
0.296
0.313
0.278
0.278
0.294
0.317
0.303
0.308
0.299
0.299
0.328
0.300
0.294
0.306
0.316
0.290
0.308
0.294
0.303
0.311
0.316
0.299
0.308
0.299
0.318
0.300
0.316
0.300
0.285
0.308
0.289
0.298
0.281
0.308
0.316
0.307
0.286
0.281
0.289
0.295
0.308
0.291
0.277
0.308
0.308
0.272
0.251
0.282
0.290
0.281
0.325
0.320
0.316
0.323
0.313
0.307
0.300
0.299
0.331
0.316
0.287
0.289
0.308
0.300
0.271
0.277
0.274
0.291
0.291
0.246
0.298
0.302
0.229
0.229
0.272
0.272
0.301
0.292
0.280
0.314
0.302
0.299
0.260
0.262
0.297
0.264
0.306
0.294
0.280
0.280
0.280
0.293
0.314
0.320
0.277
0.237
0.254
0.251
0.234
0.238
0.246
0.246
0.258
0.245
0.246
0.234
0.238
0.229
0.232
* 0.283
0.294
0.268
0.289
0.250
0.260
0.277
0.263
0.239
0.242
0.251
0.255
0.247
0.246
0.255
0.238
0.230
0.260
0.263
0.277
0.299
0.299
0.260
0.250
0.229
0.237
0.247
0.256
0.237
0.237
0.234
* 0.252
0.231
0.255
0.238
0.246
0.262
0.260
0.299
0.297
0.290
0.317
0.314
0.272
0.263
0.255
0.277
0.269
0.269
0.264
0.250
0.246
0.241
0.269
0.238
0.247
0.241
0.259
0.247
0.247
0.241
0.255
0.238
0.232
0.238
0.238
* 0.246
0.243
0.238
0.237
0.237
* 0.247
0.250
0.282
0.280
0.288
0.289
0.297
0.288
0.272
0.272
0.277
0.246
0.263
0.264
0.258
0.271
0.314
0.284
0.321
0.325
0.325
0.316
0.305
0.275
0.288
0.305
0.317
0.314
0.298
0.325
0.320
0.314
0.314
0.280
0.275
0.272
0.275
0.280
0.272
0.289
0.319
0.310
0.311
0.322
0.314
0.297
0.285
0.277
0.299
0.297
0.263
0.280
0.272
0.263
0.297
0.302
0.307
0.307
0.315
0.302
0.315
0.290
0.307
0.307
0.307
0.294
0.305
0.324
0.291
0.302
0.254
0.281
0.281
0.264
0.268
0.276
0.285
0.299
0.267
0.255
0.254
0.271
0.286
0.282
0.282
0.246
0.254
0.277
0.260
0.264
0.247
0.255
0.242
0.243
0.269
0.237
0.246
0.243
0.302
0.286
0.297
0.273
0.259
0.247
0.225
0.243
0.281
0.243
0.263
0.259
0.290
0.260
0.284
0.279
0.306
0.273
0.273
0.271
0.263
0.250
0.251
0.272
0.269
0.290
0.285
0.294
0.276
0.255
0.294
0.285
0.264
0.278
0.293
0.304
0.287
0.319
0.294
0.294
0.334
0.323
0.299
0.276
0.277
0.280
0.276
0.268
0.254
0.257
0.276
0.254
0.254
0.277
0.291
0.255
0.264
0.264
0.272
0.272
0.299
0.286
0.272
0.301
0.290
0.268
0.297
0.305
0.295
0.308
0.276
0.290
0.297
0.316
0.321
0.293
0.273
0.294
0.276
0.315
0.311
0.292
0.277
0.272
0.267
0.255
0.279
0.283
0.256
0.261
0.251
0.256
0.255
0.281
0.231
0.273
0.244
0.247
0.252
0.256
0.269
0.299
0.299
0.317
0.300
0.311
0.311
0.276
0.286
0.305
0.290
0.277
0.282
0.276
0.280
0.298
0.288
0.306
0.308
0.233
0.231
0.285
0.269
0.285
0.247
0.247
0.269
0.273
0.255
0.250
0.277
0.251
0.312
0.287
0.307
0.276
0.313
0.334
0.323
0.300
0.298
0.337
0.322
0.332
0.272
0.222
0.298
0.255
0.272
0.274
0.301
0.282
0.267
0.282
0.277
0.293
0.307
0.312
0.315
0.315
0.346
0.336
0.321
0.321
0.347
0.317
0.356
0.315
0.322
0.353
0.322
0.328
0.328
0.322
0.319
0.345
0.337
0.314
0.256
0.246
0.283
0.263
0.255
0.311
0.312
0.303
0.298
0.285
0.306
0.286
0.293
0.310
0.287
0.299
0.293
0.298
0.306
0.273
0.306
0.284
0.263
0.263
0.262
0.264
0.281
0.269
0.273
0.256
0.273
0.294
0.281
0.276
0.246
0.265
0.263
0.267
0.276
0.286
0.302
0.279
0.255
0.263
0.274
0.284
0.273
0.278
0.294
0.281
0.259
0.277
0.276
0.276
0.263
0.272
0.276
0.281
0.281
0.268
0.272
0.275
0.285
0.280
0.293
0.285
0.298
0.290
0.295
0.295
0.233
0.285
0.302
0.333
0.337
0.319
0.293
0.328
0.315
0.297
0.335
0.308
0.315
0.272
0.286
0.310
0.340
0.321
0.333
0.321
0.293
0.313
0.317
0.315
0.317
0.302
0.334
0.354
0.325
0.313
0.337
0.337
0.305
0.339
0.343
0.340
0.349
0.351
0.358
0.323
0.355
0.311
0.325
0.343
0.325
0.323
0.307
0.325
0.325
0.338
0.354
0.335
0.347
0.342
0.357
0.350
0.359
0.304
0.281
0.308
0.300
0.293
0.334
0.327
0.331
0.333
0.349
0.314
0.341
0.299
0.308
0.305
0.297
0.320
0.318
0.301
0.341
0.334
0.334
0.327
0.332
0.326
0.311
0.317
0.316
0.331
0.327
0.305
0.299
0.269
0.303
0.333
0.334
0.302
0.290
0.273
0.275
0.275
0.323
0.334
0.303
0.284
0.301
0.277
0.286
0.303
0.303
0.294
0.301
0.286
0.288
0.306
0.294
0.289
0.289
0.294
0.312
0.286
0.294
0.296
0.302
0.307
0.282
0.269
0.306
0.297
0.272
0.285
0.294
0.290
0.291
0.313
0.312
0.285
0.306
0.264
0.269
0.327
0.316
0.289
0.276
0.324
0.306
0.311
0.315
0.315
0.293
0.306
0.293
0.311
0.327
0.333
0.330
0.330
0.333
0.340
0.340
0.333
0.333
0.297
0.328
0.315
0.331
0.327
0.323
0.340
0.339
0.347
0.337
0.306
0.308
0.344
0.335
0.335
0.346
0.318
0.343
0.360
0.302
0.330
0.341
0.359
0.336
0.352
0.361
0.363
0.328
0.305
0.308
0.321
0.334
0.362
0.343
0.358
0.358
0.355
0.375
0.365
0.343
0.375
0.351
0.354
0.345
0.363
0.323
0.339
0.351
0.341
0.361
0.365
0.350
0.360
0.370
0.366
0.321
0.300
0.324
0.324
0.318
0.336
0.334
0.340
0.351
0.357
0.337
0.328
0.350
0.341
0.362
0.324
0.332
0.327
0.348
0.327
0.341
0.325
0.327
0.300
0.272
0.293
0.315
0.318
0.316
0.327
0.316
0.312
0.324
0.314
0.286
0.301
0.293
0.298
0.299
0.303
0.279
0.287
0.328
0.266
0.300
0.292
0.275
0.318
0.305
0.306
0.329
0.292
0.316
0.300
0.292
0.307
0.278
0.270
0.279
0.301
0.301
0.279
0.282
0.305
0.303
0.299
0.314
0.281
0.294
0.320
0.316
0.316
0.296
0.300
0.290
0.316
0.316
0.314
0.290
0.313
0.304
0.350
0.342
0.326
0.331
0.334
0.355
0.334
0.317
0.201
0.183
0.238
* 0.329
0.322
0.315
0.329
0.295
0.275
0.222
0.302
0.327
0.312
0.292
0.338
0.326
0.326
0.305
0.306
0.299
0.318
0.306
0.329
0.336
0.314
0.314
0.273
0.314
0.330
0.354
0.352
0.352
0.317
0.323
0.325
0.314
0.337
0.334
0.294
0.302
0.250
0.326
0.314
0.322
0.266
0.266
0.269
0.323
0.288
0.280
0.304
0.306
0.312
0.289
0.291
0.301
0.315
0.319
0.307
0.309
0.282
0.278
0.262
0.292
0.313
0.286
0.296
0.304
0.278
0.281
0.321
0.311
0.317
0.307
0.319
0.352
0.290
0.303
0.321
0.324
0.348
0.334
0.309
0.308
0.316
0.293
0.297
0.270
0.316
0.299
0.288
0.316
0.332
0.259
0.309
0.304
0.317
0.247
0.304
0.286
0.284
0.268
0.254
0.243
0.319
0.353
0.272
0.317
0.327
0.327
0.291
0.276
0.284
0.266
0.307
0.270
0.281
0.265
0.258
0.287
0.298
0.271
0.250
0.243
0.229
0.355
0.286
0.301
0.284
0.353
0.352
0.349
0.306
0.316
0.284
0.256
0.292
0.315
0.290
0.269
0.258
0.300
0.277
0.300
0.291
0.273
0.301
0.307
0.298
0.262
0.282
0.338
0.353
0.353
0.329
0.301
0.337
0.351
0.362
0.345
0.345
0.367
0.362
0.362
0.348
0.267
0.334
0.315
0.315
0.315
0.314
0.297
0.283
0.297
0.278
0.287
0.304
0.315
0.287
0.311
0.289
0.289
0.310
0.271
0.300
0.300
0.251
0.303
0.280
0.261
0.301
0.293
0.292
0.308
0.310
0.250
0.320
0.247
0.284
0.262
0.218
0.272
0.260
0.235
0.223
0.287
0.272
0.272
0.261
0.257
0.258
0.250
0.261
0.278
0.253
0.240
0.291
0.291
0.319
0.316
0.229
0.292
0.296
0.291
0.298
0.335
0.321
0.297
0.307
0.304
0.241
0.202
0.293
0.292
0.229
0.304
0.300
0.319
0.257
0.293
0.298
0.315
0.320
0.300
0.314
0.303
0.326
0.327
0.286
0.273
0.288
0.292
0.306
0.295
0.288
0.285
0.324
0.314
0.287
0.259
0.259
0.267
0.258
0.258
0.270
0.274
0.265
0.250
0.262
0.243
0.250
0.247
0.243
0.239
0.247
0.207
0.230
0.278
0.236
0.276
0.304
0.285
0.282
0.243
0.246
0.229
0.285
0.310
0.276
0.293
0.305
0.275
0.309
0.295
0.325
0.304
0.304
0.309
0.301
0.286
0.268
0.317
0.329
0.320
0.322
0.300
0.316
0.339
0.331
0.324
0.324
0.323
0.280
0.240
0.277
0.316
0.281
0.251
0.251
0.251
0.278
0.263
0.236
0.277
0.267
0.286
0.285
0.313
0.305
0.316
0.277
0.270
0.281
0.285
0.349
0.331
0.341
0.318
0.300
0.338
0.326
0.305
0.329
0.302
0.302
0.292
0.263
0.281
0.285
0.290
0.313
0.282
0.306
0.289
0.279
0.312
0.273
0.312
0.277
0.295
0.279
0.303
0.305
0.294
0.320
0.276
0.279
0.281
0.292
0.240
0.228
0.203
0.240
0.307
0.287
0.257
0.227
0.293
0.309
0.305
0.278
0.316
0.307
0.299
0.246
0.234
0.211
0.311
0.281
0.276
0.309
0.304
0.276
0.306
0.267
0.302
0.303
0.264
0.234
0.273
0.272
0.300
0.318
0.298
0.303
0.279
0.280
0.269
0.257
0.308
0.301
0.289
0.292
0.297
0.256
0.255
0.216
0.190
0.251
0.261
0.285
0.269
0.292
0.289
0.279
0.277
0.307
0.286
0.301
0.295
0.309
0.307
0.281
0.320
0.272
0.299
0.290
0.286
0.300
0.267
0.291
0.268
0.285
0.283
0.295
0.317
0.279
0.311
0.284
0.298
0.302
0.290
0.288
0.320
0.214
0.226
0.234
0.223
0.219
0.233
0.202
0.219
0.197
0.196
0.214
0.199
0.199
0.232
0.239
0.215
0.229
0.229
0.216
0.235
0.232
0.229
0.236
* 0.247
0.264
0.220
0.217
0.245
0.244
0.244
0.212
0.192
0.200
0.195
0.211
0.211
0.179
0.229
0.174
0.174
0.230
0.231
0.187
0.179
0.179
0.192
* 0.251
0.232
0.164
0.205
0.239
* 0.240
0.215
0.206
0.237
* 0.240
0.340
0.313
0.341
0.341
0.318
0.307
0.304
0.305
0.280
0.300
0.285
0.282
0.327
0.297
0.292
0.259
0.301
0.288
0.268
0.285
0.256
0.267
0.250
0.256
0.285
0.276
0.256
0.256
0.302
0.262
0.260
0.290
0.253
0.276
0.275
0.283
0.283
0.283
0.263
0.279
0.250
0.241
0.267
0.225
0.250
0.272
0.249
0.275
0.258
0.260
0.250
0.262
0.253
0.258
0.241
0.265
0.268
0.263
0.275
0.297
0.283
0.268
0.235
0.228
0.206
0.227
0.226
0.225
0.236
0.230
0.210
* 0.265
0.296
0.269
0.254
0.309
0.329
0.317
0.288
0.283
0.279
0.265
0.292
0.289
0.306
0.313
0.271
0.273
0.347
0.338
0.340
0.322
0.327
0.267
0.275
0.278
0.301
0.312
0.306
0.285
0.314
0.278
0.253
0.275
0.279
0.298
0.304
0.307
0.282
0.308
0.314
0.327
0.294
0.306
0.306
0.288
0.290
0.270
0.296
0.297
0.295
0.295
0.286
0.289
0.292
0.298
0.259
0.282
0.262
0.274
0.244
0.281
0.281
0.293
0.308
0.252
0.303
0.250
0.328
0.312
0.325
0.289
0.286
0.254
0.326
0.344
0.351
0.301
0.277
0.336
0.327
0.337
0.355
0.311
0.314
0.296
0.296
0.320
0.336
0.336
0.323
0.304
0.350
0.321
0.321
0.316
0.309
0.311
0.316
0.332
0.340
0.306
0.305
0.290
0.342
0.324
0.319
0.308
0.290
0.294
0.317
0.306
0.282
0.298
0.285
0.288
0.296
0.255
0.277
0.268
0.280
0.288
0.286
0.338
0.339
0.337
0.345
0.283
0.290
0.358
0.334
0.310
0.291
0.303
0.303
0.342
0.347
0.314
0.313
0.295
0.277
0.297
0.283
0.300
0.297
0.334
0.322
0.281
0.293
0.292
0.265
0.300
0.294
0.318
0.316
0.299
0.356
0.343
0.349
0.315
0.333
0.321
0.297
0.312
0.307
0.326
0.283
0.276
0.283
0.316
0.378
0.345
0.295
0.283
0.343
0.343
0.273
0.296
0.289
0.307
0.262
0.336
0.253
0.334
0.305
0.344
0.349
0.342
0.328
0.260
0.258
0.306
0.257
0.293
0.226
0.239
0.239
* 0.279
0.300
0.284
0.280
0.299
0.285
0.265
0.267
0.286
0.279
0.276
0.294
0.259
0.311
0.282
0.295
0.331
0.325
0.275
0.289
0.252
0.240
0.269
0.252
0.231
0.256
0.290
0.280
0.259
0.261
0.272
0.278
0.258
0.282
0.331
0.232
0.236
0.323
0.345
0.343
0.328
0.352
0.357
0.357
0.356
0.301
0.345
0.330
0.349
0.292
0.205
0.181
0.251
0.309
0.342
0.344
0.344
0.322
0.329
0.317
0.346
0.326
0.299
0.339
0.337
0.294
0.312
0.312
0.259
0.282
0.249
0.270
0.262
0.243
0.254
0.273
0.330
0.344
0.343
0.340
0.332
0.278
0.267
0.246
0.263
0.266
0.310
0.286
0.286
0.288
0.317
0.297
0.266
0.264
0.307
0.263
0.325
0.339
0.337
0.345
0.280
0.288
0.300
0.289
0.301
0.276
0.288
0.269
0.307
0.243
0.223
0.243
0.257
0.298
0.291
0.326
0.285
0.326
0.300
0.287
0.299
0.332
0.328
0.320
0.342
0.320
0.297
0.326
0.340
0.370
0.338
0.323
0.315
0.326
0.325
0.296
0.279
0.304
0.326
0.331
0.305
0.292
0.284
0.268
0.279
0.275
0.274
0.274
0.263
0.259
0.282
0.266
0.279
0.305
0.296
0.319
0.314
0.284
0.241
0.264
0.272
0.277
0.278
0.256
0.235
0.286
0.287
0.295
0.310
0.293
0.251
0.239
0.255
0.247
0.269
0.231
0.247
0.238
0.211
0.237
* 0.254
0.218
0.223
0.223
* 0.275
0.299
0.267
0.212
0.223
0.242
0.205
0.220
0.277
0.301
0.344
0.306
0.333
0.332
0.307
0.307
0.318
0.300
0.285
0.288
0.288
0.288
0.290
0.312
0.309
0.295
0.278
0.309
0.281
0.274
0.301
0.284
0.304
0.273
0.278
0.289
0.252
0.276
0.310
0.270
0.267
0.288
0.298
0.294
0.326
0.313
0.313
0.282
0.299
0.282
0.292
0.339
0.313
0.300
0.328
0.316
0.304
0.296
0.262
0.277
0.277
0.276
0.286
0.314
0.308
0.248
0.267
0.294
0.267
0.277
0.262
0.257
0.278
0.281
0.277
0.321
0.295
0.289
0.286
0.270
0.329
0.281
0.315
0.277
0.246
0.288
0.233
0.297
0.337
0.315
0.308
0.300
0.291
0.315
0.338
0.311
0.327
0.293
0.309
0.303
0.291
0.313
0.308
0.283
0.333
0.265
0.323
0.323
0.300
0.258
0.308
0.251
0.326
0.218
0.339
0.288
0.293
0.301
0.336
0.328
0.316
0.285
0.305
0.292
0.305
0.305
0.325
0.302
0.332
0.303
0.320
0.310
0.309
0.304
0.312
0.291
0.281
0.279
0.296
0.281
0.281
0.304
0.259
0.241
0.282
0.273
0.254
0.277
0.251
0.263
0.281
0.244
0.239
0.292
0.299
0.268
0.287
0.294
0.324
0.310
0.320
0.255
0.277
0.298
0.340
0.319
0.350
0.348
0.334
0.365
0.303
0.301
0.265
0.326
0.319
0.314
0.296
0.289
0.312
0.304
0.304
0.283
0.285
0.289
0.292
0.303
0.313
0.304
0.285
0.281
0.264
0.294
0.311
0.306
0.254
0.279
0.274
0.223
0.223
0.230
* 0.249
0.226
0.279
0.250
0.308
0.243
0.239
0.254
0.250
0.261
0.240
0.278
0.268
0.240
0.271
0.255
0.236
0.246
0.239
0.302
0.312
0.315
0.298
0.278
0.266
0.256
0.292
0.284
0.262
0.322
0.325
0.331
0.344
0.304
0.291
0.247
0.232
0.253
0.277
0.235
0.286
0.246
0.241
0.289
0.259
0.288
0.229
0.258
0.222
0.205
0.205
0.218
0.203
* 0.309
0.311
0.268
0.278
0.315
0.340
0.310
0.342
0.335
0.299
0.257
0.289
0.296
0.309
0.337
0.324
0.317
0.323
0.291
0.299
0.302
0.324
0.310
0.315
0.310
0.281
0.277
0.283
0.283
0.303
0.286
0.294
0.277
0.284
0.284
0.274
0.267
0.271
0.287
0.297
0.284
0.289
0.274
0.281
0.289
0.277
0.216
0.243
0.298
0.289
0.271
0.309
0.309
0.335
0.301
0.303
0.281
0.275
0.252
0.292
0.283
0.277
0.292
0.266
0.250
0.274
0.259
0.275
0.267
0.268
0.312
0.284
0.294
0.290
0.292
0.290
0.290
0.274
0.259
0.263
0.254
0.239
0.290
0.351
0.211
0.224
0.213
* 0.327
0.303
0.261
0.291
0.289
0.349
0.318
0.298
0.262
0.293
0.283
0.299
0.313
0.303
0.263
0.278
0.297
0.292
0.277
0.315
0.317
0.270
0.306
0.288
0.270
0.305
0.209
0.244
0.248
0.280
0.324
0.334
0.305
0.303
0.321
0.326
0.336
0.306
0.328
0.321
0.314
0.297
0.298
0.276
0.182
0.254
0.304
0.279
0.267
0.252
0.298
0.283
0.297
0.285
0.247
0.237
0.230
0.225
0.167
0.173
0.173
0.164
0.179
0.180
0.180
0.192
0.201
0.182
0.191
0.211
0.179
0.182
0.184
0.178
0.197
0.178
0.209
0.211
0.188
0.194
0.206
0.201
0.201
0.179
0.195
0.186
0.191
0.194
0.204
0.196
* 0.280
0.275
0.270
0.298
0.211
0.247
0.190
0.216
0.223
* 0.269
0.276
0.276
0.265
0.244
0.305
0.306
0.295
0.248
0.254
0.241
0.275
0.302
0.325
0.300
0.302
0.291
0.261
0.286
0.296
0.356
0.346
0.330
0.310
0.277
0.286
0.247
0.297
0.313
0.294
0.313
0.273
0.267
0.274
0.257
0.246
0.280
0.235
0.263
0.279
0.275
0.258
0.264
0.259
0.267
0.263
0.239
0.281
0.303
0.298
0.297
0.264
0.282
0.285
0.314
0.322
0.301
0.317
0.265
0.333
0.308
0.320
0.312
0.310
0.303
0.280
0.290
0.297
0.252
0.236
0.250
0.293
0.311
0.319
0.316
0.316
0.298
0.306
0.298
0.304
0.287
0.259
0.304
0.284
0.277
0.273
0.264
0.293
0.284
0.301
0.310
0.334
0.312
0.299
0.294
0.294
0.315
0.277
0.282
0.305
0.358
0.291
0.295
0.285
0.286
0.294
0.294
0.276
0.278
0.291
0.285
0.289
0.280
0.285
0.272
0.304
0.253
0.272
0.259
0.247
0.270
0.221
0.251
0.295
0.331
0.337
0.333
0.313
0.317
0.315
0.315
0.327
0.335
0.286
0.286
0.292
0.278
0.294
0.263
0.263
0.313
0.286
0.305
0.305
0.286
0.305
0.305
0.303
0.275
0.286
0.298
0.306
0.312
0.274
0.293
0.301
0.280
0.300
0.302
0.270
0.306
0.285
0.279
0.267
0.297
0.288
0.279
0.255
0.287
0.264
0.291
0.278
0.279
0.276
0.260
0.283
0.286
0.268
0.232
0.232
0.338
0.318
0.324
0.339
0.312
0.317
0.320
0.329
0.309
0.292
0.250
0.286
0.244
0.308
0.308
0.304
0.273
0.273
0.282
0.289
0.246
0.258
0.266
0.353
0.237
0.290
0.308
0.302
0.293
0.319
0.301
0.279
0.283
0.290
0.266
0.316
0.303
0.278
0.286
0.278
0.284
0.283
0.271
0.256
0.256
0.255
0.260
0.318
0.304
0.290
0.270
0.294
0.263
0.286
0.296
0.308
0.335
0.323
0.327
0.329
0.321
0.330
0.331
0.306
0.312
0.298
0.294
0.294
0.310
0.296
0.287
0.226
0.258
0.270
0.316
0.305
0.316
0.304
0.309
0.301
0.279
0.282
0.308
0.327
0.324
0.312
0.375
0.344
0.338
0.315
0.280
0.313
0.308
0.316
0.269
0.333
0.287
0.288
0.288
0.319
0.340
0.307
0.334
0.337
0.354
0.309
0.324
0.331
0.297
0.302
0.333
0.282
0.282
0.283
0.295
0.292
0.282
0.295
0.308
0.277
0.292
0.292
0.286
0.289
0.291
0.282
0.257
0.274
0.307
0.319
0.292
0.299
0.291
0.267
0.293
0.301
0.270
0.290
0.282
0.271
0.278
0.291
0.264
0.267
0.251
0.267
0.274
0.251
0.270
0.270
0.283
0.278
0.298
0.283
0.283
0.268
0.270
0.291
0.306
0.264
0.260
0.276
0.276
0.276
0.298
0.304
0.279
0.273
0.207
0.281
0.296
0.285
0.266
0.254
0.252
0.320
0.307
0.290
0.282
0.291
0.305
0.267
0.242
0.261
0.261
0.282
0.244
0.297
0.248
0.266
0.249
0.313
0.330
0.274
0.316
0.287
0.290
0.297
0.264
0.263
0.255
0.280
0.262
0.285
0.281
0.274
0.267
0.245
0.251
0.251
0.314
0.297
0.201
0.211
0.250
0.332
0.235
0.240
0.254
0.302
0.254
0.315
0.329
0.334
0.358
0.329
0.335
0.347
0.345
0.336
0.326
0.329
0.338
0.355
0.342
0.327
0.351
0.329
0.346
0.346
0.335
0.302
0.298
0.301
0.344
0.332
0.287
0.305
0.305
0.320
0.306
0.259
0.303
0.272
0.324
0.291
0.291
0.301
0.313
0.285
0.293
0.352
0.344
0.315
0.342
0.327
0.317
0.329
0.327
0.315
0.294
0.306
0.292
0.333
0.331
0.319
0.329
0.334
0.309
0.292
0.296
0.297
0.268
0.333
0.314
0.329
0.332
0.290
0.329
0.355
0.340
0.330
0.329
0.307
0.326
0.277
0.303
0.292
0.299
0.333
0.300
0.334
0.328
0.347
0.310
0.296
0.263
0.277
0.305
0.273
0.270
0.308
0.333
0.338
0.308
0.343
0.371
0.322
0.307
0.308
0.292
0.345
0.319
0.278
0.328
0.307
0.257
0.261
0.296
0.238
0.291
0.305
0.271
0.300
0.289
0.319
0.226
0.289
0.319
0.312
0.365
0.347
0.314
0.346
0.336
0.331
0.316
0.330
0.293
0.300
0.268
0.268
0.265
0.279
0.282
0.302
0.290
0.303
0.303
0.333
0.309
0.305
0.267
0.285
0.278
0.274
0.248
0.309
0.330
0.291
0.291
0.277
0.267
0.281
0.281
0.281
0.208
0.256
0.247
0.249
0.249
0.261
0.259
0.248
0.254
0.255
0.258
0.272
0.254
0.230
0.269
0.265
0.279
0.262
0.286
0.276
0.298
0.300
0.317
0.310
0.310
0.318
0.273
0.283
0.252
0.252
0.250
0.276
0.262
0.252
0.251
0.248
0.237
0.300
0.300
0.317
0.317
0.312
0.304
0.288
0.272
0.287
0.270
0.302
0.302
0.282
0.262
0.263
0.313
0.284
0.291
0.291
0.289
0.290
0.311
0.305
0.330
0.331
0.314
0.272
0.298
0.298
0.326
0.302
0.310
0.304
0.264
0.283
0.286
0.286
0.285
0.290
0.283
0.284
0.284
0.324
0.345
0.347
0.328
0.356
0.331
0.312
0.280
0.290
0.286
0.286
0.298
0.279
0.276
0.286
0.327
0.332
0.343
0.321
0.342
0.289
0.271
0.294
0.282
0.284
0.292
0.299
0.289
0.291
0.275
0.298
0.288
0.276
0.296
0.299
0.316
0.351
0.343
0.280
0.306
0.288
0.261
0.318
0.318
0.241
0.293
0.279
0.265
0.298
0.298
0.284
0.287
0.275
0.258
0.287
0.262
0.281
0.277
0.270
0.273
0.269
0.243
0.291
0.263
0.251
0.274
0.249
0.223
0.247
0.286
0.254
0.254
0.259
0.258
0.251
0.240
0.240
0.230
0.226
* 0.271
0.278
0.213
0.229
0.254
0.215
0.281
0.309
0.263
0.255
0.270
0.274
0.244
0.263
0.277
0.210
0.245
0.227
0.260
0.254
0.243
0.250
0.238
0.221
0.227
0.226
* 0.251
0.224
0.236
0.263
0.267
0.281
0.257
0.247
0.239
0.248
0.230
0.259
0.220
0.247
0.223
0.250
0.239
0.235
0.247
0.255
0.285
0.281
0.232
0.297
0.297
0.294
0.274
0.275
0.263
0.273
0.284
0.243
0.259
0.255
0.252
0.271
0.269
0.206
0.195
0.218
* 0.247
0.236
0.203
0.237
0.224
0.215
0.223
0.239
0.195
0.177
0.200
* 0.253
0.226
0.228
0.247
0.247
0.243
0.245
0.289
0.248
0.239
0.244
0.233
0.252
0.223
0.246
0.228
0.231
0.232
0.222
0.227
0.230
0.232
0.226
0.213
0.216
* 0.249
0.290
0.288
0.261
0.301
0.311
0.294
0.284
0.288
0.283
0.290
0.208
0.235
0.288
0.263
0.296
0.271
0.267
0.267
0.229
0.268
0.251
0.261
0.254
0.240
0.258
0.250
0.250
0.269
0.262
0.290
0.274
0.296
0.254
0.268
0.287
0.281
0.319
0.324
0.280
0.207
0.281
0.288
0.267
0.240
0.244
0.261
0.281
0.251
0.240
0.243
0.265
0.246
0.275
0.294
0.293
0.275
0.272
0.288
0.284
0.282
0.254
0.282
0.290
0.287
0.281
0.279
0.275
0.300
0.275
0.278
0.296
0.308
0.292
0.271
0.236
0.274
0.277
0.268
0.251
0.243
0.266
0.232
0.279
0.251
0.301
0.301
0.316
0.270
0.282
0.271
0.258
0.251
0.254
0.235
0.252
0.234
0.243
0.263
0.231
0.231
0.239
0.219
* 0.251
0.243
0.243
0.227
0.251
0.259
0.213
0.281
0.256
0.290
0.251
0.278
0.278
0.306
0.273
0.278
0.285
0.270
0.277
0.283
0.270
0.275
0.287
0.302
0.297
0.270
0.270
0.299
0.266
0.305
0.282
0.296
0.271
0.274
0.296
0.306
0.276
0.290
0.288
0.282
0.294
0.294
0.322
0.301
0.293
0.296
0.258
0.274
0.248
0.266
0.274
0.258
0.251
0.262
0.247
0.274
0.262
0.286
0.270
0.258
0.259
0.286
0.262
0.255
0.251
0.263
0.262
0.274
0.255
0.263
0.286
0.285
0.282
0.279
0.293
0.294
0.278
0.278
0.301
0.278
0.278
0.262
0.293
0.272
0.266
0.267
0.266
0.227
0.263
0.252
0.250
0.262
0.268
0.275
0.250
0.241
0.303
0.316
0.295
0.251
0.255
0.267
0.263
0.266
0.262
0.235
0.248
0.232
0.239
0.279
0.267
0.255
0.300
0.235
0.274
0.258
0.255
0.232
0.248
0.231
0.260
0.247
0.227
0.251
0.228
0.232
0.295
0.274
0.255
0.243
0.226
0.211
0.247
0.274
0.214
0.235
0.236
* 0.267
0.264
0.290
0.255
0.309
0.321
0.329
0.286
0.284
0.283
0.260
0.246
0.282
0.319
0.342
0.320
0.269
0.271
0.309
0.367
0.292
0.296
0.313
0.324
0.318
0.289
0.237
0.228
0.274
0.284
0.294
0.260
0.285
0.271
0.274
0.284
0.296
0.317
0.315
0.272
0.285
0.324
0.310
0.308
0.309
0.315
0.307
0.308
0.253
0.284
0.309
0.291
0.272
0.268
0.271
0.248
0.254
0.297
0.307
0.262
0.286
0.333
0.328
0.331
0.344
0.341
0.332
0.341
0.302
0.334
0.327
0.342
0.340
0.332
0.342
0.284
0.309
0.295
0.319
0.319
0.309
0.299
0.304
0.272
0.268
0.293
0.252
0.275
0.293
0.252
0.277
0.261
0.278
0.255
0.262
0.263
0.256
0.271
0.280
0.315
0.311
0.269
0.254
0.270
0.303
0.318
0.294
0.287
0.290
0.305
0.301
0.269
0.270
0.274
0.247
0.261
0.269
0.248
0.240
0.258
0.240
0.243
0.288
0.269
0.277
0.291
0.275
0.236
0.244
0.275
0.271
0.258
0.295
0.265
0.249
0.221
0.225
0.303
0.282
0.310
0.308
0.294
0.328
0.292
0.325
0.352
0.307
0.311
0.313
0.342
0.336
0.346
0.343
0.316
0.330
0.327
0.351
0.340
0.324
0.310
0.305
0.279
0.274
0.255
0.300
0.273
0.295
0.303
0.298
0.282
0.273
0.253
0.254
0.316
0.299
0.305
0.282
0.276
0.271
0.282
0.263
0.289
0.256
0.271
0.315
0.273
0.282
0.279
0.262
0.271
0.268
0.269
0.313
0.286
0.296
0.300
0.297
0.299
0.261
0.233
0.269
0.273
0.282
0.316
0.331
0.321
0.322
0.313
0.313
0.314
0.316
0.304
0.294
0.233
0.253
0.286
0.274
0.228
0.241
0.270
0.268
0.264
0.275
0.279
0.264
0.270
0.294
0.263
0.256
0.273
0.267
0.273
0.282
0.289
0.297
0.275
0.275
0.257
0.254
0.267
0.268
0.296
0.285
0.275
0.278
0.287
0.310
0.263
0.285
0.281
0.269
0.322
0.326
0.323
0.306
0.314
0.305
0.290
0.216
0.268
0.263
0.255
0.255
0.243
0.273
0.313
0.248
0.275
0.261
0.243
0.247
0.292
0.258
0.261
0.297
0.246
0.343
0.296
0.300
0.321
0.305
0.316
0.316
0.324
0.302
0.340
0.336
0.274
0.257
0.275
0.273
0.273
0.287
0.279
0.286
0.257
0.284
0.287
0.288
0.276
0.286
0.259
0.258
0.250
0.276
0.262
0.274
0.258
0.248
0.323
0.290
0.305
0.292
0.297
0.300
0.317
0.321
0.315
0.269
0.293
0.280
0.313
0.269
0.241
0.233
0.293
0.282
0.271
0.254
0.268
0.261
0.269
0.323
0.291
0.255
0.283
0.303
0.278
0.279
0.305
0.272
0.257
0.250
0.253
0.253
0.265
0.229
0.277
0.293
0.344
0.250
0.281
0.250
0.290
0.346
0.287
0.264
0.176
0.271
0.234
0.242
0.265
0.264
0.233
0.217
0.290
0.285
0.323
0.288
0.289
0.301
0.288
0.286
0.315
0.295
0.251
0.259
0.299
0.300
0.299
0.286
0.290
0.301
0.286
0.306
0.307
0.259
0.259
0.295
0.288
0.278
0.270
0.282
0.298
0.303
0.251
0.243
0.267
0.247
0.258
0.270
0.291
0.247
0.292
0.329
0.292
0.287
0.266
0.273
0.273
0.293
0.302
0.299
0.292
0.282
0.280
0.279
0.306
0.283
0.296
0.283
0.295
0.284
0.269
0.273
0.262
0.293
0.273
0.281
0.273
0.287
0.276
0.282
0.289
0.273
0.282
0.279
0.279
0.311
0.266
0.278
0.266
0.262
0.258
0.247
0.296
0.312
0.300
0.308
0.296
0.288
0.288
0.294
0.333
0.330
0.262
0.294
0.292
0.262
0.274
0.294
0.278
0.266
0.270
0.263
0.263
0.246
0.271
0.263
0.266
0.299
0.283
0.299
0.281
0.267
0.288
0.278
0.250
0.255
0.279
0.270
0.299
0.266
0.282
0.286
0.267
0.267
0.287
0.279
0.278
0.324
0.302
0.330
0.304
0.287
0.277
0.294
0.285
0.243
0.270
0.239
0.294
0.239
0.258
0.259
0.224
0.230
0.230
* 0.256
0.231
0.231
0.251
0.251
0.266
0.231
0.292
0.283
0.255
0.255
0.259
0.267
0.255
0.259
0.312
0.315
0.299
0.306
0.307
0.282
0.283
0.278
0.291
0.283
0.263
0.275
0.267
0.250
0.197
0.258
0.251
0.304
0.307
0.264
0.275
0.291
0.251
0.259
0.243
0.255
0.247
0.264
0.239
0.284
0.272
0.250
0.259
0.231
0.251
0.251
0.227
0.255
0.242
0.223
0.223
0.243
0.267
0.259
0.262
0.247
0.242
0.270
0.270
0.271
0.247
0.267
0.259
0.250
0.267
0.251
0.251
0.234
0.258
0.223
0.283
0.291
0.255
0.271
0.279
0.264
0.263
0.234
0.270
0.259
0.258
0.255
0.223
0.255
0.251
0.251
0.251
0.251
0.263
0.256
0.255
0.270
0.200
0.223
0.247
0.223
0.281
0.291
0.268
0.259
0.224
0.267
0.229
0.219
0.227
0.227
0.219
0.236
0.226
* 0.242
0.234
0.238
0.247
0.222
0.302
0.287
0.305
0.293
0.302
0.281
0.265
0.230
0.228
0.247
0.239
0.242
0.250
0.236
0.267
0.246
0.235
0.253
0.247
0.263
0.274
0.271
0.291
0.275
0.259
0.263
0.269
0.243
0.266
0.240
0.242
0.230
0.250
0.240
0.218
0.209
0.207
0.216
0.211
0.215
0.191
0.207
0.186
0.196
0.190
0.218
0.212
0.228
0.235
0.217
0.226
0.188
0.210
* 0.256
0.255
0.238
0.245
0.255
0.255
0.293
0.214
0.219
0.272
0.215
0.259
0.259
0.286
0.290
0.266
0.248
0.255
0.304
0.279
0.270
0.278
0.274
0.270
0.286
0.304
0.289
0.290
0.316
0.302
0.282
0.287
0.279
0.303
0.288
0.303
0.296
0.295
0.285
0.266
0.293
0.281
0.306
0.285
0.297
0.293
0.316
0.301
0.301
0.293
0.277
0.288
0.289
0.281
0.309
0.296
0.319
0.298
0.303
0.280
0.286
0.285
0.289
0.298
0.289
0.292
0.307
0.293
0.293
0.301
0.293
0.301
0.314
0.309
0.293
0.262
0.276
0.261
0.258
0.275
0.302
0.318
0.314
0.291
0.286
0.301
0.271
0.309
0.287
0.266
0.280
0.307
0.309
0.276
0.295
0.292
0.271
0.282
0.273
0.273
0.256
0.252
0.253
0.255
0.260
0.260
0.284
0.293
0.290
0.254
0.259
0.254
0.282
0.284
0.272
0.262
0.286
0.287
0.283
0.282
0.274
0.264
0.293
0.298
0.263
0.289
0.295
0.255
0.286
0.279
0.275
0.266
0.287
0.259
0.282
0.284
0.283
0.239
0.280
0.271
0.287
0.289
0.250
0.273
0.275
0.264
0.238
0.259
0.271
0.269
0.260
0.247
0.273
0.238
0.255
0.243
0.247
0.240
0.242
0.221
0.246
0.240
0.226
0.246
0.230
0.234
0.227
* 0.255
0.264
0.250
0.246
0.234
0.263
0.256
0.251
0.285
0.257
0.230
0.226
0.238
* 0.259
0.255
0.237
0.224
0.242
0.256
0.211
0.246
0.229
0.211
0.216
0.179
0.176
0.174
0.164
0.173
0.168
0.174
0.177
0.170
0.190
0.191
0.182
0.224
* 0.246
0.259
0.247
0.220
0.198
0.199
0.209
0.222
0.204
0.195
0.222
0.198
0.200
0.205
0.196
0.191
0.226
0.230
0.230
* 0.243
0.239
0.212
0.220
0.210
0.229
0.231
0.217
* 0.264
0.262
0.264
0.245
0.282
0.246
0.254
0.278
0.270
0.262
0.284
0.293
0.304
0.275
0.280
0.276
0.280
0.280
0.187
0.258
0.218
0.228
0.243
0.239
0.243
0.251
0.251
0.276
0.266
0.225
0.195
0.262
0.180
0.237
0.243
0.232
0.193
0.243
0.254
0.246
0.281
0.279
0.315
0.244
0.281
0.227
0.266
0.259
0.248
0.223
0.255
0.259
0.270
0.286
0.287
0.282
0.295
0.294
0.298
0.285
0.274
0.262
0.283
0.262
0.278
0.278
0.258
0.258
0.262
0.247
0.279
0.274
0.262
0.279
0.279
0.263
0.247
0.291
0.279
0.265
0.274
0.251
0.232
0.281
0.239
0.284
0.307
0.298
0.254
0.297
0.266
0.275
0.314
0.306
0.255
0.247
0.223
0.238
0.260
0.275
0.305
0.258
0.251
0.246
0.260
0.259
0.291
0.255
0.267
0.277
0.284
0.261
0.264
0.276
0.284
0.264
0.268
0.260
0.259
0.256
0.248
0.263
0.226
0.242
0.264
0.277
0.294
0.308
0.281
0.276
0.236
0.230
0.267
0.309
0.306
0.276
0.279
0.284
0.295
0.279
0.288
0.267
0.277
0.309
0.283
0.296
0.276
0.277
0.290
0.278
0.312
0.312
0.264
0.265
0.234
0.264
0.264
0.277
0.295
0.295
0.277
0.304
0.294
0.260
0.268
0.284
0.281
0.304
0.269
0.274
0.293
0.293
0.299
0.295
0.264
0.251
0.251
0.277
0.290
0.281
0.278
0.288
0.278
0.267
0.278
0.264
0.295
0.301
0.277
0.227
0.243
0.272
0.264
0.263
0.268
0.286
0.289
0.291
0.301
0.289
0.301
0.272
0.263
0.255
0.268
0.300
0.272
0.293
0.268
0.277
0.276
0.238
0.277
0.268
0.268
0.273
0.256
0.273
0.212
0.283
0.276
0.273
0.247
0.224
0.269
0.280
0.256
0.274
0.260
0.260
0.227
0.225
0.237
* 0.250
0.225
0.256
0.242
0.247
0.228
0.234
0.234
0.200
0.201
* 0.251
0.255
0.270
0.283
0.264
0.256
0.255
0.242
0.273
0.269
0.211
0.246
0.286
0.257
0.257
0.286
0.267
0.270
0.263
0.311
0.287
0.292
0.332
0.266
0.274
0.298
0.309
0.231
0.231
0.273
0.290
0.287
0.302
0.264
0.292
0.272
0.307
0.286
0.295
0.298
0.268
0.255
0.271
0.279
0.273
0.220
0.236
0.233
0.212
* 0.264
0.223
0.259
0.287
0.274
0.227
0.204
0.225
* 0.279
0.311
0.241
0.297
0.289
0.283
0.301
0.202
0.290
0.300
0.278
0.286
0.271
0.285
0.255
0.255
0.254
0.254
0.336
0.290
0.259
0.265
0.235
0.257
0.254
0.276
0.226
0.223
0.276
0.323
0.276
0.273
0.282
0.293
0.307
0.307
0.282
0.236
0.266
0.232
0.239
0.207
* 0.289
0.305
0.255
0.261
0.281
0.308
0.325
0.323
0.321
0.313
0.287
0.293
0.300
0.309
0.282
0.289
0.268
0.278
0.287
0.259
0.205
0.259
0.214
0.334
0.316
0.313
0.287
0.262
0.316
0.240
0.236
0.247
0.272
0.255
0.243
0.267
0.296
0.301
0.297
0.287
0.294
0.274
0.259
0.277
0.293
0.287
0.326
0.318
0.319
0.283
0.268
0.267
0.238
0.231
0.254
0.278
0.267
0.279
0.255
0.289
0.266
0.296
0.232
0.246
0.243
0.258
0.309
0.274
0.286
0.297
0.254
0.279
0.291
0.268
0.280
0.251
0.303
0.305
0.254
0.261
0.331
0.326
0.291
0.335
0.292
0.313
0.298
0.311
0.311
0.291
0.316
0.282
0.267
0.323
0.339
0.334
0.302
0.340
0.312
0.302
0.329
0.298
0.277
0.294
0.287
0.303
0.311
0.246
0.277
0.282
0.266
0.296
0.304
0.313
0.272
0.292
0.264
0.250
0.258
0.232
0.251
0.210
0.257
0.353
0.272
0.327
0.324
0.337
0.327
0.220
0.303
0.316
0.233
0.261
0.250
0.265
0.297
0.270
0.280
0.257
0.236
0.236
0.315
0.262
0.265
0.295
0.286
0.304
0.288
0.303
0.320
0.331
0.300
0.310
0.305
0.304
0.263
0.205
0.239
0.261
0.319
0.268
0.273
0.288
0.292
0.281
0.274
0.273
0.308
0.290
0.328
0.329
0.316
0.327
0.331
0.298
0.244
0.252
0.215
0.254
0.262
0.276
0.284
0.285
0.303
0.325
0.275
0.291
0.185
0.264
0.274
0.260
0.273
0.243
0.259
0.243
0.259
0.264
0.275
0.275
0.266
0.269
0.265
0.287
0.299
0.280
0.307
0.306
0.275
0.278
0.274
0.301
0.252
0.267
0.276
0.256
0.285
0.292
0.285
0.306
0.288
0.301
0.293
0.293
0.296
0.271
0.243
0.272
0.272
0.254
0.281
0.279
0.294
0.314
0.322
0.324
0.355
0.273
0.235
0.303
0.302
0.303
0.257
0.292
0.263
0.168
0.233
0.251
0.268
0.268
0.236
0.267
0.242
0.175
0.199
0.239
* 0.263
0.258
0.257
0.255
0.262
0.271
0.251
0.262
0.184
0.158
0.158
0.222
* 0.259
0.279
0.283
0.283
0.282
0.282
0.223
0.197
0.243
0.275
0.275
0.271
0.294
0.268
0.259
0.250
0.267
0.275
0.260
0.260
0.285
0.263
0.216
0.164
0.240
* 0.282
0.282
0.256
0.266
0.266
0.271
0.260
0.202
0.221
0.255
0.262
0.276
0.282
0.270
0.270
0.275
0.265
0.245
0.219
0.207
0.261
0.270
0.247
0.254
0.275
0.233
0.237
0.237
0.200
* 0.272
0.272
0.273
0.284
0.271
0.271
0.191
0.191
0.245
0.255
0.269
0.269
0.248
0.231
0.251
0.251
0.215
0.215
0.205
0.171
0.199
0.199
